,age,workclass,fnlwgt,education-num,marital-status,relationship,race,sex,capital-gain,capital-loss,hours-per-week,income
33132,44,Private,174373,12,Married-civ-spouse,Husband,White,Male,0,0,67,0
33133,44,Private,174373,12,Married-civ-spouse,Husband,White,Male,0,3521,14,0
33134,70,Private,187891,7,Never-married,Husband,White,Male,0,3636,40,0
33135,28,Private,187891,7,Married-civ-spouse,Husband,White,Male,42322,0,40,1
33136,35,Private,53611,8,Never-married,Own-child,White,Female,20867,0,6,1
33137,17,Private,53611,8,Never-married,Own-child,White,Female,38810,2854,6,1
33138,23,State-gov,291494,16,Married-civ-spouse,Husband,White,Female,0,0,50,0
33139,33,Local-gov,291494,11,Married-civ-spouse,Husband,White,Male,0,0,50,0
33140,62,Private,254534,10,Married-civ-spouse,Husband,Asian-Pac-Islander,Male,25460,0,40,1
33141,62,Self-emp-not-inc,254534,10,Married-civ-spouse,Husband,White,Male,30881,0,40,1
33142,34,Private,175878,10,Never-married,Not-in-family,White,Male,45282,0,40,1
33143,65,Private,175878,10,Never-married,Not-in-family,White,Male,0,3808,40,1
33144,23,Private,202284,13,Never-married,Own-child,White,Male,28283,0,20,1
33145,23,Private,202284,13,Divorced,Own-child,White,Male,20449,0,20,1
33146,24,Private,137591,10,Never-married,Own-child,White,Male,57192,0,58,1
33147,24,Private,137591,10,Never-married,Own-child,Amer-Indian-Eskimo,Male,80271,0,10,1
33148,31,Local-gov,295589,10,Never-married,Own-child,Black,Male,9192,0,40,1
33149,52,Local-gov,295589,10,Never-married,Own-child,Black,Male,31987,0,40,1
33150,53,Private,68684,7,Married-civ-spouse,Husband,White,Male,72618,0,40,1
33151,53,Private,68684,9,Married-civ-spouse,Own-child,White,Male,46582,0,40,1
33152,73,Private,159007,13,Divorced,Other-relative,White,Female,19863,0,12,1
33153,73,Private,159007,13,Divorced,Other-relative,White,Female,21043,713,12,1
33154,30,Private,200246,11,Never-married,Not-in-family,White,Male,54281,0,45,1
33155,30,Private,200246,2,Never-married,Not-in-family,White,Male,95103,0,40,1
33156,35,Private,283305,13,Never-married,Not-in-family,White,Female,60463,0,40,1
33157,35,Private,283305,13,Never-married,Not-in-family,White,Female,58946,394,40,1
33158,20,Private,471452,10,Never-married,Own-child,White,Male,78135,0,30,1
33159,20,Private,471452,10,Never-married,Own-child,Other,Male,81699,0,30,1
33160,52,Self-emp-not-inc,109600,14,Married-spouse-absent,Unmarried,Asian-Pac-Islander,Female,4787,0,44,0
33161,52,State-gov,109600,14,Married-spouse-absent,Unmarried,White,Male,4787,499,44,0
33162,53,Private,277772,9,Divorced,Unmarried,Black,Female,49427,0,40,1
33163,53,Private,277772,14,Divorced,Unmarried,Black,Female,39310,0,40,1
33164,35,Private,219902,9,Separated,Unmarried,Black,Female,89991,0,48,1
33165,35,Private,219902,9,Separated,Unmarried,Black,Female,15115,2262,48,1
33166,51,Private,231919,7,Married-civ-spouse,Husband,White,Female,81036,0,45,1
33167,51,Private,231919,7,Married-civ-spouse,Husband,White,Male,19068,0,45,1
33168,64,Private,183513,9,Never-married,Not-in-family,White,Female,7968,0,25,1
33169,64,Private,183513,9,Never-married,Not-in-family,White,Female,61810,0,25,1
33170,19,Private,112780,10,Never-married,Own-child,White,Female,76920,0,70,1
33171,19,Private,112780,11,Never-married,Own-child,White,Female,82836,0,20,1
33172,26,Private,142506,13,Separated,Unmarried,Black,Female,8252,0,35,1
33173,26,Private,142506,13,Never-married,Unmarried,Amer-Indian-Eskimo,Female,92512,0,35,1
33174,19,Private,201743,10,Never-married,Own-child,White,Female,42907,0,78,1
33175,19,Private,201743,10,Never-married,Own-child,White,Female,56416,0,26,1
33176,27,Private,188941,10,Married-civ-spouse,Husband,White,Male,57930,0,40,1
33177,27,Private,188941,10,Married-civ-spouse,Husband,White,Male,15517,0,40,1
33178,60,Private,225883,10,Widowed,Unmarried,White,Female,27507,0,27,1
33179,60,Private,225883,10,Widowed,Unmarried,White,Female,0,3614,27,0
33180,59,Local-gov,125268,13,Never-married,Unmarried,Black,Female,31518,0,40,1
33181,41,Local-gov,125268,13,Never-married,Unmarried,Black,Female,81439,0,40,1
33182,24,Private,109307,9,Never-married,Own-child,White,Male,54431,0,45,1
33183,24,Private,109307,9,Never-married,Own-child,White,Male,92317,0,45,1
33184,34,Private,236543,10,Never-married,Not-in-family,White,Male,13048,1590,40,1
33185,34,Private,236543,10,Never-married,Not-in-family,White,Male,10846,2121,40,1
33186,19,Self-emp-inc,303652,9,Never-married,Unmarried,White,Female,70178,0,30,1
33187,19,Private,303652,9,Never-married,Unmarried,White,Female,89917,0,30,1
33188,48,Private,158685,9,Separated,Not-in-family,White,Female,29160,0,16,1
33189,48,Private,158685,9,Widowed,Not-in-family,White,Female,70771,0,16,1
33190,39,Private,328466,7,Married-civ-spouse,Husband,White,Male,31265,0,70,1
33191,39,Private,328466,7,Married-civ-spouse,Husband,White,Male,92617,0,34,1
33192,48,Local-gov,85341,13,Married-civ-spouse,Husband,White,Male,0,3190,45,1
33193,48,Local-gov,85341,13,Married-civ-spouse,Husband,White,Male,7698,0,45,1
33194,63,State-gov,33474,13,Married-civ-spouse,Husband,White,Male,0,0,50,1
33195,41,State-gov,33474,7,Married-civ-spouse,Husband,White,Male,11079,0,50,1
33196,29,Private,77322,9,Never-married,Husband,White,Female,20818,0,32,1
33197,29,Private,77322,9,Never-married,Not-in-family,White,Female,71025,0,32,1
33198,28,Private,192591,13,Never-married,Not-in-family,White,Female,42962,0,45,1
33199,28,Private,192591,13,Never-married,Not-in-family,White,Female,80474,0,49,1
33200,63,Private,163809,10,Widowed,Not-in-family,White,Female,9029,0,20,1
33201,63,Private,163809,10,Married-spouse-absent,Not-in-family,White,Female,71286,0,20,1
33202,33,Private,243674,9,Separated,Not-in-family,White,Male,0,2950,46,1
33203,54,Private,243674,9,Separated,Not-in-family,White,Male,70607,0,46,1
33204,47,Local-gov,183486,2,Married-civ-spouse,Other-relative,White,Female,0,0,50,0
33205,22,Local-gov,183486,13,Married-civ-spouse,Wife,White,Female,0,0,50,0
33206,23,State-gov,238917,3,Never-married,Other-relative,White,Male,57039,0,40,0
33207,39,Private,238917,3,Never-married,Other-relative,White,Male,12109,0,40,1
33208,29,Private,206351,6,Married-civ-spouse,Husband,White,Male,54445,0,40,1
33209,29,Private,206351,6,Married-civ-spouse,Husband,White,Male,60033,906,40,1
33210,31,Private,101266,9,Married-civ-spouse,Husband,White,Male,0,0,57,1
33211,31,Self-emp-not-inc,101266,12,Married-civ-spouse,Husband,White,Male,81101,0,40,1
33212,77,Private,195284,16,Divorced,Not-in-family,White,Female,0,0,60,0
33213,84,Private,195284,11,Divorced,Not-in-family,White,Female,0,0,60,0
33214,63,Private,287277,9,Widowed,Not-in-family,White,Male,97460,0,40,1
33215,63,Private,287277,9,Divorced,Not-in-family,White,Male,66448,1782,40,1
33216,36,Local-gov,101833,13,Separated,Not-in-family,White,Male,0,2456,52,1
33217,36,Local-gov,101833,13,Separated,Not-in-family,White,Male,90511,0,40,1
33218,37,Federal-gov,31670,13,Married-civ-spouse,Husband,White,Male,48288,0,40,1
33219,37,Federal-gov,31670,13,Divorced,Husband,White,Male,68723,0,40,1
33220,46,Private,32825,9,Married-civ-spouse,Husband,White,Male,37398,0,60,1
33221,46,Private,32825,9,Married-civ-spouse,Husband,White,Male,0,1988,36,1
33222,27,Private,332187,13,Married-civ-spouse,Not-in-family,White,Female,59112,0,65,1
33223,27,Private,332187,13,Never-married,Not-in-family,White,Male,77112,0,65,1
33224,41,Private,287037,10,Never-married,Not-in-family,White,Male,7575,0,40,0
33225,41,Private,287037,10,Divorced,Not-in-family,White,Male,60755,0,40,1
33226,21,Private,180690,9,Never-married,Own-child,Other,Male,58883,0,40,1
33227,21,Private,180690,9,Never-married,Own-child,White,Male,59782,0,40,1
33228,53,Private,85423,9,Married-civ-spouse,Husband,White,Male,0,0,38,0
33229,53,Private,85423,10,Married-civ-spouse,Husband,White,Male,0,0,67,0
33230,36,State-gov,41624,6,Married-civ-spouse,Husband,White,Male,20807,0,70,1
33231,36,Private,41624,6,Married-civ-spouse,Husband,White,Male,25919,0,70,1
33232,37,Private,190297,9,Married-civ-spouse,Husband,Amer-Indian-Eskimo,Male,0,0,45,0
33233,29,Private,190297,13,Married-civ-spouse,Husband,White,Male,0,0,55,0
33234,72,Private,55465,9,Never-married,Own-child,White,Male,99265,0,35,1
33235,32,Private,55465,9,Never-married,Own-child,White,Male,70326,0,35,1
33236,44,Local-gov,212665,10,Married-civ-spouse,Husband,Black,Male,72220,0,99,1
33237,44,Federal-gov,212665,10,Married-civ-spouse,Husband,Black,Male,67510,0,99,1
33238,73,Private,26248,4,Married-civ-spouse,Husband,White,Male,0,1306,30,0
33239,73,Private,26248,4,Married-civ-spouse,Husband,White,Male,0,0,13,0
33240,49,Private,119182,9,Separated,Not-in-family,Black,Male,82041,0,35,1
33241,49,Private,119182,9,Married-spouse-absent,Not-in-family,Black,Female,99579,0,35,1
33242,44,Private,222703,4,Married-civ-spouse,Unmarried,Other,Male,56438,0,40,1
33243,44,Private,222703,4,Married-civ-spouse,Husband,Other,Male,48102,0,39,1
33244,21,Private,221480,10,Never-married,Own-child,White,Female,43707,0,25,1
33245,21,Private,221480,10,Never-married,Own-child,White,Female,68440,0,25,1
33246,36,Private,68089,9,Never-married,Unmarried,Amer-Indian-Eskimo,Female,40605,0,40,1
33247,36,Private,68089,9,Never-married,Husband,Amer-Indian-Eskimo,Female,9088,0,40,1
33248,57,Private,354739,11,Married-civ-spouse,Unmarried,Asian-Pac-Islander,Male,0,0,36,0
33249,38,Private,354739,11,Married-civ-spouse,Husband,Asian-Pac-Islander,Male,0,0,42,0
33250,24,Private,97676,10,Married-civ-spouse,Husband,White,Male,69004,0,40,1
33251,24,Private,97676,10,Married-civ-spouse,Own-child,White,Male,95590,0,40,1
33252,30,Private,232356,13,Never-married,Husband,Asian-Pac-Islander,Male,0,0,40,0
33253,30,Private,232356,4,Never-married,Husband,White,Male,0,0,40,0
33254,47,Private,185385,9,Married-civ-spouse,Husband,White,Male,31485,0,24,1
33255,47,Private,185385,9,Married-civ-spouse,Husband,White,Male,76486,141,24,1
33256,24,Private,174845,9,Divorced,Not-in-family,White,Female,44260,0,40,1
33257,24,Private,174845,9,Never-married,Not-in-family,White,Female,7976,0,40,1
33258,46,Private,117310,15,Widowed,Unmarried,White,Female,30470,0,40,1
33259,46,Self-emp-inc,117310,12,Widowed,Unmarried,White,Female,65465,0,40,1
33260,29,Self-emp-not-inc,185673,9,Married-civ-spouse,Husband,White,Male,0,0,50,0
33261,47,Self-emp-not-inc,185673,12,Married-civ-spouse,Husband,White,Male,2294,0,50,0
33262,83,Private,183511,9,Married-civ-spouse,Husband,White,Male,42964,0,40,1
33263,27,Private,183511,9,Divorced,Husband,White,Male,21567,0,40,1
33264,57,Private,62539,9,Divorced,Unmarried,White,Female,60063,1876,38,1
33265,57,Private,62539,9,Divorced,Husband,White,Female,72845,1876,38,1
33266,32,Private,240888,12,Divorced,Unmarried,White,Female,32953,0,40,1
33267,32,Private,240888,12,Divorced,Unmarried,White,Female,66303,2241,40,1
33268,60,Private,389254,9,Married-civ-spouse,Husband,White,Male,0,1998,40,0
33269,60,Private,389254,5,Married-civ-spouse,Husband,White,Male,0,0,38,0
33270,38,Self-emp-inc,269318,10,Never-married,Unmarried,White,Male,7298,0,40,0
33271,38,Self-emp-inc,269318,10,Widowed,Other-relative,White,Male,7298,0,40,0
33272,69,Self-emp-not-inc,69306,10,Married-civ-spouse,Wife,White,Female,34428,0,15,1
33273,69,Self-emp-not-inc,69306,10,Married-civ-spouse,Not-in-family,White,Female,50404,0,15,1
33274,29,Private,83517,5,Never-married,Not-in-family,White,Male,66701,0,40,1
33275,29,Private,83517,2,Never-married,Not-in-family,White,Male,92722,0,40,1
33276,26,Private,248057,9,Separated,Own-child,White,Male,25392,0,29,1
33277,26,Private,248057,9,Separated,Own-child,White,Male,97168,590,40,1
33278,72,Private,57852,6,Married-civ-spouse,Husband,White,Male,0,0,55,0
33279,83,Private,57852,7,Married-civ-spouse,Husband,White,Male,0,0,55,0
33280,38,Self-emp-not-inc,89202,10,Divorced,Not-in-family,White,Male,35382,0,40,1
33281,38,Self-emp-not-inc,89202,10,Divorced,Not-in-family,White,Female,48505,0,40,1
33282,48,State-gov,213140,10,Married-civ-spouse,Husband,White,Female,0,0,40,0
33283,67,Self-emp-inc,213140,10,Never-married,Husband,White,Male,0,0,40,0
33284,32,Private,107218,13,Never-married,Wife,Asian-Pac-Islander,Male,76034,0,40,1
33285,32,Private,107218,13,Married-spouse-absent,Not-in-family,Asian-Pac-Islander,Male,45854,0,40,1
33286,34,Private,398988,13,Never-married,Not-in-family,White,Male,55702,291,40,1
33287,34,Private,398988,13,Never-married,Not-in-family,White,Male,34237,0,52,1
33288,48,Private,322183,9,Married-civ-spouse,Not-in-family,White,Male,0,0,50,0
33289,48,Private,322183,9,Married-civ-spouse,Husband,White,Male,0,2168,35,0
33290,45,Private,306889,5,Divorced,Wife,White,Female,0,0,40,0
33291,45,Self-emp-not-inc,306889,13,Widowed,Wife,White,Female,0,0,40,0
33292,32,Private,53260,9,Divorced,Own-child,Other,Female,21982,0,28,1
33293,32,Private,53260,9,Divorced,Unmarried,Other,Female,62510,0,28,1
33294,31,Private,442429,9,Separated,Husband,White,Female,40415,0,40,1
33295,31,Private,442429,9,Separated,Unmarried,White,Female,41352,0,40,1
33296,27,Private,194690,5,Never-married,Own-child,White,Male,57312,0,50,1
33297,27,Private,194690,5,Never-married,Own-child,Amer-Indian-Eskimo,Male,90054,0,50,1
33298,27,Private,187450,13,Married-civ-spouse,Husband,White,Male,61729,0,99,1
33299,75,Private,187450,13,Separated,Husband,White,Male,0,0,50,1
33300,35,Self-emp-inc,340110,10,Married-civ-spouse,Own-child,Other,Male,0,0,50,0
33301,24,Self-emp-inc,340110,10,Never-married,Husband,White,Male,0,0,50,0
33302,24,Local-gov,115222,14,Never-married,Not-in-family,White,Male,307,0,40,0
33303,24,Local-gov,115222,14,Never-married,Not-in-family,White,Male,4758,0,40,0
33304,42,Local-gov,198422,10,Divorced,Own-child,White,Female,17444,0,40,1
33305,42,Private,198422,10,Divorced,Own-child,White,Female,14974,0,40,1
33306,59,Private,159048,16,Divorced,Not-in-family,White,Female,39701,0,40,1
33307,59,Private,159048,9,Divorced,Not-in-family,White,Female,84590,0,87,1
33308,23,Federal-gov,224954,10,Never-married,Own-child,White,Male,72807,0,25,1
33309,23,Private,224954,10,Never-married,Own-child,White,Male,98416,0,25,1
33310,38,Private,79619,13,Married-civ-spouse,Not-in-family,White,Male,0,0,27,0
33311,23,Private,79619,13,Married-civ-spouse,Husband,White,Male,0,0,42,0
33312,50,Private,40623,10,Divorced,Unmarried,White,Female,89382,0,40,1
33313,50,Private,40623,10,Divorced,Not-in-family,White,Female,87895,0,35,1
33314,32,Private,194740,10,Married-civ-spouse,Husband,Black,Male,53481,0,55,1
33315,32,Self-emp-inc,194740,10,Married-civ-spouse,Husband,White,Male,0,0,80,1
33316,28,Private,30070,13,Married-civ-spouse,Husband,White,Male,0,2040,50,1
33317,28,Private,30070,13,Married-civ-spouse,Husband,White,Male,0,1555,50,1
33318,46,Private,360096,13,Married-civ-spouse,Wife,White,Male,3811,0,60,0
33319,46,Private,360096,13,Married-civ-spouse,Husband,White,Male,5067,0,2,0
33320,86,Self-emp-not-inc,74334,14,Married-civ-spouse,Husband,Amer-Indian-Eskimo,Male,0,0,40,0
33321,82,Without-pay,74334,14,Married-civ-spouse,Husband,Amer-Indian-Eskimo,Male,0,0,40,0
33322,41,Private,206619,14,Divorced,Not-in-family,White,Female,66419,0,40,1
33323,41,Federal-gov,206619,9,Divorced,Not-in-family,White,Female,90294,0,40,1
33324,41,Private,194360,9,Never-married,Husband,White,Male,0,3014,40,0
33325,18,Private,194360,9,Married-civ-spouse,Husband,Black,Male,0,1887,40,0
33326,39,Private,30673,4,Divorced,Not-in-family,White,Male,0,0,50,0
33327,85,Private,30673,10,Divorced,Not-in-family,White,Female,0,0,50,0
33328,63,Private,205246,15,Married-civ-spouse,Husband,Black,Female,0,0,40,1
33329,63,Private,205246,9,Widowed,Husband,Black,Male,8028,0,40,1
33330,34,Private,275438,10,Married-spouse-absent,Husband,White,Male,5178,0,1,0
33331,34,Private,275438,10,Married-spouse-absent,Husband,White,Male,5178,0,4,0
33332,32,Private,86808,10,Never-married,Own-child,White,Female,54420,1985,38,1
33333,32,Private,86808,10,Never-married,Own-child,White,Female,80934,0,38,1
33334,45,Federal-gov,76008,5,Separated,Husband,White,Male,0,0,50,0
33335,45,Federal-gov,76008,4,Married-civ-spouse,Husband,Asian-Pac-Islander,Male,0,0,50,0
33336,42,Private,276218,13,Divorced,Unmarried,White,Female,0,2842,40,1
33337,46,Private,276218,13,Divorced,Unmarried,White,Female,23773,0,38,1
33338,25,Private,350850,4,Divorced,Husband,Black,Male,0,0,50,0
33339,25,Private,350850,4,Married-civ-spouse,Other-relative,Other,Male,0,0,50,0
33340,33,Private,319422,10,Married-civ-spouse,Husband,White,Male,80097,0,60,1
33341,33,Self-emp-inc,319422,12,Married-civ-spouse,Husband,White,Male,0,0,60,1
33342,40,Private,217120,6,Divorced,Not-in-family,White,Male,23915,0,50,1
33343,40,Private,217120,6,Divorced,Not-in-family,White,Male,19802,0,26,1
33344,31,Private,87418,11,Married-civ-spouse,Husband,Asian-Pac-Islander,Male,0,0,40,1
33345,31,Private,87418,11,Married-AF-spouse,Husband,White,Male,29369,0,40,1
33346,48,Self-emp-inc,216214,5,Married-civ-spouse,Husband,White,Male,3103,0,73,0
33347,48,Self-emp-inc,216214,10,Married-civ-spouse,Husband,White,Female,3103,0,23,0
33348,34,Private,176673,10,Never-married,Other-relative,Amer-Indian-Eskimo,Female,66330,0,35,1
33349,34,Private,176673,10,Never-married,Other-relative,Black,Female,32400,0,35,1
33350,38,Without-pay,164050,10,Married-civ-spouse,Not-in-family,Black,Male,0,0,40,0
33351,38,Private,164050,13,Married-civ-spouse,Husband,Black,Male,0,0,18,0
33352,21,Private,243842,9,Married-civ-spouse,Husband,White,Male,30435,0,40,1
33353,21,Private,243842,9,Married-civ-spouse,Husband,White,Male,80162,0,40,1
33354,29,Private,149324,10,Married-civ-spouse,Husband,White,Female,0,1485,1,0
33355,52,Private,149324,10,Married-civ-spouse,Not-in-family,White,Male,0,1485,40,0
33356,43,Self-emp-not-inc,210013,10,Never-married,Not-in-family,Other,Male,0,0,50,0
33357,43,Self-emp-inc,210013,10,Never-married,Own-child,White,Male,0,0,50,0
33358,21,Private,100462,11,Never-married,Own-child,White,Female,9030,0,60,1
33359,21,Private,100462,11,Never-married,Own-child,White,Female,17078,0,60,1
33360,48,Private,204990,5,Never-married,Unmarried,Black,Female,44053,0,33,1
33361,48,Private,204990,9,Never-married,Unmarried,Black,Female,97165,1941,33,1
33362,17,State-gov,180220,9,Married-civ-spouse,Husband,White,Male,55614,0,50,1
33363,36,State-gov,180220,9,Married-civ-spouse,Husband,Black,Male,0,0,67,1
33364,47,Private,239439,7,Married-civ-spouse,Wife,Black,Male,19898,0,40,1
33365,47,Private,239439,12,Married-civ-spouse,Wife,Black,Female,87496,0,40,1
33366,47,Federal-gov,119199,10,Divorced,Other-relative,White,Female,94211,0,40,1
33367,47,Federal-gov,119199,10,Never-married,Unmarried,White,Female,54171,0,40,1
33368,23,Federal-gov,244480,10,Never-married,Unmarried,White,Female,47342,0,15,1
33369,23,Federal-gov,244480,10,Never-married,Unmarried,White,Male,11653,0,15,1
33370,43,Self-emp-not-inc,355856,13,Married-civ-spouse,Husband,Asian-Pac-Islander,Male,0,1933,85,1
33371,43,Self-emp-not-inc,355856,13,Married-civ-spouse,Husband,Black,Male,0,3119,50,1
33372,47,State-gov,306473,15,Married-civ-spouse,Unmarried,White,Male,0,0,40,1
33373,47,State-gov,306473,12,Married-civ-spouse,Husband,White,Male,38041,2964,40,1
33374,55,Private,176012,5,Married-civ-spouse,Wife,White,Female,97189,0,23,1
33375,55,Private,176012,5,Married-civ-spouse,Wife,White,Female,91633,0,11,1
33376,51,Private,142912,6,Never-married,Own-child,White,Male,66015,0,40,1
33377,17,Private,142912,6,Never-married,Own-child,White,Male,91584,0,40,1
33378,64,Federal-gov,161926,12,Married-civ-spouse,Husband,White,Male,8792,0,8,1
33379,64,Self-emp-not-inc,161926,14,Married-civ-spouse,Husband,White,Male,0,0,8,1
33380,72,Self-emp-not-inc,207889,4,Married-civ-spouse,Husband,White,Male,21256,0,50,1
33381,72,Self-emp-not-inc,207889,4,Married-civ-spouse,Husband,White,Male,59444,0,50,1
33382,40,State-gov,67874,13,Never-married,Own-child,White,Male,0,1887,45,0
33383,40,State-gov,67874,13,Married-civ-spouse,Own-child,White,Male,0,1887,20,0
33384,45,State-gov,320818,10,Married-spouse-absent,Other-relative,Black,Male,66400,0,40,1
33385,45,State-gov,320818,10,Married-spouse-absent,Other-relative,Black,Male,86074,0,40,1
33386,26,Private,180246,10,Married-civ-spouse,Husband,White,Male,1713,0,51,0
33387,26,Private,180246,10,Married-civ-spouse,Husband,White,Male,485,0,40,0
33388,64,Private,237581,4,Married-civ-spouse,Husband,Amer-Indian-Eskimo,Male,0,3886,48,0
33389,22,Private,237581,4,Married-civ-spouse,Husband,White,Male,0,3396,48,0
33390,71,Private,116852,9,Married-civ-spouse,Wife,Asian-Pac-Islander,Female,0,0,36,0
33391,29,Private,116852,9,Married-civ-spouse,Wife,White,Male,0,0,36,0
33392,44,State-gov,144125,13,Married-spouse-absent,Not-in-family,White,Female,80915,0,40,1
33393,44,State-gov,144125,13,Divorced,Not-in-family,White,Female,60075,0,40,1
33394,45,State-gov,183710,9,Divorced,Not-in-family,White,Male,17498,0,48,1
33395,62,State-gov,183710,9,Divorced,Not-in-family,White,Male,0,2621,48,1
33396,39,Federal-gov,97934,13,Never-married,Husband,White,Male,5178,0,40,0
33397,51,Federal-gov,97934,13,Never-married,Husband,Amer-Indian-Eskimo,Male,5178,0,40,0
33398,18,Private,169823,15,Married-civ-spouse,Husband,Black,Male,0,0,46,0
33399,41,Private,169823,9,Married-civ-spouse,Husband,White,Male,0,239,46,0
33400,19,Private,184207,10,Never-married,Not-in-family,White,Male,70069,1332,40,1
33401,19,Private,184207,10,Never-married,Not-in-family,White,Male,36730,2339,40,1
33402,46,Private,38772,6,Never-married,Unmarried,White,Male,83992,0,50,1
33403,20,Private,38772,6,Never-married,Unmarried,White,Male,65367,0,50,1
33404,28,Self-emp-not-inc,188278,13,Married-civ-spouse,Other-relative,White,Male,0,3742,55,1
33405,28,Self-emp-not-inc,188278,13,Married-civ-spouse,Other-relative,White,Male,10422,0,55,1
33406,53,Private,228752,9,Married-AF-spouse,Not-in-family,Black,Female,46627,0,40,1
33407,53,Without-pay,228752,9,Separated,Not-in-family,Black,Female,70199,0,40,1
33408,22,Federal-gov,104443,10,Never-married,Own-child,White,Female,15653,0,20,1
33409,22,Federal-gov,104443,10,Never-married,Unmarried,White,Female,88201,0,20,1
33410,49,Self-emp-not-inc,99335,10,Married-AF-spouse,Husband,White,Male,0,1894,50,1
33411,49,Self-emp-not-inc,99335,10,Married-civ-spouse,Husband,White,Male,59530,2631,50,1
33412,61,Private,203561,11,Never-married,Husband,White,Male,0,0,56,0
33413,25,Private,203561,11,Married-spouse-absent,Husband,White,Male,0,1040,56,0
33414,57,Self-emp-not-inc,253267,3,Separated,Unmarried,White,Female,69131,0,35,1
33415,57,Self-emp-not-inc,253267,3,Separated,Other-relative,White,Female,81568,0,35,1
33416,32,Private,196125,3,Separated,Husband,White,Male,0,0,40,0
33417,32,Private,196125,9,Married-civ-spouse,Husband,White,Male,0,0,1,0
33418,57,Self-emp-not-inc,181435,7,Divorced,Unmarried,White,Female,16081,0,50,1
33419,57,Self-emp-not-inc,181435,7,Divorced,Unmarried,White,Male,4650,2693,50,1
33420,31,Private,198103,9,Never-married,Own-child,Other,Male,46689,0,40,1
33421,31,Private,198103,9,Never-married,Own-child,White,Male,86807,0,40,1
33422,49,Self-emp-inc,127111,9,Married-civ-spouse,Husband,White,Male,49229,0,50,1
33423,49,Self-emp-inc,127111,9,Separated,Husband,White,Male,16546,0,50,1
33424,33,Private,358753,7,Married-civ-spouse,Husband,White,Male,76624,0,40,1
33425,37,Private,358753,7,Married-civ-spouse,Husband,White,Male,74118,0,40,1
33426,42,Private,367260,9,Divorced,Not-in-family,White,Male,11637,0,80,1
33427,39,Private,367260,9,Divorced,Not-in-family,White,Male,87558,3306,80,1
33428,69,Local-gov,39581,15,Separated,Own-child,Black,Female,16117,0,40,1
33429,40,Local-gov,39581,15,Separated,Own-child,Black,Female,9260,0,14,1
33430,75,Self-emp-not-inc,31428,9,Married-civ-spouse,Husband,White,Male,76717,0,89,1
33431,75,Self-emp-not-inc,31428,9,Married-civ-spouse,Husband,White,Female,6503,0,40,1
33432,75,Private,311974,2,Never-married,Other-relative,White,Male,17018,0,40,1
33433,19,Private,311974,15,Never-married,Other-relative,White,Male,53570,0,40,1
33434,33,Private,200246,10,Married-spouse-absent,Not-in-family,White,Male,49628,0,40,1
33435,33,Private,200246,10,Married-spouse-absent,Not-in-family,White,Male,71981,2754,40,1
33436,35,Private,112264,9,Married-civ-spouse,Husband,White,Male,0,1989,50,1
33437,35,Private,112264,13,Married-civ-spouse,Husband,Amer-Indian-Eskimo,Male,0,0,50,1
33438,31,Self-emp-not-inc,171351,12,Married-civ-spouse,Husband,White,Male,19381,0,20,1
33439,43,Self-emp-not-inc,171351,12,Married-civ-spouse,Husband,White,Male,78924,0,20,1
33440,33,Private,192671,7,Never-married,Husband,White,Male,7298,0,40,0
33441,59,Private,192671,7,Married-civ-spouse,Husband,White,Male,572,0,40,0
33442,62,Private,81534,10,Divorced,Not-in-family,Asian-Pac-Islander,Male,0,0,40,0
33443,62,Private,81534,10,Married-AF-spouse,Wife,Asian-Pac-Islander,Male,0,0,40,0
33444,35,Federal-gov,190895,10,Married-civ-spouse,Husband,White,Male,31328,0,60,1
33445,35,Private,190895,13,Married-civ-spouse,Husband,Black,Male,0,0,60,1
33446,54,Self-emp-not-inc,118365,6,Married-spouse-absent,Not-in-family,Black,Female,59807,0,10,1
33447,54,Self-emp-not-inc,118365,6,Divorced,Not-in-family,Black,Male,80176,0,10,1
33448,43,Private,301007,14,Married-civ-spouse,Husband,White,Male,4567,0,50,0
33449,43,Local-gov,301007,14,Married-civ-spouse,Husband,White,Male,4717,0,50,0
33450,27,Self-emp-inc,190911,9,Never-married,Own-child,White,Male,88331,1365,45,1
33451,27,Self-emp-inc,190911,8,Never-married,Own-child,White,Male,41458,0,45,1
33452,62,Without-pay,113443,14,Divorced,Not-in-family,White,Female,2274,0,33,0
33453,62,Local-gov,113443,14,Divorced,Not-in-family,White,Female,1554,0,33,0
33454,23,Private,107882,13,Never-married,Own-child,White,Female,92656,2618,50,1
33455,23,Private,107882,13,Never-married,Own-child,White,Female,0,2996,50,1
33456,51,Private,237735,9,Married-civ-spouse,Husband,Other,Male,3103,0,3,0
33457,51,Private,237735,9,Divorced,Husband,Black,Male,3103,0,40,0
33458,17,Private,118792,7,Never-married,Own-child,Asian-Pac-Islander,Female,36993,0,9,1
33459,17,State-gov,118792,7,Never-married,Own-child,White,Female,45841,0,9,1
33460,36,State-gov,257691,13,Never-married,Not-in-family,White,Female,47664,0,20,1
33461,36,Private,257691,4,Never-married,Not-in-family,White,Female,23429,0,20,1
33462,26,Self-emp-not-inc,109457,6,Married-civ-spouse,Other-relative,White,Male,57882,0,48,1
33463,36,Private,109457,6,Married-civ-spouse,Other-relative,White,Male,77958,0,48,1
33464,36,Self-emp-inc,132879,10,Married-civ-spouse,Husband,White,Male,0,886,40,0
33465,90,Self-emp-inc,132879,1,Married-civ-spouse,Husband,White,Male,0,1887,40,0
33466,30,Private,19302,10,Married-civ-spouse,Husband,White,Male,4195,0,15,0
33467,30,Private,19302,10,Divorced,Not-in-family,White,Male,7688,0,40,0
33468,34,Private,70466,3,Divorced,Not-in-family,White,Male,23258,0,40,1
33469,34,Private,70466,11,Divorced,Not-in-family,White,Male,70103,0,40,1
33470,44,Self-emp-not-inc,174675,9,Married-civ-spouse,Wife,Other,Female,0,0,40,0
33471,90,Private,174675,9,Married-civ-spouse,Wife,White,Female,0,0,40,0
33472,39,Private,122032,13,Never-married,Not-in-family,White,Male,0,2911,40,1
33473,39,Self-emp-not-inc,122032,11,Never-married,Not-in-family,White,Male,53599,0,40,1
33474,48,State-gov,78529,14,Separated,Not-in-family,White,Male,55367,0,60,1
33475,48,State-gov,78529,14,Separated,Not-in-family,White,Male,37193,2026,60,1
33476,33,Private,37274,2,Married-civ-spouse,Husband,White,Male,81062,0,40,1
33477,33,Private,37274,1,Married-civ-spouse,Husband,White,Male,52795,0,40,1
33478,51,Federal-gov,163671,13,Married-civ-spouse,Husband,White,Male,59548,1902,40,1
33479,51,Federal-gov,163671,13,Married-civ-spouse,Husband,White,Male,91658,1902,40,1
33480,19,Federal-gov,119075,10,Never-married,Own-child,White,Male,20707,0,50,1
33481,50,Private,119075,10,Never-married,Own-child,White,Male,81071,0,50,1
33482,57,State-gov,250976,5,Married-civ-spouse,Husband,White,Male,41297,0,40,1
33483,46,State-gov,250976,9,Married-civ-spouse,Husband,White,Male,79824,0,40,1
33484,47,Private,216093,9,Married-civ-spouse,Husband,White,Male,3528,0,25,0
33485,47,Private,216093,9,Married-civ-spouse,Husband,White,Male,4893,0,39,0
33486,46,Private,266337,11,Divorced,Unmarried,White,Male,0,3087,40,1
33487,46,Private,266337,11,Divorced,Unmarried,White,Male,53232,0,64,1
33488,42,Private,192569,15,Divorced,Other-relative,White,Female,0,0,61,0
33489,34,Private,192569,15,Widowed,Not-in-family,White,Female,0,0,39,0
33490,39,Self-emp-inc,188069,6,Married-civ-spouse,Husband,White,Female,0,0,60,0
33491,39,Self-emp-inc,188069,11,Married-civ-spouse,Own-child,White,Male,0,0,91,0
33492,30,Private,432565,11,Married-civ-spouse,Wife,White,Female,0,0,30,0
33493,30,Private,432565,8,Married-civ-spouse,Other-relative,White,Female,0,0,40,0
33494,20,Private,162282,10,Never-married,Own-child,White,Male,96984,0,66,1
33495,20,Self-emp-not-inc,162282,10,Never-married,Own-child,White,Male,86985,0,60,1
33496,48,Private,121253,13,Married-spouse-absent,Unmarried,White,Female,0,588,70,0
33497,48,Private,121253,8,Married-spouse-absent,Husband,White,Female,0,2472,70,0
33498,37,Self-emp-not-inc,202683,9,Married-civ-spouse,Husband,White,Male,86252,0,40,1
33499,37,Self-emp-not-inc,202683,8,Married-civ-spouse,Husband,White,Male,53334,0,40,1
33500,22,Private,385077,9,Never-married,Own-child,White,Male,81036,0,25,1
33501,22,Private,385077,9,Never-married,Own-child,White,Male,41472,0,40,1
33502,29,Private,201022,8,Married-spouse-absent,Wife,White,Female,0,0,50,0
33503,29,Private,201022,2,Married-civ-spouse,Wife,White,Female,0,0,89,0
33504,34,Private,32528,11,Married-spouse-absent,Unmarried,White,Female,69338,974,40,1
33505,34,Private,32528,11,Married-spouse-absent,Unmarried,White,Female,13524,974,41,1
33506,47,Private,304133,13,Married-civ-spouse,Husband,White,Male,66424,0,45,1
33507,47,Private,304133,13,Married-civ-spouse,Husband,White,Male,66348,0,45,1
33508,42,Private,294720,7,Never-married,Own-child,White,Male,67498,0,12,1
33509,58,Private,294720,7,Never-married,Own-child,White,Male,33254,0,12,1
33510,32,Private,175856,10,Married-civ-spouse,Unmarried,White,Male,19846,0,40,1
33511,32,Private,175856,10,Married-civ-spouse,Husband,White,Male,0,0,89,1
33512,51,Private,158746,1,Married-civ-spouse,Husband,White,Male,0,1902,13,0
33513,51,Private,158746,13,Divorced,Other-relative,White,Male,0,1902,60,0
33514,61,Self-emp-inc,122246,8,Married-civ-spouse,Wife,White,Female,52273,0,40,1
33515,61,Private,122246,13,Divorced,Wife,White,Female,0,0,40,1
33516,57,State-gov,191779,10,Married-civ-spouse,Husband,White,Male,0,0,40,1
33517,37,State-gov,191779,10,Married-civ-spouse,Husband,White,Male,45763,0,40,1
33518,65,Private,162160,10,Married-civ-spouse,Husband,White,Male,0,2824,40,1
33519,32,Private,162160,10,Married-civ-spouse,Husband,White,Male,0,386,60,1
33520,37,Self-emp-not-inc,160402,13,Married-civ-spouse,Husband,White,Male,0,0,36,0
33521,49,Self-emp-not-inc,160402,13,Married-civ-spouse,Husband,White,Male,0,0,55,0
33522,52,Private,204322,11,Married-civ-spouse,Husband,Amer-Indian-Eskimo,Male,69739,0,40,1
33523,52,Private,204322,11,Married-civ-spouse,Husband,White,Male,87538,0,40,1
33524,39,Private,306504,15,Married-civ-spouse,Husband,Black,Male,0,0,40,1
33525,39,Private,306504,9,Married-civ-spouse,Husband,White,Male,0,1979,40,1
33526,18,Private,119655,8,Never-married,Own-child,White,Female,88621,0,12,1
33527,18,Private,119655,8,Never-married,Own-child,White,Female,25287,0,25,1
33528,43,Private,104660,13,Separated,Unmarried,White,Male,23236,0,45,1
33529,43,Private,104660,13,Separated,Husband,White,Male,0,0,85,1
33530,22,Private,396895,3,Married-civ-spouse,Husband,White,Female,50330,0,35,1
33531,22,Without-pay,396895,3,Married-civ-spouse,Husband,White,Male,34175,0,35,1
33532,34,Self-emp-inc,227282,10,Never-married,Not-in-family,White,Male,53463,0,40,1
33533,23,Private,227282,10,Never-married,Not-in-family,White,Male,27768,0,40,1
33534,31,Private,154227,10,Married-civ-spouse,Husband,White,Male,92049,2101,40,1
33535,31,Private,154227,2,Married-civ-spouse,Husband,White,Male,99967,0,40,1
33536,29,Self-emp-not-inc,103432,2,Never-married,Not-in-family,White,Male,0,3043,50,1
33537,29,Self-emp-not-inc,103432,9,Never-married,Husband,White,Male,96424,0,50,1
33538,27,Private,118598,9,Never-married,Unmarried,Black,Female,44152,0,35,1
33539,27,Private,118598,2,Never-married,Unmarried,Black,Female,15425,0,35,1
33540,19,Private,201178,9,Married-AF-spouse,Not-in-family,White,Female,28413,0,30,1
33541,19,Federal-gov,201178,9,Never-married,Not-in-family,White,Female,63554,0,30,1
33542,35,Private,226528,5,Married-spouse-absent,Not-in-family,Other,Male,0,3001,60,0
33543,35,Private,226528,12,Married-spouse-absent,Not-in-family,Black,Male,0,0,60,0
33544,51,Private,182944,9,Widowed,Unmarried,Black,Female,91010,0,40,1
33545,51,Private,182944,9,Widowed,Unmarried,Black,Female,20493,0,40,1
33546,56,State-gov,222745,16,Married-civ-spouse,Husband,White,Male,0,0,37,1
33547,56,State-gov,222745,16,Married-AF-spouse,Husband,White,Male,4486,0,56,1
33548,29,Local-gov,277323,9,Never-married,Unmarried,White,Male,47558,0,45,1
33549,29,Local-gov,277323,9,Never-married,Unmarried,White,Male,47406,0,45,1
33550,42,Private,71458,10,Married-civ-spouse,Husband,Black,Male,75667,0,50,1
33551,42,Self-emp-inc,71458,14,Married-civ-spouse,Husband,White,Male,0,0,50,1
33552,40,Private,83411,10,Married-civ-spouse,Husband,Amer-Indian-Eskimo,Male,77323,0,37,1
33553,40,Private,83411,10,Married-civ-spouse,Husband,White,Male,37361,0,37,1
33554,45,Self-emp-not-inc,172822,15,Married-civ-spouse,Husband,White,Male,21772,0,40,1
33555,45,Private,172822,9,Married-civ-spouse,Husband,White,Male,37577,0,40,1
33556,40,Private,160369,14,Married-civ-spouse,Husband,White,Male,0,1671,45,0
33557,40,Private,160369,7,Married-civ-spouse,Husband,Other,Male,0,2415,45,0
33558,30,Private,117963,13,Married-civ-spouse,Husband,Other,Female,0,0,40,0
33559,30,Private,117963,13,Married-civ-spouse,Husband,White,Female,0,1120,40,0
33560,87,Self-emp-not-inc,265266,15,Married-civ-spouse,Husband,Black,Male,0,0,40,0
33561,37,Self-emp-not-inc,265266,15,Separated,Other-relative,White,Male,0,0,40,0
33562,41,Local-gov,139126,3,Married-civ-spouse,Husband,White,Male,0,1902,40,0
33563,41,Private,139126,5,Married-civ-spouse,Husband,Amer-Indian-Eskimo,Male,0,1902,40,0
33564,56,Federal-gov,101847,8,Married-civ-spouse,Husband,White,Male,13468,0,40,1
33565,56,Federal-gov,101847,9,Married-civ-spouse,Husband,White,Male,96781,0,40,1
33566,25,Private,218136,10,Never-married,Not-in-family,Black,Male,59831,0,40,1
33567,25,Private,218136,10,Never-married,Not-in-family,Black,Male,0,2860,52,1
33568,42,Private,222884,3,Never-married,Not-in-family,White,Male,0,0,42,0
33569,42,Private,222884,15,Never-married,Wife,White,Male,0,0,55,0
33570,50,Private,196963,4,Divorced,Not-in-family,White,Female,20166,0,30,1
33571,50,Private,196963,4,Divorced,Not-in-family,White,Female,66466,0,30,1
33572,40,Self-emp-inc,231348,9,Married-civ-spouse,Husband,White,Male,32152,0,40,1
33573,40,Private,231348,9,Married-civ-spouse,Husband,White,Male,30739,0,14,1
33574,27,Private,386040,11,Married-civ-spouse,Husband,White,Male,51601,0,18,1
33575,27,Private,386040,11,Married-civ-spouse,Husband,White,Male,41953,2230,40,1
33576,59,Self-emp-inc,155259,12,Married-civ-spouse,Wife,White,Female,0,0,20,1
33577,59,Self-emp-inc,155259,10,Married-civ-spouse,Wife,Black,Female,38282,0,20,1
33578,37,Private,80303,4,Married-civ-spouse,Own-child,White,Male,0,0,40,0
33579,37,Private,80303,10,Married-civ-spouse,Husband,White,Male,0,2406,40,0
33580,27,Private,52028,13,Married-civ-spouse,Wife,Asian-Pac-Islander,Female,84280,0,40,1
33581,27,Private,52028,13,Married-civ-spouse,Wife,Asian-Pac-Islander,Female,0,0,45,1
33582,41,Private,151736,6,Never-married,Not-in-family,White,Male,98158,0,40,1
33583,41,Private,151736,6,Never-married,Not-in-family,White,Male,88365,0,40,1
33584,42,Private,154374,9,Married-civ-spouse,Husband,White,Male,0,2234,60,0
33585,42,Private,154374,13,Separated,Husband,White,Male,0,1123,60,0
33586,44,Self-emp-not-inc,174789,13,Married-civ-spouse,Husband,White,Male,0,0,14,0
33587,32,Self-emp-not-inc,174789,13,Married-civ-spouse,Other-relative,White,Male,0,0,90,0
33588,49,Private,250821,15,Never-married,Other-relative,White,Female,90151,0,48,1
33589,40,Private,250821,15,Never-married,Other-relative,White,Male,48098,0,48,1
33590,35,Private,32220,12,Never-married,Not-in-family,White,Female,89435,0,60,1
33591,35,Private,32220,12,Never-married,Not-in-family,White,Female,12379,0,60,1
33592,42,Private,342865,8,Married-civ-spouse,Husband,White,Male,58341,0,40,1
33593,42,Private,342865,9,Married-civ-spouse,Husband,White,Male,58078,0,40,1
33594,35,Private,48404,14,Never-married,Own-child,White,Female,84345,0,40,1
33595,35,Private,48404,9,Never-married,Own-child,White,Female,52478,0,40,1
33596,27,Private,206199,9,Never-married,Not-in-family,Black,Male,36549,0,40,1
33597,27,Private,206199,9,Never-married,Not-in-family,Asian-Pac-Islander,Male,97372,0,40,1
33598,43,Private,118308,13,Never-married,Husband,White,Male,0,1977,19,0
33599,43,Private,118308,6,Married-civ-spouse,Own-child,White,Male,0,1977,50,0
33600,62,Private,335997,9,Married-civ-spouse,Not-in-family,White,Male,4386,0,55,0
33601,51,Private,335997,9,Separated,Husband,White,Female,4386,0,55,0
33602,25,Private,230883,5,Divorced,Unmarried,White,Male,0,2824,48,0
33603,33,Private,230883,10,Divorced,Unmarried,White,Male,0,1876,48,0
33604,40,Private,180532,11,Married-civ-spouse,Husband,White,Male,0,0,40,1
33605,48,Self-emp-not-inc,180532,11,Married-civ-spouse,Husband,White,Male,82385,0,40,1
33606,31,Local-gov,46492,11,Never-married,Own-child,White,Male,92450,0,40,1
33607,31,State-gov,46492,11,Widowed,Own-child,White,Male,91214,0,40,1
33608,60,Local-gov,141637,14,Married-AF-spouse,Husband,White,Male,0,0,28,0
33609,60,Local-gov,141637,14,Married-civ-spouse,Other-relative,White,Male,0,0,40,0
33610,47,Federal-gov,99549,10,Divorced,Unmarried,Black,Female,52797,0,40,1
33611,47,Federal-gov,99549,10,Divorced,Unmarried,Black,Female,15946,2304,40,1
33612,23,Private,192835,13,Married-AF-spouse,Husband,White,Male,0,1977,55,0
33613,45,Private,192835,13,Never-married,Husband,White,Female,0,1977,55,0
33614,38,Private,67666,14,Never-married,Not-in-family,Black,Female,83060,0,38,1
33615,38,Private,67666,14,Married-AF-spouse,Wife,Black,Female,0,0,38,1
33616,30,Private,173647,15,Divorced,Not-in-family,White,Male,0,2653,40,1
33617,30,Private,173647,10,Divorced,Not-in-family,Black,Male,96340,0,40,1
33618,45,Private,203264,9,Divorced,Not-in-family,White,Female,44271,0,40,1
33619,45,Private,203264,9,Separated,Not-in-family,White,Female,32158,0,40,1
33620,26,Self-emp-not-inc,97521,13,Married-civ-spouse,Husband,White,Male,0,0,50,0
33621,30,Private,97521,8,Married-civ-spouse,Husband,Other,Male,0,0,50,0
33622,58,State-gov,200316,9,Married-spouse-absent,Husband,White,Male,35105,0,40,1
33623,58,State-gov,200316,9,Married-civ-spouse,Husband,White,Male,97869,0,40,1
33624,30,Private,176064,6,Divorced,Unmarried,White,Male,30182,0,55,1
33625,40,Private,176064,9,Divorced,Unmarried,White,Male,80245,0,55,1
33626,39,Private,215419,13,Never-married,Not-in-family,White,Female,0,3872,36,1
33627,39,State-gov,215419,13,Divorced,Not-in-family,White,Female,65039,0,36,1
33628,75,Private,314209,11,Widowed,Not-in-family,White,Female,92495,0,20,1
33629,42,Private,314209,11,Widowed,Not-in-family,White,Female,79336,0,20,1
33630,20,Private,217467,10,Never-married,Own-child,White,Male,22271,0,40,1
33631,20,Private,217467,10,Never-married,Own-child,White,Male,30750,2363,40,1
33632,67,Private,186427,13,Divorced,Husband,White,Male,37894,0,45,1
33633,67,Private,186427,13,Married-civ-spouse,Husband,White,Male,8027,0,45,1
33634,26,Private,91683,6,Married-civ-spouse,Other-relative,White,Male,83142,0,35,1
33635,26,Private,91683,6,Widowed,Husband,White,Male,83662,0,35,1
33636,51,Private,346871,13,Married-AF-spouse,Other-relative,White,Male,0,0,55,0
33637,51,Private,346871,13,Divorced,Husband,White,Male,0,0,26,0
33638,31,Self-emp-inc,221167,13,Widowed,Not-in-family,White,Female,95990,0,30,1
33639,31,Private,221167,13,Widowed,Not-in-family,White,Female,51280,0,30,1
33640,35,Private,267966,7,Divorced,Not-in-family,White,Male,14038,0,50,1
33641,35,Private,267966,7,Never-married,Not-in-family,White,Male,0,3400,50,1
33642,33,Private,99373,6,Divorced,Unmarried,White,Female,71815,0,40,1
33643,40,Private,99373,6,Married-spouse-absent,Unmarried,White,Female,32696,0,40,1
33644,57,Private,200453,9,Married-civ-spouse,Other-relative,White,Male,3251,0,40,0
33645,57,Private,200453,9,Married-civ-spouse,Husband,White,Male,485,0,40,0
33646,55,Private,66172,10,Separated,Not-in-family,White,Female,49470,0,40,1
33647,25,Private,66172,10,Separated,Not-in-family,White,Female,38246,0,40,1
33648,23,Private,117480,12,Never-married,Own-child,White,Male,78860,0,44,1
33649,23,Self-emp-inc,117480,6,Never-married,Own-child,White,Male,23851,0,44,1
33650,34,Self-emp-not-inc,198813,9,Never-married,Own-child,White,Male,63021,0,45,1
33651,34,Self-emp-not-inc,198813,9,Never-married,Own-child,White,Male,77585,0,45,1
33652,42,Local-gov,34037,16,Never-married,Not-in-family,White,Male,0,3045,50,1
33653,42,Private,34037,16,Never-married,Wife,White,Male,31658,0,50,1
33654,33,Private,341187,15,Married-civ-spouse,Unmarried,White,Male,0,0,50,0
33655,33,Without-pay,341187,13,Married-civ-spouse,Husband,White,Male,0,1669,50,0
33656,55,Private,205759,16,Never-married,Not-in-family,White,Male,42369,0,40,1
33657,55,Private,205759,16,Divorced,Not-in-family,White,Male,0,0,58,1
33658,30,Local-gov,370990,14,Never-married,Not-in-family,White,Female,18816,0,31,1
33659,30,Local-gov,370990,14,Never-married,Not-in-family,White,Female,40971,0,45,1
33660,75,Private,111939,2,Married-civ-spouse,Husband,White,Male,0,0,50,0
33661,51,Private,111939,12,Married-civ-spouse,Husband,Amer-Indian-Eskimo,Male,0,0,50,0
33662,46,Self-emp-not-inc,277946,12,Married-civ-spouse,Not-in-family,White,Male,56542,0,40,1
33663,46,Self-emp-not-inc,277946,12,Separated,Not-in-family,White,Female,91756,0,40,1
33664,51,Self-emp-not-inc,85902,6,Widowed,Other-relative,White,Female,20791,0,40,1
33665,51,Self-emp-not-inc,85902,6,Widowed,Other-relative,White,Male,26700,0,40,1
33666,18,Private,120283,8,Never-married,Own-child,White,Female,80949,0,24,1
33667,18,Private,120283,8,Never-married,Own-child,White,Female,9239,0,19,1
33668,36,Private,257942,9,Married-civ-spouse,Husband,White,Male,14987,70,40,1
33669,36,Private,257942,9,Married-civ-spouse,Husband,White,Male,69308,0,40,1
33670,49,Private,140782,4,Married-spouse-absent,Wife,White,Female,0,2415,3,0
33671,49,Private,140782,5,Married-civ-spouse,Wife,Black,Female,0,2415,3,0
33672,49,Self-emp-not-inc,79627,10,Married-civ-spouse,Husband,White,Male,30375,0,40,1
33673,49,Self-emp-not-inc,79627,10,Married-civ-spouse,Husband,White,Male,44656,0,40,1
33674,22,Private,34918,13,Never-married,Not-in-family,White,Female,95603,387,15,1
33675,22,Self-emp-not-inc,34918,13,Never-married,Not-in-family,White,Female,0,2912,15,0
33676,49,Private,50748,13,Widowed,Unmarried,White,Female,57015,0,35,1
33677,49,Federal-gov,50748,13,Widowed,Unmarried,White,Female,60136,0,35,1
33678,57,State-gov,68830,9,Divorced,Not-in-family,White,Female,39918,0,50,1
33679,57,State-gov,68830,9,Divorced,Not-in-family,White,Female,78250,0,50,1
33680,22,Private,86745,10,Never-married,Own-child,Asian-Pac-Islander,Female,51699,0,40,1
33681,22,Private,86745,10,Never-married,Own-child,Asian-Pac-Islander,Female,91462,0,40,1
33682,43,Self-emp-inc,233865,9,Married-civ-spouse,Not-in-family,White,Male,0,0,40,0
33683,43,Local-gov,233865,9,Widowed,Husband,Other,Male,0,0,40,0
33684,44,Private,133853,10,Divorced,Not-in-family,White,Female,15182,0,50,1
33685,44,Private,133853,10,Divorced,Husband,White,Female,25299,0,50,1
33686,34,Private,181152,9,Never-married,Wife,Black,Female,83734,0,35,1
33687,34,Private,181152,9,Married-civ-spouse,Wife,Black,Female,8084,0,35,1
33688,73,Self-emp-not-inc,42402,15,Married-civ-spouse,Husband,White,Male,0,235,30,0
33689,50,Self-emp-not-inc,42402,7,Married-civ-spouse,Husband,White,Male,0,2415,89,0
33690,40,Self-emp-inc,76625,16,Married-civ-spouse,Wife,White,Male,0,0,40,1
33691,40,Self-emp-inc,76625,9,Married-civ-spouse,Husband,White,Male,0,1835,40,1
33692,54,Local-gov,365049,10,Never-married,Not-in-family,White,Female,14267,0,99,1
33693,54,Private,365049,10,Never-married,Not-in-family,White,Female,48915,0,40,1
33694,24,Local-gov,259785,14,Married-civ-spouse,Husband,White,Male,0,0,50,0
33695,44,Private,259785,14,Married-civ-spouse,Other-relative,White,Male,0,0,50,0
33696,22,Private,186383,9,Widowed,Wife,White,Female,29398,0,40,1
33697,22,Private,186383,9,Married-civ-spouse,Wife,White,Female,54809,0,40,1
33698,42,Private,126701,4,Divorced,Unmarried,White,Male,2008,0,45,0
33699,42,Self-emp-not-inc,126701,13,Divorced,Unmarried,White,Male,6174,0,45,0
33700,53,State-gov,229465,8,Married-civ-spouse,Wife,White,Male,0,0,50,0
33701,77,State-gov,229465,16,Married-civ-spouse,Other-relative,White,Male,0,0,50,0
33702,76,Self-emp-not-inc,45564,15,Married-civ-spouse,Husband,White,Male,0,0,40,0
33703,46,Self-emp-not-inc,45564,15,Married-civ-spouse,Own-child,White,Male,0,0,8,0
33704,60,Private,85995,6,Married-civ-spouse,Husband,Asian-Pac-Islander,Male,0,0,50,0
33705,60,Private,85995,3,Married-civ-spouse,Unmarried,Asian-Pac-Islander,Male,0,0,50,0
33706,35,Federal-gov,175534,16,Never-married,Husband,Asian-Pac-Islander,Male,0,0,40,0
33707,64,Federal-gov,175534,16,Never-married,Husband,Asian-Pac-Islander,Male,0,0,25,0
33708,42,Private,169071,10,Divorced,Not-in-family,White,Female,16793,0,20,1
33709,55,Private,169071,10,Divorced,Not-in-family,White,Male,25043,0,20,1
33710,21,Private,203178,9,Never-married,Own-child,White,Female,58626,0,86,1
33711,21,Private,203178,9,Widowed,Own-child,White,Female,8034,0,35,1
33712,27,Local-gov,168138,9,Never-married,Not-in-family,White,Male,0,3898,45,1
33713,27,Private,168138,9,Never-married,Not-in-family,White,Male,0,3199,45,1
33714,24,Private,390348,9,Never-married,Unmarried,White,Male,84540,0,40,1
33715,78,Private,390348,9,Never-married,Not-in-family,White,Male,22012,0,40,1
33716,40,Private,105936,9,Married-civ-spouse,Wife,White,Female,59253,0,20,1
33717,40,Private,105936,9,Married-civ-spouse,Wife,White,Female,31544,0,20,1
33718,57,Private,215647,9,Divorced,Not-in-family,White,Female,9172,0,43,1
33719,51,Federal-gov,215647,9,Divorced,Not-in-family,White,Female,45623,0,43,1
33720,40,Private,228535,12,Married-spouse-absent,Own-child,White,Male,7298,0,36,0
33721,40,Private,228535,12,Never-married,Wife,White,Male,7298,0,36,0
33722,44,Private,335223,9,Married-civ-spouse,Husband,White,Male,0,3764,13,0
33723,87,Private,335223,9,Married-civ-spouse,Wife,White,Male,0,0,40,0
33724,50,Private,146325,9,Married-civ-spouse,Husband,White,Male,0,0,23,0
33725,50,Private,146325,9,Married-civ-spouse,Husband,White,Male,0,0,41,0
33726,31,Private,204304,9,Divorced,Not-in-family,White,Female,30324,0,40,1
33727,54,Private,204304,9,Married-spouse-absent,Not-in-family,White,Female,14182,0,40,1
33728,52,Local-gov,84808,9,Divorced,Unmarried,Black,Female,40099,0,40,1
33729,52,Local-gov,84808,9,Divorced,Unmarried,Black,Female,97660,0,40,1
33730,21,Private,175374,13,Never-married,Own-child,White,Male,14710,0,40,1
33731,21,Private,175374,9,Never-married,Own-child,White,Male,37779,0,40,1
33732,45,Private,180309,10,Divorced,Husband,White,Female,63308,0,40,1
33733,45,Private,180309,10,Divorced,Unmarried,White,Female,48248,0,40,1
33734,25,Self-emp-inc,188119,9,Never-married,Not-in-family,White,Female,30451,0,40,1
33735,25,Private,188119,9,Never-married,Not-in-family,White,Female,44681,0,40,1
33736,54,Self-emp-inc,117674,13,Married-civ-spouse,Husband,White,Male,0,0,8,0
33737,54,Self-emp-inc,117674,13,Married-civ-spouse,Husband,White,Male,0,948,90,0
33738,53,State-gov,197184,14,Married-civ-spouse,Husband,White,Male,0,237,19,0
33739,53,State-gov,197184,14,Separated,Other-relative,White,Male,0,0,70,0
33740,41,Self-emp-not-inc,204235,15,Married-civ-spouse,Husband,White,Male,0,0,16,0
33741,41,Self-emp-not-inc,204235,8,Married-civ-spouse,Not-in-family,White,Male,0,0,50,0
33742,30,Local-gov,289442,9,Never-married,Not-in-family,White,Male,15499,0,40,1
33743,30,Local-gov,289442,9,Never-married,Not-in-family,White,Male,51736,0,40,1
33744,49,Private,153536,10,Divorced,Not-in-family,White,Male,91,0,44,0
33745,49,Private,153536,10,Divorced,Not-in-family,White,Male,3366,0,44,0
33746,39,Private,202662,10,Never-married,Not-in-family,White,Male,87305,0,70,1
33747,39,Private,202662,10,Never-married,Not-in-family,White,Male,91040,0,40,1
33748,19,Private,247679,9,Never-married,Not-in-family,White,Male,63928,0,45,1
33749,19,Private,247679,9,Never-married,Not-in-family,White,Male,81819,2289,45,1
33750,50,Private,144084,13,Divorced,Not-in-family,White,Female,76346,3220,40,1
33751,50,Private,144084,13,Never-married,Not-in-family,White,Female,0,2517,40,1
33752,61,Private,199198,4,Widowed,Not-in-family,Black,Female,10092,2747,21,1
33753,61,Private,199198,4,Widowed,Not-in-family,White,Female,92603,0,21,1
33754,31,Private,63105,9,Never-married,Not-in-family,White,Male,0,0,42,0
33755,88,Private,63105,9,Never-married,Not-in-family,White,Male,0,0,42,0
33756,23,Private,250037,10,Never-married,Not-in-family,Black,Female,14906,0,50,1
33757,23,Private,250037,10,Never-married,Wife,White,Female,15492,0,50,1
33758,40,Private,315321,9,Divorced,Unmarried,White,Male,0,3020,52,1
33759,40,Private,315321,9,Divorced,Unmarried,White,Male,0,3321,52,0
33760,54,Local-gov,185846,10,Married-civ-spouse,Husband,White,Male,0,3018,40,0
33761,54,Local-gov,185846,14,Married-civ-spouse,Husband,White,Male,0,1592,40,0
33762,38,Local-gov,103153,4,Married-civ-spouse,Husband,White,Male,50844,1411,40,1
33763,65,Local-gov,103153,4,Married-civ-spouse,Husband,White,Male,54304,1411,40,1
33764,25,Private,197130,9,Never-married,Own-child,White,Female,14541,0,30,1
33765,25,Private,197130,9,Never-married,Own-child,White,Female,52855,0,28,1
33766,30,Private,174704,14,Married-civ-spouse,Husband,Black,Male,55901,0,40,1
33767,30,Private,174704,7,Married-civ-spouse,Husband,Black,Male,47131,0,40,1
33768,24,Self-emp-inc,165695,13,Married-civ-spouse,Husband,Other,Male,0,0,20,0
33769,59,Federal-gov,165695,9,Married-civ-spouse,Husband,White,Male,0,0,20,0
33770,40,Federal-gov,233320,4,Separated,Not-in-family,White,Female,56750,0,25,1
33771,40,Private,233320,4,Separated,Not-in-family,White,Female,70419,0,25,1
33772,25,Private,177017,9,Never-married,Not-in-family,White,Male,75347,1504,37,1
33773,25,Private,177017,9,Never-married,Not-in-family,White,Male,30916,1504,37,1
33774,60,Private,95680,9,Married-civ-spouse,Other-relative,Asian-Pac-Islander,Male,0,0,45,0
33775,19,Without-pay,95680,9,Married-civ-spouse,Husband,Asian-Pac-Islander,Male,0,0,45,0
33776,52,State-gov,447579,9,Divorced,Not-in-family,White,Male,34534,0,40,1
33777,52,State-gov,447579,9,Divorced,Not-in-family,White,Female,76860,0,40,1
33778,26,Private,164583,9,Divorced,Unmarried,Other,Female,29138,0,30,1
33779,26,Private,164583,9,Divorced,Not-in-family,White,Female,78754,0,30,1
33780,20,Private,94744,9,Never-married,Own-child,Black,Female,50543,0,20,1
33781,20,Private,94744,9,Separated,Own-child,Black,Female,26427,0,20,1
33782,21,Private,286853,9,Never-married,Own-child,White,Male,26686,0,35,1
33783,21,Private,286853,9,Never-married,Own-child,White,Male,50598,0,35,1
33784,32,Private,193285,9,Married-civ-spouse,Own-child,White,Male,30931,0,40,1
33785,32,Private,193285,9,Married-AF-spouse,Own-child,White,Male,21594,0,40,1
33786,28,Private,208608,9,Married-civ-spouse,Wife,White,Female,53978,3300,30,1
33787,28,Private,208608,9,Married-civ-spouse,Wife,White,Female,56345,0,30,1
33788,43,Self-emp-inc,247981,9,Divorced,Unmarried,White,Male,58110,0,50,1
33789,52,Self-emp-inc,247981,9,Divorced,Unmarried,White,Male,33923,0,50,1
33790,22,Private,663291,10,Married-civ-spouse,Own-child,White,Male,30093,0,40,1
33791,22,Private,663291,14,Married-civ-spouse,Husband,White,Male,2105,3660,40,1
33792,38,Local-gov,216129,10,Married-spouse-absent,Unmarried,Black,Female,95792,0,35,1
33793,38,Local-gov,216129,10,Married-spouse-absent,Unmarried,Asian-Pac-Islander,Female,58003,0,35,1
33794,19,Private,175507,9,Never-married,Not-in-family,White,Female,65036,0,30,1
33795,19,Private,175507,9,Never-married,Not-in-family,White,Female,14504,0,30,1
33796,72,Private,198841,14,Married-civ-spouse,Husband,White,Female,0,0,40,0
33797,36,Private,198841,14,Married-civ-spouse,Husband,White,Male,0,0,23,0
33798,29,Self-emp-not-inc,394927,10,Never-married,Not-in-family,White,Male,23945,0,45,1
33799,29,Self-emp-not-inc,394927,10,Never-married,Not-in-family,White,Male,0,3643,45,1
33800,34,Private,197886,11,Married-civ-spouse,Husband,White,Male,0,0,10,0
33801,34,Private,197886,5,Married-civ-spouse,Husband,White,Male,0,965,60,0
33802,38,Local-gov,30118,10,Married-civ-spouse,Husband,White,Male,82451,0,42,1
33803,52,Federal-gov,30118,10,Married-civ-spouse,Husband,White,Male,3137,2825,42,1
33804,40,Private,187294,9,Divorced,Husband,White,Male,0,0,76,0
33805,40,Private,187294,9,Married-civ-spouse,Unmarried,White,Male,0,0,43,0
33806,40,Self-emp-not-inc,76487,13,Never-married,Not-in-family,White,Male,87872,0,50,1
33807,40,Self-emp-not-inc,76487,13,Never-married,Not-in-family,White,Male,83195,0,50,1
33808,35,Private,33975,14,Never-married,Not-in-family,White,Male,0,0,78,0
33809,18,Private,33975,14,Never-married,Not-in-family,White,Female,0,0,45,0
33810,17,Private,104232,14,Never-married,Own-child,White,Male,47105,0,10,1
33811,17,Private,104232,6,Never-married,Not-in-family,White,Male,98442,0,10,1
33812,51,Self-emp-not-inc,134447,9,Married-civ-spouse,Husband,White,Male,0,1875,70,1
33813,51,Self-emp-not-inc,134447,9,Widowed,Husband,White,Male,0,2837,70,1
33814,45,Private,87583,9,Married-civ-spouse,Wife,White,Female,52789,0,14,1
33815,45,Private,87583,9,Married-civ-spouse,Wife,White,Female,0,3480,14,1
33816,47,Private,46044,14,Married-civ-spouse,Husband,White,Male,0,3892,40,1
33817,47,Private,46044,14,Married-civ-spouse,Husband,White,Male,90541,0,50,1
33818,25,Private,135845,8,Never-married,Own-child,White,Female,25956,0,40,1
33819,25,Private,135845,10,Never-married,Own-child,Asian-Pac-Islander,Female,89921,0,40,1
33820,44,State-gov,149943,15,Married-civ-spouse,Husband,Asian-Pac-Islander,Male,0,0,21,0
33821,44,Self-emp-not-inc,149943,3,Married-civ-spouse,Husband,Asian-Pac-Islander,Male,0,0,24,0
33822,47,Private,231284,9,Widowed,Not-in-family,Other,Male,50377,0,40,1
33823,47,Private,231284,9,Never-married,Not-in-family,Other,Male,73995,0,40,1
33824,23,Private,246739,13,Married-civ-spouse,Husband,White,Male,4508,0,55,0
33825,47,Private,246739,13,Married-civ-spouse,Husband,White,Male,4856,0,55,0
33826,25,Private,404616,6,Married-civ-spouse,Husband,White,Male,0,0,69,0
33827,25,Private,404616,13,Married-civ-spouse,Husband,Asian-Pac-Islander,Male,0,0,20,0
33828,28,Private,127139,10,Married-civ-spouse,Husband,White,Male,0,0,9,0
33829,66,Private,127139,10,Married-civ-spouse,Husband,White,Female,0,0,18,0
33830,31,Local-gov,168740,5,Married-spouse-absent,Husband,Black,Male,0,0,40,0
33831,75,Local-gov,168740,9,Married-civ-spouse,Husband,Black,Female,0,0,40,0
33832,53,Without-pay,105728,9,Married-civ-spouse,Wife,Amer-Indian-Eskimo,Female,0,0,78,0
33833,53,State-gov,105728,9,Married-civ-spouse,Unmarried,Amer-Indian-Eskimo,Female,0,552,28,0
33834,40,Private,171424,9,Divorced,Not-in-family,White,Male,96096,0,40,1
33835,40,Private,171424,9,Divorced,Own-child,White,Male,75822,0,40,1
33836,53,Private,290882,4,Married-civ-spouse,Husband,White,Male,39623,0,40,1
33837,53,Private,290882,4,Married-civ-spouse,Husband,White,Male,6996,0,40,1
33838,42,Federal-gov,373403,9,Married-civ-spouse,Husband,White,Male,0,2606,50,1
33839,42,Self-emp-not-inc,373403,9,Married-civ-spouse,Husband,White,Male,9412,0,92,1
33840,49,Private,102092,7,Married-spouse-absent,Not-in-family,White,Male,95409,0,40,1
33841,49,Private,102092,7,Widowed,Not-in-family,White,Male,41829,0,89,1
33842,26,Private,215384,13,Never-married,Not-in-family,White,Male,27722,2652,55,1
33843,26,Private,215384,13,Never-married,Not-in-family,White,Male,81610,1974,99,1
33844,33,Private,165235,2,Never-married,Not-in-family,Asian-Pac-Islander,Female,13743,0,35,1
33845,33,Private,165235,13,Never-married,Not-in-family,Asian-Pac-Islander,Male,93966,0,35,1
33846,41,Private,169473,9,Divorced,Not-in-family,White,Female,77954,0,30,1
33847,41,Private,169473,9,Divorced,Husband,White,Female,52684,0,30,1
33848,23,Private,235071,10,Never-married,Own-child,White,Male,90600,0,50,1
33849,23,Private,235071,10,Never-married,Own-child,White,Male,30399,0,47,1
33850,29,Private,216481,2,Married-civ-spouse,Wife,White,Female,0,0,90,0
33851,59,Private,216481,14,Married-civ-spouse,Wife,Asian-Pac-Islander,Female,0,0,40,0
33852,46,Private,169699,9,Married-civ-spouse,Husband,Other,Male,66361,0,40,1
33853,46,Private,169699,9,Married-civ-spouse,Husband,White,Male,55277,0,40,1
33854,27,Without-pay,126060,13,Never-married,Not-in-family,White,Female,0,2954,40,1
33855,27,Private,126060,13,Never-married,Not-in-family,White,Female,0,2429,40,1
33856,79,Local-gov,183009,7,Married-civ-spouse,Husband,Black,Male,0,0,40,0
33857,41,Local-gov,183009,9,Married-civ-spouse,Husband,Black,Male,0,0,30,0
33858,47,Federal-gov,87504,13,Divorced,Unmarried,White,Female,36175,0,50,1
33859,47,Federal-gov,87504,13,Divorced,Unmarried,White,Female,0,2820,50,1
33860,63,Private,111377,9,Separated,Not-in-family,White,Male,36876,0,40,1
33861,35,Private,111377,9,Separated,Husband,White,Male,93007,0,40,1
33862,35,Private,214816,9,Married-civ-spouse,Husband,White,Male,0,0,51,1
33863,35,Private,214816,9,Married-civ-spouse,Husband,White,Female,93566,0,36,1
33864,53,Private,114758,11,Married-civ-spouse,Husband,Black,Male,2801,0,65,0
33865,53,Private,114758,11,Married-civ-spouse,Husband,White,Male,2801,0,65,0
33866,25,Private,137367,5,Never-married,Unmarried,Asian-Pac-Islander,Male,51236,0,44,1
33867,25,Private,137367,13,Never-married,Unmarried,Asian-Pac-Islander,Male,61419,0,44,1
33868,53,Private,154891,5,Married-civ-spouse,Husband,White,Male,48118,0,40,1
33869,53,Private,154891,5,Married-civ-spouse,Husband,White,Male,79255,0,40,1
33870,47,State-gov,228372,14,Married-civ-spouse,Husband,White,Male,0,0,78,0
33871,47,Self-emp-not-inc,228372,14,Never-married,Husband,White,Male,0,0,48,0
33872,34,State-gov,196512,9,Divorced,Unmarried,White,Female,0,2472,65,0
33873,81,Self-emp-not-inc,196512,9,Divorced,Unmarried,White,Female,0,472,35,0
33874,40,Self-emp-not-inc,27242,9,Married-civ-spouse,Husband,White,Male,96219,0,84,1
33875,40,Self-emp-not-inc,27242,9,Married-civ-spouse,Own-child,White,Male,96219,0,84,1
33876,44,Private,193524,10,Married-civ-spouse,Husband,Other,Male,42911,0,40,1
33877,44,Private,193524,10,Married-civ-spouse,Husband,White,Male,89073,0,35,1
33878,45,Private,197240,8,Divorced,Other-relative,White,Male,7688,0,40,0
33879,45,Private,197240,8,Widowed,Unmarried,White,Male,7688,0,40,0
33880,29,Private,233168,2,Married-civ-spouse,Wife,White,Female,0,0,76,0
33881,29,Self-emp-not-inc,233168,3,Married-civ-spouse,Wife,White,Female,0,0,46,0
33882,36,Private,105021,15,Married-civ-spouse,Not-in-family,White,Male,0,0,55,1
33883,38,Private,105021,13,Married-civ-spouse,Husband,Other,Male,0,0,55,1
33884,26,Private,94652,10,Never-married,Own-child,Amer-Indian-Eskimo,Male,11465,0,51,1
33885,26,Private,94652,10,Never-married,Own-child,Amer-Indian-Eskimo,Male,40249,1030,40,1
33886,47,Private,106942,4,Separated,Not-in-family,White,Female,65048,0,38,1
33887,47,Private,106942,4,Separated,Not-in-family,White,Female,46061,0,38,1
33888,65,Without-pay,199864,10,Married-civ-spouse,Wife,White,Female,0,2057,40,1
33889,34,Local-gov,199864,10,Married-civ-spouse,Wife,White,Female,0,2057,70,1
33890,21,Private,296158,6,Married-civ-spouse,Husband,White,Male,25637,0,25,1
33891,21,Local-gov,296158,6,Married-civ-spouse,Husband,White,Male,93772,0,25,1
33892,62,Federal-gov,200916,5,Married-civ-spouse,Husband,White,Male,0,0,40,0
33893,62,State-gov,200916,2,Married-spouse-absent,Husband,White,Male,0,0,40,0
33894,29,Private,153416,13,Never-married,Not-in-family,White,Female,69386,0,55,1
33895,29,Federal-gov,153416,13,Never-married,Not-in-family,White,Female,30414,0,55,1
33896,54,Private,152652,9,Married-spouse-absent,Husband,White,Male,27671,0,65,1
33897,54,Private,152652,14,Married-civ-spouse,Other-relative,White,Male,0,0,65,1
33898,52,Private,386397,13,Married-spouse-absent,Wife,White,Male,0,0,45,0
33899,52,Private,386397,13,Married-civ-spouse,Husband,White,Male,0,1691,45,0
33900,63,Private,143098,9,Married-civ-spouse,Husband,White,Male,4064,2227,54,1
33901,40,Private,143098,9,Married-civ-spouse,Husband,White,Male,4064,1890,40,1
33902,50,Private,142712,10,Married-civ-spouse,Husband,White,Male,0,0,40,1
33903,83,Private,142712,10,Married-civ-spouse,Husband,White,Male,0,1938,40,1
33904,63,Local-gov,212206,11,Married-civ-spouse,Wife,White,Female,0,0,40,0
33905,43,Local-gov,212206,11,Never-married,Wife,Amer-Indian-Eskimo,Female,0,0,40,0
33906,47,Private,78954,7,Divorced,Unmarried,White,Female,30567,0,28,1
33907,47,Private,78954,7,Divorced,Unmarried,White,Female,69487,0,28,1
33908,48,Private,189498,7,Divorced,Not-in-family,White,Male,59255,0,40,1
33909,48,Private,189498,7,Divorced,Not-in-family,White,Male,92098,0,40,1
33910,18,Private,452452,4,Never-married,Own-child,Black,Female,89318,0,20,0
33911,18,Private,452452,6,Never-married,Own-child,Black,Female,73094,0,20,0
33912,36,Local-gov,126569,10,Married-civ-spouse,Husband,Asian-Pac-Islander,Male,0,0,15,0
33913,36,Self-emp-not-inc,126569,10,Separated,Husband,White,Male,0,0,40,0
33914,48,Self-emp-not-inc,199590,9,Married-civ-spouse,Husband,White,Male,0,2888,50,1
33915,49,Self-emp-not-inc,199590,9,Married-civ-spouse,Husband,White,Male,0,3147,50,1
33916,45,Federal-gov,90533,16,Never-married,Not-in-family,White,Female,0,2060,45,1
33917,45,Federal-gov,90533,13,Never-married,Not-in-family,White,Female,75954,0,45,1
33918,54,Private,165001,9,Divorced,Husband,White,Male,0,0,80,0
33919,54,Private,165001,9,Married-civ-spouse,Husband,White,Male,0,3502,48,0
33920,39,Private,188038,10,Divorced,Not-in-family,White,Male,82507,0,40,1
33921,39,Private,188038,10,Divorced,Not-in-family,White,Male,7298,0,40,1
33922,46,Federal-gov,33794,13,Married-AF-spouse,Husband,White,Female,3103,0,40,0
33923,46,Federal-gov,33794,13,Married-civ-spouse,Not-in-family,Other,Male,3103,0,40,0
33924,26,Private,168251,9,Never-married,Own-child,Black,Male,36696,0,40,1
33925,26,Private,168251,9,Never-married,Own-child,Black,Male,83140,0,40,1
33926,50,Private,248619,9,Married-civ-spouse,Husband,White,Male,8948,0,40,1
33927,50,Private,248619,9,Married-civ-spouse,Husband,White,Male,6008,2386,40,1
33928,42,Self-emp-not-inc,69333,11,Married-civ-spouse,Not-in-family,White,Male,4386,0,61,0
33929,42,Self-emp-not-inc,69333,11,Married-civ-spouse,Wife,White,Male,4386,0,13,0
33930,45,Private,183092,12,Never-married,Not-in-family,Other,Female,19727,0,40,1
33931,45,Private,183092,13,Never-married,Not-in-family,Black,Female,0,114,40,1
33932,30,Private,156464,15,Never-married,Own-child,White,Male,20981,0,40,1
33933,30,State-gov,156464,9,Never-married,Own-child,White,Male,36913,0,40,1
33934,51,Private,117983,9,Never-married,Not-in-family,White,Female,31298,0,41,1
33935,33,Private,117983,9,Never-married,Not-in-family,White,Female,52398,0,41,1
33936,46,Without-pay,604380,9,Married-civ-spouse,Husband,Black,Male,0,0,44,1
33937,39,Private,604380,9,Married-civ-spouse,Husband,Black,Male,36032,0,40,1
33938,44,Private,377018,11,Married-civ-spouse,Unmarried,White,Male,0,0,84,0
33939,44,Private,377018,11,Married-civ-spouse,Husband,White,Male,0,2831,40,0
33940,53,Self-emp-not-inc,79531,10,Married-civ-spouse,Husband,White,Female,0,0,55,0
33941,42,Self-emp-not-inc,79531,10,Married-civ-spouse,Husband,White,Female,0,0,77,0
33942,28,Self-emp-not-inc,294398,10,Never-married,Not-in-family,Black,Male,16894,0,40,1
33943,28,Self-emp-not-inc,294398,10,Never-married,Not-in-family,Black,Male,81085,0,81,1
33944,23,Private,162593,8,Never-married,Not-in-family,Asian-Pac-Islander,Female,60158,0,40,1
33945,23,Self-emp-inc,162593,13,Never-married,Not-in-family,Asian-Pac-Islander,Female,8324,0,40,1
33946,44,Private,267521,13,Never-married,Unmarried,White,Female,21645,0,40,1
33947,44,Private,267521,13,Divorced,Unmarried,Black,Female,9340,0,40,1
33948,71,Federal-gov,27166,9,Married-civ-spouse,Husband,White,Male,0,0,40,1
33949,51,Federal-gov,27166,9,Married-civ-spouse,Not-in-family,White,Male,99084,0,40,1
33950,56,Federal-gov,156842,10,Separated,Not-in-family,Black,Male,82324,0,34,1
33951,56,Federal-gov,156842,10,Separated,Not-in-family,Black,Male,52157,0,40,1
33952,57,Private,197365,9,Married-civ-spouse,Husband,White,Male,78377,0,40,1
33953,29,Private,197365,9,Married-civ-spouse,Husband,White,Male,75297,0,40,1
33954,35,Private,189240,10,Divorced,Unmarried,Black,Female,17593,0,40,1
33955,35,Private,189240,9,Divorced,Unmarried,Black,Female,21649,0,40,1
33956,56,Private,367200,9,Divorced,Other-relative,White,Male,68490,0,40,1
33957,56,Private,367200,9,Divorced,Other-relative,White,Male,82794,2475,40,1
33958,37,Local-gov,174413,13,Never-married,Not-in-family,White,Female,0,3541,40,1
33959,24,Local-gov,174413,13,Never-married,Not-in-family,White,Female,0,3791,40,1
33960,38,Private,430035,5,Married-civ-spouse,Husband,White,Male,63514,0,54,1
33961,38,Private,430035,13,Married-civ-spouse,Husband,White,Male,0,0,75,1
33962,28,Private,293398,9,Separated,Unmarried,Black,Female,71411,0,40,1
33963,28,Private,293398,9,Separated,Unmarried,Black,Female,39658,0,40,1
33964,35,Local-gov,183892,6,Married-civ-spouse,Husband,White,Male,46118,0,40,1
33965,35,Private,183892,6,Married-civ-spouse,Husband,White,Male,32384,0,40,1
33966,26,Private,181613,9,Married-civ-spouse,Unmarried,Black,Female,91437,0,40,1
33967,26,Private,181613,15,Married-civ-spouse,Wife,Black,Female,0,0,47,1
33968,61,Private,197286,5,Married-civ-spouse,Other-relative,White,Male,80866,0,40,1
33969,61,Private,197286,16,Married-civ-spouse,Husband,White,Male,0,1225,40,1
33970,42,Private,196029,13,Married-spouse-absent,Not-in-family,White,Male,0,0,48,0
33971,42,Private,196029,13,Married-civ-spouse,Husband,Black,Male,0,0,36,0
33972,60,Private,130684,10,Married-civ-spouse,Husband,White,Male,0,2283,55,1
33973,43,Private,130684,10,Married-civ-spouse,Husband,White,Male,0,0,55,1
33974,77,Private,34066,6,Married-civ-spouse,Husband,Amer-Indian-Eskimo,Male,27614,0,40,1
33975,32,Private,34066,6,Married-AF-spouse,Husband,Amer-Indian-Eskimo,Male,72607,0,40,1
33976,25,Self-emp-inc,273792,9,Never-married,Own-child,White,Male,94712,0,37,1
33977,25,Private,273792,9,Never-married,Own-child,White,Male,29562,0,37,1
33978,70,Federal-gov,191342,13,Married-civ-spouse,Husband,Asian-Pac-Islander,Male,96477,0,38,1
33979,34,Federal-gov,191342,13,Married-civ-spouse,Husband,Asian-Pac-Islander,Male,26514,0,38,1
33980,28,Self-emp-not-inc,123598,9,Never-married,Not-in-family,White,Male,49870,0,30,1
33981,22,Self-emp-not-inc,123598,9,Never-married,Not-in-family,White,Male,73253,0,30,1
33982,35,Private,133454,6,Never-married,Not-in-family,White,Male,0,2965,50,1
33983,35,Private,133454,6,Divorced,Not-in-family,White,Male,73616,0,50,1
33984,54,Federal-gov,21698,13,Divorced,Unmarried,Black,Female,0,0,91,1
33985,54,Federal-gov,21698,13,Divorced,Unmarried,White,Female,87935,0,40,1
33986,66,Private,174788,10,Divorced,Not-in-family,Amer-Indian-Eskimo,Female,80553,0,20,1
33987,66,Private,174788,10,Divorced,Not-in-family,White,Female,45718,0,49,1
33988,25,Self-emp-not-inc,368115,13,Divorced,Not-in-family,White,Male,1297,0,35,0
33989,19,Self-emp-not-inc,368115,13,Never-married,Not-in-family,White,Male,3000,0,35,0
33990,43,Private,115932,9,Married-civ-spouse,Husband,White,Male,0,2879,40,0
33991,43,Private,115932,3,Divorced,Husband,White,Male,0,0,40,0
33992,52,Without-pay,172493,9,Never-married,Not-in-family,White,Female,30558,0,36,1
33993,52,Private,172493,9,Never-married,Not-in-family,White,Female,71730,0,36,1
33994,42,Private,285787,12,Never-married,Own-child,White,Male,35054,954,40,1
33995,42,Private,285787,12,Separated,Own-child,White,Male,12730,0,40,1
33996,68,Self-emp-inc,392502,13,Married-civ-spouse,Husband,White,Female,0,0,60,1
33997,52,Self-emp-inc,392502,13,Divorced,Husband,White,Male,0,3561,60,1
33998,46,State-gov,149551,9,Married-civ-spouse,Husband,White,Male,83744,0,50,1
33999,46,Local-gov,149551,9,Married-civ-spouse,Husband,White,Male,66128,0,50,1
34000,45,Private,185397,12,Divorced,Not-in-family,White,Male,59273,0,25,1
34001,45,Private,185397,16,Divorced,Not-in-family,White,Male,51377,0,40,1
34002,59,Federal-gov,90290,10,Married-civ-spouse,Husband,White,Male,25853,0,34,1
34003,59,Private,90290,10,Married-civ-spouse,Husband,White,Male,6239,2157,34,1
34004,51,Private,177487,9,Married-civ-spouse,Husband,White,Male,55338,0,45,1
34005,51,State-gov,177487,9,Married-civ-spouse,Husband,White,Male,75590,0,35,1
34006,26,Private,102476,13,Never-married,Own-child,White,Male,3907,0,64,0
34007,26,Private,102476,13,Never-married,Own-child,White,Male,3875,0,64,0
34008,40,Private,356934,1,Divorced,Not-in-family,White,Male,0,0,40,0
34009,40,Private,356934,12,Divorced,Not-in-family,White,Male,0,0,44,0
34010,19,Self-emp-inc,150384,9,Never-married,Own-child,White,Male,35151,0,40,1
34011,19,Self-emp-inc,150384,9,Never-married,Own-child,White,Male,88891,0,40,1
34012,47,Private,122194,9,Divorced,Not-in-family,White,Female,42230,0,40,1
34013,47,Private,122194,9,Divorced,Not-in-family,White,Female,32993,0,40,1
34014,50,Private,145409,13,Married-civ-spouse,Husband,White,Male,3433,0,30,0
34015,50,Private,145409,3,Married-civ-spouse,Husband,White,Male,2391,0,40,0
34016,54,Private,104455,13,Married-spouse-absent,Not-in-family,Asian-Pac-Islander,Male,0,2808,40,1
34017,49,Private,104455,7,Married-spouse-absent,Not-in-family,Asian-Pac-Islander,Male,85479,0,40,1
34018,47,Self-emp-inc,212120,9,Married-civ-spouse,Husband,Asian-Pac-Islander,Female,0,0,40,0
34019,72,Self-emp-inc,212120,9,Married-civ-spouse,Husband,White,Male,0,0,24,0
34020,27,Self-emp-not-inc,95423,10,Never-married,Not-in-family,White,Male,0,0,60,1
34021,27,Self-emp-not-inc,95423,16,Married-civ-spouse,Husband,White,Male,0,1306,60,1
34022,51,Private,94081,9,Never-married,Unmarried,Asian-Pac-Islander,Male,0,0,40,0
34023,77,Private,94081,9,Never-married,Not-in-family,White,Male,0,2044,40,0
34024,43,Self-emp-not-inc,160369,6,Divorced,Own-child,White,Male,44330,0,25,1
34025,22,Self-emp-not-inc,160369,6,Divorced,Unmarried,White,Male,40671,0,25,1
34026,27,Private,29261,8,Never-married,Other-relative,White,Male,41313,0,42,1
34027,27,Private,29261,12,Never-married,Other-relative,White,Male,61769,1534,42,1
34028,23,Private,70894,12,Never-married,Other-relative,Black,Male,56429,0,40,1
34029,23,Private,70894,12,Never-married,Other-relative,White,Male,13592,0,40,1
34030,20,State-gov,200819,9,Never-married,Own-child,White,Male,44022,0,40,1
34031,20,State-gov,200819,9,Never-married,Own-child,White,Male,56475,0,40,1
34032,26,State-gov,208117,13,Never-married,Own-child,White,Male,33210,0,38,1
34033,52,State-gov,208117,13,Never-married,Own-child,White,Male,74004,0,38,1
34034,37,Private,151764,10,Married-civ-spouse,Husband,White,Female,87144,0,50,1
34035,37,Private,151764,10,Married-civ-spouse,Husband,White,Female,0,3520,50,1
34036,20,Private,189620,13,Never-married,Own-child,White,Female,72569,0,40,1
34037,30,Private,189620,13,Never-married,Own-child,White,Female,87681,0,40,1
34038,45,State-gov,311671,11,Married-civ-spouse,Husband,White,Male,39050,0,40,1
34039,45,Federal-gov,311671,11,Married-civ-spouse,Husband,Other,Male,3908,0,65,1
34040,48,Without-pay,85341,9,Married-civ-spouse,Husband,White,Male,65795,0,40,1
34041,48,State-gov,85341,9,Married-civ-spouse,Husband,White,Male,33141,0,40,1
34042,30,Private,145139,9,Never-married,Not-in-family,White,Male,0,3742,45,1
34043,30,Private,145139,9,Never-married,Not-in-family,White,Male,92266,0,45,1
34044,22,Private,107801,11,Never-married,Own-child,White,Female,79636,0,40,1
34045,22,Self-emp-not-inc,107801,11,Never-married,Own-child,White,Female,32818,0,40,1
34046,56,Private,200235,11,Married-civ-spouse,Husband,White,Male,0,0,6,0
34047,69,Private,200235,11,Married-civ-spouse,Husband,White,Male,1001,0,48,0
34048,23,Private,67311,13,Never-married,Own-child,White,Female,0,2925,33,1
34049,23,Private,67311,13,Never-married,Own-child,White,Female,56523,0,40,1
34050,36,Private,225172,9,Married-civ-spouse,Husband,Amer-Indian-Eskimo,Male,62496,0,40,1
34051,23,Private,225172,9,Married-civ-spouse,Husband,White,Male,36441,0,40,1
34052,50,Private,104501,9,Married-civ-spouse,Husband,White,Male,0,2997,40,0
34053,50,Private,104501,9,Married-civ-spouse,Husband,White,Male,0,2848,40,0
34054,23,Private,35633,4,Never-married,Not-in-family,White,Male,44316,0,40,1
34055,23,Private,35633,4,Never-married,Not-in-family,White,Male,63902,1719,40,1
34056,29,Private,336624,13,Never-married,Not-in-family,White,Male,744,0,40,0
34057,29,Private,336624,13,Never-married,Not-in-family,White,Male,3350,0,58,0
34058,29,Self-emp-inc,138597,12,Never-married,Other-relative,Black,Female,76543,0,54,1
34059,29,Self-emp-inc,138597,12,Never-married,Other-relative,Black,Female,52095,0,40,1
34060,22,Private,370548,11,Never-married,Not-in-family,Asian-Pac-Islander,Male,87413,0,30,1
34061,22,Private,370548,11,Never-married,Not-in-family,White,Male,93003,1803,30,1
34062,43,Local-gov,175526,10,Married-civ-spouse,Husband,White,Male,8377,0,2,1
34063,43,Local-gov,175526,10,Married-civ-spouse,Husband,White,Male,81662,0,40,1
34064,55,Local-gov,104996,9,Married-civ-spouse,Husband,White,Male,0,0,59,1
34065,55,Local-gov,104996,9,Married-civ-spouse,Husband,White,Female,21603,0,15,1
34066,34,Private,54850,13,Never-married,Not-in-family,White,Male,59102,1590,50,1
34067,34,Private,54850,13,Never-married,Not-in-family,White,Male,18935,1590,50,1
34068,51,Private,201062,9,Married-civ-spouse,Other-relative,Black,Female,70184,0,40,1
34069,51,Private,201062,9,Married-civ-spouse,Other-relative,Black,Female,9067,0,40,1
34070,87,Private,155489,10,Divorced,Not-in-family,White,Male,0,0,40,0
34071,48,Private,155489,10,Divorced,Not-in-family,White,Female,0,0,28,0
34072,42,Private,54102,11,Separated,Unmarried,White,Female,17427,0,40,1
34073,42,Federal-gov,54102,11,Divorced,Unmarried,White,Female,82338,0,40,1
34074,50,Local-gov,200618,2,Married-civ-spouse,Husband,White,Male,0,0,60,0
34075,24,Self-emp-not-inc,200618,14,Married-civ-spouse,Husband,White,Female,0,0,60,0
34076,42,Federal-gov,196344,11,Married-civ-spouse,Husband,White,Male,0,0,40,1
34077,42,Private,196344,10,Married-civ-spouse,Husband,White,Male,51914,2020,40,1
34078,23,State-gov,170091,10,Never-married,Not-in-family,White,Female,99732,0,6,1
34079,23,State-gov,170091,10,Never-married,Own-child,White,Female,57718,0,6,1
34080,30,Private,352426,10,Never-married,Unmarried,White,Male,35291,0,60,1
34081,30,Private,352426,10,Never-married,Unmarried,White,Male,11022,0,60,1
34082,53,Self-emp-inc,110445,3,Married-civ-spouse,Husband,White,Male,71076,0,60,1
34083,47,Self-emp-inc,110445,10,Married-civ-spouse,Husband,White,Male,66383,0,60,1
34084,33,Private,117983,6,Divorced,Unmarried,White,Female,20880,0,4,1
34085,33,Private,117983,6,Divorced,Unmarried,White,Female,53772,0,38,1
34086,51,Private,133461,10,Married-civ-spouse,Husband,White,Male,21552,0,40,1
34087,51,Private,133461,10,Married-civ-spouse,Husband,White,Male,38394,1756,40,1
34088,17,Private,225106,15,Never-married,Own-child,White,Female,10508,1602,18,1
34089,17,Private,225106,6,Never-married,Own-child,White,Female,18502,1602,18,1
34090,34,Private,329170,9,Never-married,Not-in-family,White,Female,10938,0,70,1
34091,34,Private,329170,10,Never-married,Not-in-family,White,Female,70632,0,70,1
34092,52,State-gov,154728,9,Married-civ-spouse,Husband,White,Male,12587,0,40,1
34093,52,Self-emp-inc,154728,9,Married-civ-spouse,Husband,White,Male,0,660,40,1
34094,22,Private,115244,12,Married-civ-spouse,Wife,White,Female,39524,0,40,1
34095,21,Private,115244,12,Married-civ-spouse,Wife,White,Female,41975,0,40,1
34096,60,Private,178312,9,Married-civ-spouse,Husband,White,Male,3411,0,65,0
34097,60,Private,178312,12,Married-civ-spouse,Husband,White,Male,2616,0,65,0
34098,38,Private,166988,13,Never-married,Own-child,White,Female,12200,0,40,1
34099,38,Private,166988,13,Never-married,Own-child,White,Female,16205,0,40,1
34100,43,State-gov,125831,13,Never-married,Own-child,White,Male,2361,0,60,0
34101,43,State-gov,125831,13,Never-married,Own-child,Asian-Pac-Islander,Male,1573,0,60,0
34102,52,Private,155759,13,Never-married,Not-in-family,White,Male,61937,0,40,1
34103,52,Private,155759,10,Never-married,Not-in-family,White,Male,61311,0,40,1
34104,41,Private,122033,10,Never-married,Unmarried,Black,Female,27722,3240,99,1
34105,55,Private,122033,10,Never-married,Unmarried,Black,Female,55201,0,99,1
34106,57,Private,36201,13,Never-married,Not-in-family,White,Male,0,3356,50,1
34107,38,Private,36201,13,Never-married,Not-in-family,White,Male,86389,0,50,1
34108,45,Private,101452,11,Married-civ-spouse,Husband,White,Male,561,0,60,0
34109,45,Private,101452,14,Separated,Husband,White,Male,2231,0,60,0
34110,53,State-gov,201127,14,Married-civ-spouse,Not-in-family,White,Male,0,0,48,0
34111,53,Private,201127,14,Married-civ-spouse,Husband,White,Male,0,0,22,0
34112,76,Private,202206,9,Married-civ-spouse,Husband,White,Male,98557,0,50,1
34113,28,Private,202206,9,Married-civ-spouse,Husband,White,Male,57061,0,50,1
34114,47,Private,148724,9,Married-civ-spouse,Husband,Black,Male,65176,0,40,1
34115,47,Without-pay,148724,9,Married-civ-spouse,Husband,Black,Male,12636,0,40,1
34116,19,Private,286419,10,Never-married,Own-child,White,Male,45791,0,49,1
34117,19,Private,286419,10,Never-married,Own-child,White,Female,48881,0,20,1
34118,23,Private,220168,9,Never-married,Not-in-family,Black,Female,91218,0,25,1
34119,23,Private,220168,9,Never-married,Other-relative,Black,Female,10575,0,25,0
34120,48,Private,169324,9,Never-married,Unmarried,Black,Female,27477,1130,32,1
34121,48,Private,169324,9,Married-AF-spouse,Unmarried,Black,Female,15756,0,32,1
34122,29,Private,369114,9,Divorced,Not-in-family,White,Male,96844,0,40,1
34123,29,Private,369114,9,Divorced,Not-in-family,White,Female,98207,0,24,1
34124,36,Private,75826,13,Widowed,Unmarried,White,Female,0,3262,40,1
34125,36,Private,75826,13,Divorced,Unmarried,White,Female,47860,2403,40,1
34126,38,Private,312271,4,Married-civ-spouse,Husband,Other,Male,0,0,50,0
34127,72,Private,312271,13,Married-civ-spouse,Husband,White,Male,0,0,34,0
34128,25,Private,44363,13,Never-married,Not-in-family,White,Male,94179,0,35,1
34129,25,Private,44363,9,Never-married,Not-in-family,White,Male,84092,0,35,1
34130,31,Private,165148,9,Separated,Unmarried,White,Female,12229,0,12,1
34131,31,State-gov,165148,9,Separated,Unmarried,White,Female,52389,0,12,1
34132,21,Private,117606,10,Never-married,Not-in-family,Asian-Pac-Islander,Female,26049,0,40,1
34133,62,Private,117606,10,Never-married,Not-in-family,White,Female,85463,0,40,1
34134,46,Private,169953,10,Divorced,Not-in-family,White,Female,55581,0,40,1
34135,46,Private,169953,10,Divorced,Not-in-family,White,Female,9989,0,40,1
34136,66,Private,204600,9,Separated,Other-relative,White,Male,66216,0,40,1
34137,28,Private,204600,9,Separated,Other-relative,White,Male,75528,0,40,1
34138,41,Private,309990,13,Divorced,Unmarried,White,Female,0,3709,33,1
34139,41,Private,309990,13,Divorced,Unmarried,White,Female,51826,0,33,1
34140,31,Federal-gov,381645,13,Married-civ-spouse,Not-in-family,White,Male,92137,0,40,1
34141,31,Federal-gov,381645,13,Separated,Not-in-family,White,Male,74725,0,40,1
34142,63,Self-emp-not-inc,29859,8,Married-civ-spouse,Husband,White,Male,4336,0,60,0
34143,63,Self-emp-not-inc,29859,4,Married-civ-spouse,Husband,White,Male,1262,0,60,0
34144,60,Private,52152,14,Married-spouse-absent,Not-in-family,White,Male,14487,0,50,1
34145,60,Private,52152,14,Married-civ-spouse,Not-in-family,Asian-Pac-Islander,Male,0,0,50,1
34146,66,Private,186376,13,Married-civ-spouse,Husband,Asian-Pac-Islander,Male,0,0,42,0
34147,38,Without-pay,186376,13,Married-civ-spouse,Husband,Asian-Pac-Islander,Male,0,0,15,0
34148,23,Private,108307,9,Never-married,Own-child,White,Male,81460,0,40,1
34149,23,Private,108307,9,Never-married,Own-child,White,Male,64025,0,40,1
34150,62,Private,440706,5,Married-civ-spouse,Husband,White,Male,0,0,40,0
34151,48,Private,440706,4,Married-civ-spouse,Husband,White,Male,0,2838,40,0
34152,28,Private,269317,9,Married-civ-spouse,Husband,White,Male,11786,0,42,1
34153,28,Private,269317,9,Married-civ-spouse,Other-relative,White,Male,88771,0,42,1
34154,46,Self-emp-inc,98929,16,Married-civ-spouse,Husband,White,Female,0,0,52,1
34155,46,Self-emp-inc,98929,14,Married-civ-spouse,Husband,White,Male,69882,0,52,1
34156,45,Local-gov,54038,14,Divorced,Unmarried,White,Female,32658,937,42,1
34157,45,Local-gov,54038,14,Divorced,Unmarried,White,Female,39496,1601,42,1
34158,49,Private,149044,14,Married-civ-spouse,Husband,Asian-Pac-Islander,Male,0,2057,60,1
34159,64,Private,149044,14,Married-civ-spouse,Husband,Amer-Indian-Eskimo,Male,0,2057,79,1
34160,90,Private,141758,15,Never-married,Not-in-family,White,Female,18759,0,40,1
34161,90,Private,141758,5,Never-married,Not-in-family,White,Female,44715,0,17,1
34162,25,Private,266668,6,Never-married,Own-child,White,Male,11154,0,20,1
34163,25,Private,266668,10,Never-married,Own-child,White,Male,11765,0,20,1
34164,19,Private,218956,9,Never-married,Own-child,White,Male,78790,0,40,1
34165,19,Private,218956,9,Never-married,Own-child,White,Male,88671,0,40,1
34166,41,Self-emp-not-inc,204662,14,Married-civ-spouse,Husband,White,Male,0,0,6,0
34167,41,Private,204662,14,Married-civ-spouse,Husband,White,Male,0,0,14,0
34168,52,Federal-gov,30731,13,Married-civ-spouse,Own-child,White,Male,0,718,45,0
34169,52,Federal-gov,30731,13,Separated,Own-child,White,Male,0,0,45,0
34170,40,Private,272960,1,Married-civ-spouse,Husband,White,Male,0,0,77,0
34171,40,Private,272960,12,Married-civ-spouse,Husband,White,Male,0,1753,42,0
34172,23,Private,182342,10,Never-married,Wife,White,Male,36648,0,40,1
34173,23,Private,182342,10,Never-married,Own-child,White,Male,71437,0,40,1
34174,37,Private,60722,10,Married-AF-spouse,Not-in-family,Asian-Pac-Islander,Female,0,308,40,0
34175,37,Private,60722,10,Divorced,Not-in-family,White,Female,0,1093,40,0
34176,27,Private,126730,12,Never-married,Not-in-family,White,Female,52887,0,40,1
34177,27,Private,126730,9,Never-married,Not-in-family,White,Female,10836,0,40,1
34178,48,Private,70668,6,Never-married,Other-relative,White,Female,62905,0,40,1
34179,48,Private,70668,6,Never-married,Other-relative,White,Female,12366,0,88,1
34180,57,Private,124771,9,Married-civ-spouse,Husband,White,Male,96643,1740,40,1
34181,57,Private,124771,9,Married-civ-spouse,Husband,White,Male,16481,1740,40,1
34182,35,Private,96854,9,Divorced,Unmarried,White,Male,36276,0,40,1
34183,49,Federal-gov,96854,16,Divorced,Unmarried,White,Male,0,0,40,1
34184,25,Private,182227,10,Married-spouse-absent,Not-in-family,White,Male,93541,0,30,1
34185,25,Private,182227,9,Never-married,Not-in-family,White,Male,80299,0,30,1
34186,46,Private,405309,9,Married-civ-spouse,Husband,White,Male,65868,0,49,1
34187,46,Private,405309,9,Married-civ-spouse,Husband,White,Male,88908,2510,40,1
34188,38,Private,38145,9,Married-civ-spouse,Husband,Other,Male,23724,0,44,1
34189,38,Private,38145,9,Married-civ-spouse,Husband,White,Male,96854,0,44,1
34190,64,Private,90668,9,Never-married,Not-in-family,White,Female,53953,0,40,1
34191,33,Private,90668,15,Never-married,Not-in-family,White,Male,0,0,40,1
34192,30,Private,296453,13,Married-civ-spouse,Husband,White,Female,3824,0,40,0
34193,30,Private,296453,13,Married-civ-spouse,Husband,White,Male,4452,0,40,0
34194,51,Private,155403,9,Married-civ-spouse,Wife,Black,Female,0,1946,40,1
34195,51,Private,155403,9,Married-civ-spouse,Wife,Black,Female,22623,0,40,1
34196,19,Private,192162,9,Never-married,Not-in-family,White,Female,76510,0,40,1
34197,19,Private,192162,9,Never-married,Not-in-family,White,Female,30624,0,40,1
34198,44,Federal-gov,116632,11,Married-civ-spouse,Husband,White,Male,0,0,35,0
34199,32,Private,116632,13,Married-civ-spouse,Husband,White,Male,0,0,35,0
34200,38,Private,194304,10,Divorced,Not-in-family,Black,Male,23634,0,55,1
34201,38,Private,194304,10,Divorced,Not-in-family,Black,Male,41093,0,55,1
34202,41,Private,115411,10,Separated,Own-child,White,Male,88623,0,45,1
34203,41,Private,115411,10,Married-spouse-absent,Own-child,White,Male,8105,0,45,1
34204,56,Local-gov,137078,16,Married-civ-spouse,Husband,White,Male,0,0,87,1
34205,56,Local-gov,137078,14,Married-civ-spouse,Husband,White,Male,0,0,80,1
34206,46,Private,166003,7,Married-civ-spouse,Husband,White,Male,50974,307,40,1
34207,46,Private,166003,7,Married-civ-spouse,Not-in-family,White,Male,95336,0,40,1
34208,53,Self-emp-inc,162381,15,Married-civ-spouse,Husband,White,Male,2965,0,8,0
34209,53,Self-emp-inc,162381,15,Never-married,Husband,White,Male,4648,0,45,0
34210,52,Self-emp-not-inc,217210,9,Widowed,Other-relative,Black,Female,58132,0,40,1
34211,52,Self-emp-not-inc,217210,9,Widowed,Other-relative,Black,Female,32526,0,13,1
34212,33,Private,433375,2,Married-civ-spouse,Husband,White,Male,69619,2325,35,1
34213,33,Private,433375,2,Married-civ-spouse,Husband,White,Male,13608,0,35,1
34214,22,Private,35663,9,Never-married,Not-in-family,White,Female,52962,0,40,1
34215,22,Private,35663,9,Never-married,Own-child,White,Female,86711,0,40,1
34216,25,Private,316688,9,Never-married,Own-child,Black,Male,63104,0,40,1
34217,25,Private,316688,9,Never-married,Not-in-family,Black,Male,68453,0,40,1
34218,24,Private,241185,9,Never-married,Not-in-family,Asian-Pac-Islander,Female,67416,0,48,1
34219,46,Private,241185,9,Never-married,Not-in-family,White,Female,44308,0,48,1
34220,38,Private,154641,11,Married-civ-spouse,Husband,White,Male,74946,0,40,1
34221,38,Private,154641,11,Married-civ-spouse,Husband,White,Male,13981,0,40,1
34222,40,Private,104196,13,Married-civ-spouse,Own-child,White,Male,0,0,60,0
34223,40,Private,104196,13,Married-civ-spouse,Not-in-family,White,Male,0,1700,60,0
34224,87,Private,97741,9,Married-civ-spouse,Husband,White,Male,0,0,45,0
34225,50,Private,97741,7,Married-civ-spouse,Husband,White,Male,0,0,31,0
34226,17,Federal-gov,198606,7,Never-married,Own-child,White,Female,80221,0,16,1
34227,17,Private,198606,7,Married-spouse-absent,Own-child,White,Female,44051,0,16,1
34228,47,Private,187440,9,Never-married,Husband,White,Male,5178,139,40,0
34229,47,Private,187440,9,Never-married,Husband,White,Male,5178,0,14,0
34230,47,Private,298225,10,Married-civ-spouse,Husband,White,Female,0,0,35,1
34231,25,Private,298225,10,Married-civ-spouse,Husband,White,Male,88723,0,35,1
34232,31,Private,651396,9,Never-married,Own-child,White,Female,78557,1594,30,1
34233,31,Private,651396,9,Never-married,Own-child,White,Female,72943,1594,30,1
34234,45,Self-emp-inc,281911,9,Married-civ-spouse,Own-child,White,Male,7847,0,48,1
34235,45,Self-emp-inc,281911,9,Married-civ-spouse,Husband,White,Male,0,3518,48,1
34236,58,Federal-gov,243929,9,Never-married,Not-in-family,White,Male,51864,0,48,1
34237,58,Federal-gov,243929,13,Never-married,Not-in-family,White,Male,43638,618,48,1
34238,21,State-gov,151790,7,Never-married,Own-child,White,Female,15549,0,30,1
34239,21,State-gov,151790,10,Never-married,Own-child,Asian-Pac-Islander,Female,52770,0,30,1
34240,34,Private,182926,8,Married-civ-spouse,Husband,White,Male,0,3332,43,0
34241,34,Private,182926,9,Married-civ-spouse,Husband,White,Male,0,853,43,0
34242,46,Private,169180,11,Divorced,Not-in-family,Black,Female,89758,0,40,1
34243,46,Without-pay,169180,11,Divorced,Not-in-family,White,Female,20152,0,40,1
34244,46,Private,110171,10,Widowed,Husband,White,Male,398,0,40,0
34245,46,Private,110171,10,Married-civ-spouse,Husband,White,Male,4457,0,55,0
34246,30,Self-emp-inc,209808,16,Never-married,Husband,White,Male,0,0,40,0
34247,30,State-gov,209808,16,Married-civ-spouse,Husband,Other,Male,0,0,40,0
34248,32,Private,242323,10,Never-married,Own-child,Other,Female,73480,0,40,1
34249,32,Private,242323,10,Never-married,Own-child,White,Female,38618,0,40,1
34250,22,Private,188274,9,Never-married,Own-child,White,Male,56444,0,40,1
34251,22,Private,188274,9,Never-married,Own-child,Asian-Pac-Islander,Male,64885,0,40,1
34252,37,Private,114765,10,Divorced,Not-in-family,White,Female,43750,0,40,1
34253,37,Private,114765,10,Never-married,Not-in-family,White,Female,59432,0,40,1
34254,49,Private,112761,9,Divorced,Not-in-family,White,Female,62239,0,40,1
34255,49,Private,112761,9,Divorced,Not-in-family,White,Female,86359,0,40,1
34256,25,Self-emp-not-inc,86872,15,Married-civ-spouse,Husband,White,Male,0,0,55,0
34257,25,Private,86872,13,Married-civ-spouse,Husband,White,Male,0,0,14,0
34258,48,Self-emp-not-inc,191389,10,Married-AF-spouse,Unmarried,White,Female,79772,0,50,1
34259,48,Self-emp-not-inc,191389,16,Divorced,Unmarried,White,Female,0,0,50,1
34260,52,Private,249196,12,Married-civ-spouse,Unmarried,Asian-Pac-Islander,Male,0,0,55,0
34261,52,Private,249196,2,Married-civ-spouse,Own-child,White,Male,0,0,55,0
34262,24,Private,236769,12,Never-married,Own-child,White,Male,15674,0,40,1
34263,24,Private,236769,12,Never-married,Own-child,White,Male,18292,0,40,1
34264,25,Private,97789,13,Married-AF-spouse,Own-child,White,Male,61158,0,50,1
34265,25,Private,97789,13,Never-married,Own-child,White,Male,38450,0,50,1
34266,45,Self-emp-inc,142719,9,Married-civ-spouse,Husband,White,Male,0,2337,40,1
34267,49,Self-emp-inc,142719,9,Married-civ-spouse,Husband,White,Male,30661,0,40,1
34268,35,Private,195946,12,Married-civ-spouse,Husband,Asian-Pac-Islander,Male,76816,0,40,1
34269,35,Private,195946,12,Married-civ-spouse,Wife,Asian-Pac-Islander,Male,13958,0,40,1
34270,30,Private,285902,15,Married-civ-spouse,Husband,White,Male,0,1305,40,1
34271,33,Private,285902,12,Married-civ-spouse,Husband,White,Male,54533,0,40,1
34272,26,Private,304283,9,Married-civ-spouse,Husband,White,Male,44210,0,40,1
34273,26,Private,304283,9,Married-civ-spouse,Husband,White,Male,56009,0,40,1
34274,28,Private,38309,11,Married-civ-spouse,Husband,White,Male,85465,0,46,1
34275,28,Private,38309,11,Married-civ-spouse,Husband,White,Male,62075,3584,40,1
34276,19,Private,186717,10,Never-married,Own-child,White,Male,77023,0,40,1
34277,19,Private,186717,10,Never-married,Own-child,White,Male,55800,0,40,1
34278,35,Private,31269,9,Married-civ-spouse,Husband,White,Male,97402,3084,40,1
34279,35,Private,31269,9,Married-spouse-absent,Husband,White,Male,40146,0,40,1
34280,39,Federal-gov,72887,3,Married-civ-spouse,Husband,Asian-Pac-Islander,Male,0,398,40,0
34281,39,Federal-gov,72887,10,Married-civ-spouse,Husband,Black,Male,0,0,18,0
34282,54,Private,103345,10,Married-civ-spouse,Husband,White,Male,0,0,40,0
34283,54,Private,103345,10,Divorced,Husband,White,Male,0,0,40,0
34284,32,Federal-gov,250585,13,Never-married,Not-in-family,White,Female,28086,0,50,1
34285,32,Local-gov,250585,13,Divorced,Not-in-family,Black,Female,0,0,50,1
34286,39,State-gov,305541,14,Never-married,Unmarried,White,Female,0,2540,55,1
34287,39,State-gov,305541,9,Never-married,Unmarried,White,Female,30473,0,55,1
34288,56,Self-emp-not-inc,214323,7,Married-civ-spouse,Husband,White,Male,33858,0,40,1
34289,56,Self-emp-not-inc,214323,7,Married-civ-spouse,Husband,White,Male,76994,0,40,1
34290,52,Private,126978,9,Married-civ-spouse,Wife,Asian-Pac-Islander,Female,22479,0,40,1
34291,52,Private,126978,9,Married-civ-spouse,Wife,Asian-Pac-Islander,Female,0,3076,40,1
34292,44,Private,122381,10,Married-civ-spouse,Husband,White,Male,88353,0,40,1
34293,44,Private,122381,16,Married-civ-spouse,Wife,White,Male,0,0,40,1
34294,43,Private,222971,3,Never-married,Unmarried,Asian-Pac-Islander,Female,99196,0,40,1
34295,43,Private,222971,3,Never-married,Unmarried,White,Female,12392,0,40,1
34296,22,Private,138994,9,Never-married,Own-child,Asian-Pac-Islander,Male,48621,0,40,1
34297,22,Private,138994,9,Never-married,Own-child,Asian-Pac-Islander,Female,43635,0,40,1
34298,38,Federal-gov,165050,9,Divorced,Not-in-family,White,Male,0,0,48,0
34299,39,Federal-gov,165050,13,Never-married,Not-in-family,White,Male,0,0,48,0
34300,79,Private,121552,4,Widowed,Unmarried,Black,Male,54962,0,5,1
34301,79,Private,121552,4,Widowed,Husband,Black,Male,63231,0,5,1
34302,56,Private,157786,9,Married-civ-spouse,Husband,White,Male,0,0,10,0
34303,56,Private,157786,9,Married-civ-spouse,Husband,White,Female,0,0,75,0
34304,21,State-gov,311311,9,Never-married,Own-child,White,Male,60510,0,12,1
34305,21,State-gov,311311,11,Never-married,Own-child,White,Male,78928,0,12,1
34306,26,State-gov,175044,10,Married-civ-spouse,Own-child,White,Male,16624,0,40,1
34307,26,State-gov,175044,16,Never-married,Own-child,White,Male,77588,0,40,1
34308,23,Private,188545,12,Never-married,Own-child,White,Female,27466,1974,20,1
34309,34,Private,188545,12,Never-married,Own-child,White,Female,28941,1974,20,1
34310,26,Private,209440,9,Never-married,Unmarried,Black,Female,73688,0,37,1
34311,26,Private,209440,9,Never-married,Wife,Black,Female,74727,0,55,1
34312,31,Private,259425,9,Married-civ-spouse,Husband,White,Male,0,2138,40,0
34313,31,Private,259425,9,Never-married,Husband,Amer-Indian-Eskimo,Male,0,0,40,0
34314,49,Self-emp-inc,102771,4,Married-civ-spouse,Husband,White,Male,0,0,76,0
34315,49,Self-emp-inc,102771,12,Married-civ-spouse,Unmarried,White,Male,0,0,52,0
34316,27,Private,359155,13,Married-civ-spouse,Wife,White,Male,0,1105,40,0
34317,23,Private,359155,13,Separated,Wife,White,Female,0,0,40,0
34318,47,Private,169388,7,Divorced,Unmarried,White,Male,87195,0,15,1
34319,47,Private,169388,7,Divorced,Own-child,White,Female,84658,0,15,1
34320,52,Private,208302,9,Divorced,Other-relative,White,Male,76212,1569,30,1
34321,41,Private,208302,9,Divorced,Other-relative,White,Male,94913,0,30,1
34322,51,Private,293802,3,Married-civ-spouse,Husband,Black,Male,58294,0,52,1
34323,51,Private,293802,3,Married-civ-spouse,Husband,Black,Female,17000,0,52,1
34324,21,Private,162869,10,Never-married,Unmarried,White,Male,36989,0,28,1
34325,21,Private,162869,10,Never-married,Own-child,White,Male,37186,0,40,1
34326,55,Private,186479,9,Married-civ-spouse,Husband,White,Female,80347,0,40,1
34327,55,Private,186479,9,Married-civ-spouse,Husband,White,Male,62662,0,54,1
34328,44,Self-emp-inc,144778,10,Married-civ-spouse,Husband,White,Female,0,1437,50,0
34329,44,Self-emp-inc,144778,10,Married-civ-spouse,Husband,White,Female,0,0,75,0
34330,42,Private,156526,10,Never-married,Not-in-family,White,Male,35693,0,33,1
34331,42,Private,156526,14,Never-married,Not-in-family,White,Male,67275,0,33,1
34332,29,Local-gov,218650,10,Never-married,Unmarried,White,Female,23400,0,40,1
34333,29,Local-gov,218650,10,Never-married,Not-in-family,White,Female,60857,0,40,1
34334,60,Private,133669,10,Married-civ-spouse,Husband,Asian-Pac-Islander,Male,0,0,40,0
34335,49,Private,133669,10,Married-civ-spouse,Husband,White,Male,0,3250,40,0
34336,60,Private,122276,3,Married-civ-spouse,Husband,White,Male,8986,0,45,1
34337,60,Private,122276,3,Married-civ-spouse,Husband,White,Male,82303,0,45,1
34338,37,Private,685955,13,Never-married,Unmarried,Black,Male,0,2813,50,1
34339,30,Private,685955,13,Never-married,Wife,Black,Male,90926,0,50,1
34340,18,Private,434430,14,Never-married,Not-in-family,White,Male,68802,0,30,1
34341,18,Private,434430,9,Never-married,Not-in-family,White,Male,78193,0,30,1
34342,17,Private,180131,8,Separated,Not-in-family,White,Male,0,0,50,0
34343,35,Federal-gov,180131,13,Separated,Unmarried,White,Male,0,0,50,0
34344,79,Self-emp-not-inc,257250,4,Married-spouse-absent,Own-child,White,Male,0,0,75,1
34345,36,Self-emp-not-inc,257250,4,Never-married,Own-child,White,Male,43964,0,75,1
34346,40,Self-emp-inc,233117,7,Married-civ-spouse,Husband,White,Male,0,0,40,0
34347,39,Self-emp-inc,233117,4,Married-civ-spouse,Husband,White,Male,0,890,40,0
34348,33,Local-gov,251521,13,Never-married,Not-in-family,White,Female,22400,0,50,1
34349,33,Local-gov,251521,13,Never-married,Not-in-family,White,Female,0,3542,50,1
34350,52,Private,308764,5,Divorced,Unmarried,White,Female,36738,0,40,1
34351,52,Private,308764,11,Divorced,Unmarried,White,Female,17954,0,40,1
34352,43,Private,141327,9,Divorced,Not-in-family,White,Female,72142,1342,40,1
34353,43,Private,141327,9,Divorced,Not-in-family,White,Female,89637,0,40,1
34354,55,Private,419732,10,Divorced,Unmarried,White,Female,50081,0,38,1
34355,55,Private,419732,10,Divorced,Unmarried,White,Female,51446,0,38,1
34356,40,Private,229148,8,Married-civ-spouse,Husband,Black,Male,0,1980,40,1
34357,40,Private,229148,8,Married-civ-spouse,Husband,Black,Male,42320,0,40,1
34358,77,Private,299508,9,Divorced,Unmarried,Black,Female,35896,0,55,1
34359,47,Private,299508,9,Divorced,Unmarried,Black,Female,77913,2774,55,1
34360,62,Private,173601,13,Married-civ-spouse,Husband,White,Female,0,3563,40,1
34361,62,Private,173601,13,Married-civ-spouse,Husband,White,Male,0,0,73,1
34362,26,Private,262656,9,Never-married,Own-child,Other,Female,70663,0,40,1
34363,26,Private,262656,9,Never-married,Own-child,White,Female,36316,0,40,1
34364,27,Private,607658,13,Never-married,Not-in-family,White,Female,22329,0,40,1
34365,27,Private,607658,13,Never-married,Not-in-family,White,Female,39736,341,40,1
34366,19,Private,95078,9,Separated,Own-child,White,Female,71983,0,15,1
34367,19,Private,95078,9,Never-married,Own-child,White,Female,62538,1793,15,1
34368,33,Self-emp-inc,189265,10,Never-married,Not-in-family,White,Female,73762,0,5,1
34369,33,Self-emp-not-inc,189265,10,Married-AF-spouse,Not-in-family,White,Female,65718,0,5,1
34370,28,Private,285294,10,Married-civ-spouse,Wife,Black,Female,3396,0,45,0
34371,28,Private,285294,13,Married-civ-spouse,Wife,Black,Female,2469,0,30,0
34372,30,Private,104223,9,Never-married,Unmarried,Black,Female,68520,0,32,1
34373,30,Private,104223,14,Never-married,Unmarried,Black,Female,64012,0,32,1
34374,59,Private,184493,4,Married-civ-spouse,Husband,White,Male,0,0,67,0
34375,29,Private,184493,10,Married-civ-spouse,Husband,White,Male,0,0,40,0
34376,56,Private,435022,10,Married-civ-spouse,Not-in-family,White,Female,20640,0,50,1
34377,56,Private,435022,10,Divorced,Not-in-family,White,Female,47867,0,50,1
34378,44,Self-emp-inc,229466,10,Married-civ-spouse,Husband,White,Male,0,0,89,0
34379,44,Self-emp-inc,229466,10,Never-married,Husband,White,Male,0,0,72,0
34380,24,Private,44493,11,Married-civ-spouse,Not-in-family,White,Female,76714,0,40,1
34381,24,Private,44493,11,Widowed,Wife,White,Female,67143,0,40,1
34382,52,Private,177465,16,Divorced,Unmarried,White,Female,0,0,97,1
34383,52,Private,177465,6,Divorced,Unmarried,White,Female,27459,0,25,1
34384,51,Private,45599,9,Divorced,Not-in-family,Amer-Indian-Eskimo,Male,60904,0,40,1
34385,51,Private,45599,9,Divorced,Not-in-family,White,Male,28603,0,40,1
34386,43,Self-emp-inc,405601,10,Married-civ-spouse,Husband,White,Male,51232,1506,60,1
34387,43,Self-emp-inc,405601,10,Married-civ-spouse,Husband,White,Male,91656,0,90,1
34388,22,Private,126822,6,Never-married,Own-child,Asian-Pac-Islander,Female,48650,0,30,1
34389,22,Private,126822,6,Never-married,Own-child,White,Female,17825,0,30,1
34390,18,Private,163332,13,Never-married,Own-child,White,Female,69676,0,22,1
34391,18,Without-pay,163332,9,Never-married,Own-child,White,Female,44053,0,22,1
34392,51,Self-emp-not-inc,149220,10,Married-civ-spouse,Husband,White,Male,0,3398,75,1
34393,51,Local-gov,149220,10,Married-civ-spouse,Husband,White,Male,64768,0,75,1
34394,19,Private,369164,9,Never-married,Own-child,White,Male,16610,0,70,1
34395,19,Private,369164,9,Never-married,Own-child,White,Male,98366,0,40,1
34396,71,Local-gov,210673,9,Married-civ-spouse,Husband,White,Male,77913,0,28,1
34397,71,State-gov,210673,9,Married-civ-spouse,Husband,White,Male,0,0,86,1
34398,29,Private,271466,11,Never-married,Not-in-family,Asian-Pac-Islander,Male,76747,0,43,1
34399,29,Private,271466,11,Never-married,Not-in-family,White,Male,9299,0,43,1
34400,40,Private,211938,6,Never-married,Not-in-family,White,Male,92341,0,40,1
34401,40,Private,211938,15,Never-married,Not-in-family,White,Male,0,0,40,1
34402,41,Private,220694,13,Divorced,Not-in-family,White,Male,86242,0,37,1
34403,41,Private,220694,13,Divorced,Not-in-family,White,Male,83825,0,37,1
34404,56,Local-gov,273187,9,Never-married,Own-child,White,Female,63087,0,36,1
34405,37,Local-gov,273187,9,Never-married,Own-child,White,Female,61942,0,36,1
34406,29,Private,199903,9,Never-married,Own-child,White,Female,56128,0,20,1
34407,29,State-gov,199903,9,Never-married,Own-child,White,Female,34200,0,20,1
34408,33,Private,263561,9,Divorced,Unmarried,White,Male,0,3219,60,1
34409,33,Private,263561,9,Divorced,Other-relative,White,Male,43257,0,60,1
34410,62,Private,122033,9,Widowed,Not-in-family,White,Female,64270,0,38,1
34411,62,Private,122033,9,Separated,Not-in-family,White,Female,31572,0,38,1
34412,43,Private,281138,9,Separated,Not-in-family,White,Female,94696,0,58,1
34413,50,Private,281138,9,Separated,Not-in-family,White,Female,90732,0,40,1
34414,47,Private,195978,9,Married-civ-spouse,Wife,White,Male,0,1530,40,0
34415,47,Private,195978,9,Married-civ-spouse,Husband,White,Male,0,1726,40,0
34416,39,Private,268258,11,Married-civ-spouse,Husband,Black,Male,2067,0,50,0
34417,39,Private,268258,9,Married-civ-spouse,Husband,Black,Male,884,0,50,0
34418,39,Private,193375,14,Married-civ-spouse,Wife,Asian-Pac-Islander,Female,0,0,10,1
34419,59,Private,193375,14,Married-civ-spouse,Wife,White,Male,0,0,52,1
34420,43,Self-emp-not-inc,336763,10,Divorced,Unmarried,White,Female,73738,880,42,1
34421,43,Self-emp-not-inc,336763,10,Divorced,Unmarried,White,Female,30455,880,42,1
34422,71,Private,372682,10,Married-civ-spouse,Wife,Asian-Pac-Islander,Female,0,0,40,0
34423,41,Private,372682,10,Married-AF-spouse,Husband,White,Female,0,0,40,0
34424,51,Self-emp-inc,335902,10,Married-civ-spouse,Husband,White,Male,40822,1672,55,1
34425,65,Self-emp-inc,335902,10,Married-civ-spouse,Husband,White,Male,0,3498,55,1
34426,18,Private,110142,9,Never-married,Own-child,White,Female,71036,0,40,1
34427,18,Private,110142,9,Never-married,Own-child,White,Female,77136,0,40,1
34428,30,Private,84119,9,Married-civ-spouse,Husband,White,Male,0,3613,65,0
34429,30,Federal-gov,84119,9,Separated,Husband,White,Male,0,0,65,0
34430,44,Private,300528,7,Married-civ-spouse,Husband,White,Male,0,1189,29,0
34431,29,Private,300528,7,Married-civ-spouse,Husband,White,Male,0,0,40,0
34432,80,Self-emp-inc,190763,13,Married-civ-spouse,Husband,White,Male,0,0,40,0
34433,58,Self-emp-inc,190763,1,Married-civ-spouse,Husband,White,Male,0,0,40,0
34434,38,Self-emp-not-inc,36270,9,Married-spouse-absent,Unmarried,White,Male,44111,0,60,1
34435,38,Self-emp-not-inc,36270,9,Married-spouse-absent,Unmarried,White,Male,0,2705,60,1
34436,54,Private,24108,10,Separated,Not-in-family,White,Female,58482,0,40,1
34437,18,Private,24108,10,Separated,Not-in-family,White,Female,82268,0,40,1
34438,25,Private,306666,10,Married-civ-spouse,Husband,Black,Male,74668,0,45,1
34439,25,Private,306666,10,Married-civ-spouse,Husband,Black,Male,98249,0,45,1
34440,28,Self-emp-not-inc,218555,10,Never-married,Not-in-family,White,Male,49595,1762,40,1
34441,28,Self-emp-not-inc,218555,10,Never-married,Not-in-family,White,Male,39022,1762,40,1
34442,42,Federal-gov,245975,9,Married-civ-spouse,Husband,White,Male,23528,0,40,1
34443,42,Private,245975,9,Married-civ-spouse,Husband,White,Male,42638,0,40,1
34444,20,Self-emp-inc,36228,13,Married-civ-spouse,Husband,White,Male,4386,0,87,0
34445,86,Self-emp-inc,36228,13,Never-married,Husband,White,Male,4386,0,35,0
34446,37,Private,272950,9,Divorced,Not-in-family,White,Male,33605,0,40,1
34447,37,Private,272950,10,Divorced,Not-in-family,White,Male,27846,0,40,1
34448,39,Private,232854,9,Divorced,Not-in-family,White,Male,32978,2447,40,1
34449,39,Private,232854,9,Divorced,Not-in-family,White,Male,13570,0,95,1
34450,47,Private,129513,13,Widowed,Husband,White,Male,0,0,20,0
34451,26,Private,129513,13,Married-civ-spouse,Husband,Asian-Pac-Islander,Male,0,0,60,0
34452,76,Self-emp-not-inc,361888,9,Married-civ-spouse,Husband,White,Male,0,0,45,0
34453,36,Private,361888,9,Never-married,Husband,White,Male,0,0,97,0
34454,36,Private,115023,11,Married-civ-spouse,Husband,White,Male,0,2959,60,0
34455,24,Private,115023,11,Married-civ-spouse,Husband,White,Male,0,1887,10,0
34456,33,State-gov,190290,11,Never-married,Not-in-family,White,Male,0,2694,56,1
34457,33,Local-gov,190290,11,Never-married,Wife,White,Male,9816,0,56,1
34458,26,Private,158397,9,Never-married,Own-child,White,Male,40779,0,40,1
34459,26,Private,158397,9,Never-married,Own-child,White,Male,60078,0,40,1
34460,56,Private,174209,3,Married-civ-spouse,Husband,Black,Male,75062,0,40,1
34461,56,Federal-gov,174209,16,Married-civ-spouse,Husband,Black,Male,0,0,40,1
34462,40,Private,55395,11,Married-civ-spouse,Husband,White,Male,0,3877,40,0
34463,40,Private,55395,11,Widowed,Husband,Other,Male,0,0,40,0
34464,76,Private,248094,9,Married-civ-spouse,Husband,White,Male,0,2337,40,1
34465,40,Private,248094,9,Married-civ-spouse,Husband,White,Male,59356,0,40,1
34466,63,Self-emp-not-inc,129845,4,Married-civ-spouse,Husband,White,Male,77668,0,40,1
34467,63,Self-emp-not-inc,129845,4,Married-civ-spouse,Husband,White,Female,56550,0,40,1
34468,52,Private,145166,13,Married-AF-spouse,Husband,White,Male,1443,0,23,0
34469,52,Self-emp-not-inc,145166,13,Married-civ-spouse,Husband,White,Male,725,0,1,0
34470,28,Private,220043,13,Married-civ-spouse,Other-relative,White,Male,0,0,75,0
34471,28,Private,220043,11,Married-civ-spouse,Husband,White,Female,0,0,40,0
34472,65,Private,196174,6,Separated,Not-in-family,White,Female,84566,0,28,1
34473,65,Private,196174,6,Divorced,Not-in-family,White,Female,51096,0,28,1
34474,62,Private,177791,6,Divorced,Own-child,White,Female,60452,0,40,1
34475,62,Private,177791,6,Divorced,Own-child,White,Female,88256,0,40,1
34476,28,Private,140845,1,Never-married,Not-in-family,White,Female,35452,155,40,1
34477,28,Private,140845,6,Never-married,Not-in-family,White,Female,84567,155,40,1
34478,44,Private,118536,5,Married-civ-spouse,Other-relative,Black,Male,45752,0,40,1
34479,61,Private,118536,15,Married-civ-spouse,Husband,Black,Male,0,0,40,0
34480,41,Private,57233,13,Married-civ-spouse,Husband,White,Male,39712,0,70,1
34481,41,Self-emp-not-inc,57233,13,Married-civ-spouse,Husband,White,Male,75191,0,70,1
34482,76,Private,116202,9,Widowed,Unmarried,Asian-Pac-Islander,Female,38835,0,33,1
34483,76,Private,116202,9,Widowed,Unmarried,White,Female,66535,0,33,1
34484,48,Private,39986,9,Never-married,Not-in-family,White,Male,64774,0,40,1
34485,48,Private,39986,9,Never-married,Not-in-family,White,Male,58365,0,40,1
34486,40,Local-gov,131899,10,Divorced,Not-in-family,White,Male,24912,0,40,1
34487,40,Federal-gov,131899,10,Divorced,Not-in-family,White,Male,78004,0,40,1
34488,53,Federal-gov,276868,14,Married-civ-spouse,Husband,White,Male,0,1071,12,0
34489,53,Federal-gov,276868,9,Married-civ-spouse,Husband,White,Female,0,0,40,0
34490,22,Private,258289,9,Married-civ-spouse,Husband,White,Male,25243,0,40,1
34491,65,Private,258289,9,Married-civ-spouse,Husband,White,Male,60404,0,40,1
34492,63,Private,102479,13,Divorced,Not-in-family,White,Female,52344,0,40,1
34493,63,Private,102479,13,Divorced,Not-in-family,White,Female,0,2596,40,1
34494,79,Private,50178,10,Married-civ-spouse,Husband,White,Male,0,2920,40,1
34495,31,Private,50178,10,Married-civ-spouse,Husband,White,Male,61949,0,40,1
34496,18,Private,150817,7,Married-AF-spouse,Own-child,White,Female,23815,0,20,1
34497,18,Private,150817,15,Never-married,Own-child,White,Female,25933,0,20,1
34498,29,Private,165737,13,Never-married,Not-in-family,Asian-Pac-Islander,Male,25016,0,1,1
34499,29,Private,165737,13,Never-married,Not-in-family,Asian-Pac-Islander,Male,58692,0,1,1
34500,44,Private,52028,2,Married-civ-spouse,Wife,White,Female,83212,0,40,1
34501,44,Private,52028,2,Married-civ-spouse,Wife,White,Female,26884,0,40,1
34502,62,Federal-gov,202242,12,Married-civ-spouse,Husband,White,Male,0,0,48,1
34503,62,Private,202242,9,Married-civ-spouse,Husband,White,Male,0,2302,48,1
34504,45,Private,191357,11,Married-civ-spouse,Husband,White,Male,85597,1825,40,1
34505,55,Private,191357,11,Married-civ-spouse,Husband,White,Male,0,0,40,1
34506,42,Private,130067,10,Never-married,Not-in-family,White,Female,45383,0,65,1
34507,27,Private,130067,10,Married-AF-spouse,Not-in-family,White,Female,64258,0,65,1
34508,40,Self-emp-not-inc,129298,9,Married-civ-spouse,Husband,White,Male,35784,0,45,1
34509,40,Self-emp-not-inc,129298,9,Married-civ-spouse,Husband,White,Male,81888,0,45,1
34510,39,Private,224531,9,Married-civ-spouse,Husband,White,Female,2983,0,40,0
34511,39,Private,224531,9,Married-civ-spouse,Own-child,White,Male,2492,0,40,0
34512,45,Private,255014,10,Married-AF-spouse,Husband,White,Male,0,0,21,0
34513,35,Private,255014,10,Married-civ-spouse,Husband,White,Male,0,0,55,0
34514,46,State-gov,96652,11,Separated,Unmarried,Black,Female,39481,0,40,1
34515,68,State-gov,96652,11,Separated,Unmarried,Black,Female,27989,0,40,1
34516,74,Federal-gov,96129,9,Married-civ-spouse,Husband,White,Male,0,0,72,0
34517,40,Private,96129,9,Married-civ-spouse,Other-relative,Asian-Pac-Islander,Male,0,0,72,0
34518,35,Private,57640,9,Never-married,Husband,White,Male,19564,0,35,1
34519,35,Private,57640,8,Married-civ-spouse,Husband,White,Male,85257,0,35,1
34520,72,Federal-gov,94242,10,Widowed,Not-in-family,White,Female,54575,617,16,1
34521,72,Federal-gov,94242,10,Widowed,Not-in-family,White,Female,42576,0,16,1
34522,36,Private,353524,9,Divorced,Wife,White,Female,91165,0,40,1
34523,36,Private,353524,9,Divorced,Own-child,White,Female,61922,0,41,1
34524,21,Private,356286,9,Never-married,Not-in-family,Black,Male,26999,0,40,1
34525,21,Private,356286,9,Never-married,Not-in-family,Black,Male,24172,1624,40,1
34526,25,Federal-gov,50053,13,Never-married,Not-in-family,White,Male,8904,0,45,1
34527,25,Federal-gov,50053,13,Never-married,Not-in-family,White,Male,82639,689,45,1
34528,61,Private,181028,14,Married-civ-spouse,Husband,White,Male,0,2856,18,1
34529,61,Private,181028,14,Married-civ-spouse,Husband,White,Male,31957,0,18,1
34530,43,Self-emp-not-inc,557349,15,Married-civ-spouse,Husband,White,Male,0,0,40,1
34531,43,Private,557349,6,Married-civ-spouse,Husband,White,Male,79185,0,62,1
34532,52,Local-gov,182856,14,Never-married,Not-in-family,White,Male,6707,0,45,0
34533,22,Local-gov,182856,14,Never-married,Not-in-family,White,Male,1293,0,45,0
34534,51,Without-pay,454063,16,Married-civ-spouse,Husband,White,Male,4500,0,40,0
34535,75,State-gov,454063,16,Married-civ-spouse,Husband,White,Male,4831,0,40,0
34536,22,Private,230248,12,Never-married,Other-relative,White,Female,66615,3733,40,1
34537,22,Private,230248,12,Never-married,Other-relative,Amer-Indian-Eskimo,Female,76804,0,40,1
34538,33,Private,233107,13,Married-civ-spouse,Wife,White,Male,0,0,33,1
34539,33,Private,233107,5,Married-civ-spouse,Husband,White,Male,96899,0,33,1
34540,25,Private,460322,13,Never-married,Own-child,White,Male,12107,3477,43,1
34541,20,Private,460322,13,Never-married,Own-child,White,Male,0,3474,43,1
34542,43,Private,273230,6,Married-civ-spouse,Husband,White,Male,0,0,61,0
34543,28,Private,273230,2,Married-civ-spouse,Husband,White,Male,0,0,50,0
34544,30,Private,158420,13,Never-married,Not-in-family,White,Male,0,0,88,1
34545,30,Private,158420,13,Never-married,Wife,White,Male,72948,0,25,1
34546,45,Private,78529,9,Divorced,Not-in-family,White,Male,53523,2109,50,1
34547,45,Private,78529,10,Divorced,Not-in-family,White,Male,26453,0,50,1
34548,42,Private,155469,12,Widowed,Unmarried,White,Female,91642,0,24,1
34549,42,Private,155469,12,Widowed,Unmarried,White,Female,0,2482,24,1
34550,63,Private,133144,9,Married-AF-spouse,Husband,White,Male,0,3772,45,1
34551,88,Private,133144,9,Married-civ-spouse,Husband,White,Male,0,2716,45,1
34552,34,Private,53285,11,Married-civ-spouse,Husband,White,Male,0,0,84,1
34553,30,Self-emp-inc,53285,11,Married-civ-spouse,Husband,White,Male,91217,0,40,1
34554,26,Private,136951,9,Separated,Unmarried,Black,Female,95625,0,40,1
34555,26,Private,136951,9,Separated,Unmarried,Black,Male,76892,0,40,1
34556,25,Private,262656,12,Never-married,Own-child,White,Female,57459,1529,40,1
34557,25,Private,262656,12,Never-married,Own-child,White,Female,79200,0,40,1
34558,61,Private,98776,7,Widowed,Not-in-family,White,Female,55871,0,30,1
34559,61,Private,98776,7,Widowed,Not-in-family,White,Female,55317,0,30,1
34560,46,Private,116143,13,Married-civ-spouse,Husband,White,Male,66933,0,40,1
34561,46,Private,116143,13,Married-civ-spouse,Husband,White,Male,20454,0,44,1
34562,26,Private,236242,11,Never-married,Not-in-family,Asian-Pac-Islander,Female,85800,1590,40,1
34563,26,Private,236242,11,Never-married,Not-in-family,White,Female,68393,1590,40,1
34564,43,Private,143939,9,Divorced,Unmarried,White,Female,0,0,98,0
34565,43,State-gov,143939,9,Divorced,Unmarried,White,Male,0,838,50,0
34566,31,Private,54929,10,Divorced,Unmarried,White,Male,0,3168,60,1
34567,31,Private,54929,10,Divorced,Not-in-family,White,Male,91054,0,60,1
34568,55,Private,172642,9,Married-civ-spouse,Husband,White,Male,49216,0,40,1
34569,55,Private,172642,9,Married-civ-spouse,Husband,White,Male,85948,0,16,1
34570,39,Local-gov,222572,14,Never-married,Other-relative,White,Female,35620,0,43,1
34571,39,Local-gov,222572,14,Never-married,Unmarried,White,Female,14551,0,43,1
34572,28,Private,114158,10,Never-married,Own-child,White,Female,38125,0,26,1
34573,28,Private,114158,10,Never-married,Own-child,Other,Female,8427,0,26,1
34574,57,Private,190273,13,Never-married,Own-child,White,Male,27563,0,40,1
34575,23,Private,190273,13,Never-married,Own-child,White,Male,32621,0,40,1
34576,19,Private,415354,6,Divorced,Not-in-family,White,Male,92316,0,40,1
34577,19,Private,415354,6,Divorced,Not-in-family,White,Female,32946,388,40,1
34578,57,Private,182136,15,Married-civ-spouse,Husband,White,Male,0,0,40,1
34579,80,Private,182136,9,Married-civ-spouse,Husband,White,Male,82507,0,40,1
34580,36,Private,74706,6,Divorced,Unmarried,Asian-Pac-Islander,Female,69444,0,40,1
34581,36,Private,74706,6,Divorced,Unmarried,White,Female,60757,1568,40,1
34582,79,Self-emp-inc,97082,8,Widowed,Not-in-family,White,Male,5942,0,59,0
34583,69,Self-emp-inc,97082,8,Widowed,Not-in-family,White,Male,5318,0,45,0
34584,46,Private,107425,9,Divorced,Wife,White,Female,27378,0,40,1
34585,46,Private,107425,9,Divorced,Not-in-family,White,Female,64353,0,40,1
34586,79,Private,205852,13,Married-civ-spouse,Husband,White,Male,0,0,29,0
34587,38,Self-emp-inc,205852,7,Married-civ-spouse,Husband,White,Male,0,0,40,0
34588,41,Self-emp-not-inc,57924,10,Married-civ-spouse,Own-child,White,Male,975,0,50,0
34589,41,Self-emp-not-inc,57924,10,Married-civ-spouse,Husband,White,Male,356,0,8,0
34590,20,Private,187149,9,Never-married,Own-child,Black,Female,17531,0,40,1
34591,20,Federal-gov,187149,9,Never-married,Own-child,Black,Female,70449,0,40,1
34592,39,Federal-gov,200153,13,Divorced,Not-in-family,White,Male,0,2974,40,1
34593,39,Private,200153,13,Divorced,Not-in-family,White,Male,78951,459,40,1
34594,34,Private,299635,6,Never-married,Husband,White,Male,0,1902,50,0
34595,20,Private,299635,14,Married-civ-spouse,Own-child,White,Male,0,1902,50,0
34596,44,Private,196545,13,Married-civ-spouse,Husband,White,Male,4936,0,40,0
34597,44,Private,196545,13,Married-civ-spouse,Husband,White,Female,3862,0,40,0
34598,21,Private,111467,10,Never-married,Not-in-family,White,Female,29105,0,40,1
34599,21,Private,111467,10,Never-married,Not-in-family,White,Male,16177,0,40,1
34600,17,Private,57324,6,Married-AF-spouse,Own-child,White,Male,84736,0,30,1
34601,17,Private,57324,6,Never-married,Own-child,White,Male,65793,0,30,1
34602,42,Local-gov,267252,11,Separated,Unmarried,Amer-Indian-Eskimo,Male,0,0,45,0
34603,86,Local-gov,267252,14,Separated,Unmarried,Black,Female,0,0,45,0
34604,38,Private,168322,9,Married-civ-spouse,Husband,White,Male,12378,0,60,1
34605,38,Private,168322,6,Married-civ-spouse,Husband,White,Male,89719,0,60,1
34606,24,Private,240137,2,Never-married,Not-in-family,White,Male,29733,0,55,1
34607,24,Private,240137,2,Never-married,Not-in-family,White,Male,89212,0,55,1
34608,22,Federal-gov,351952,10,Never-married,Unmarried,White,Female,39022,0,20,1
34609,22,State-gov,351952,10,Never-married,Unmarried,White,Female,26816,0,20,1
34610,23,Private,209955,10,Never-married,Own-child,White,Male,92774,0,40,1
34611,23,Private,209955,10,Never-married,Own-child,White,Male,93803,0,40,1
34612,34,Private,30497,9,Married-civ-spouse,Husband,White,Male,1105,0,60,0
34613,34,Private,30497,13,Married-civ-spouse,Husband,White,Male,4936,0,23,0
34614,26,Private,135848,13,Never-married,Not-in-family,White,Male,97642,1994,10,1
34615,26,Private,135848,13,Never-married,Not-in-family,White,Male,8476,1114,10,1
34616,39,Private,81487,10,Divorced,Unmarried,White,Female,77667,625,27,1
34617,17,Private,81487,10,Divorced,Unmarried,White,Female,15753,625,40,1
34618,73,Self-emp-not-inc,177387,9,Married-civ-spouse,Husband,White,Male,59291,0,40,1
34619,73,Self-emp-not-inc,177387,9,Married-civ-spouse,Husband,White,Male,92574,882,40,1
34620,18,Private,36882,15,Never-married,Own-child,White,Female,91187,0,20,1
34621,18,Private,36882,9,Never-married,Own-child,White,Female,38150,0,20,1
34622,48,Self-emp-not-inc,185039,9,Divorced,Unmarried,White,Female,36587,0,30,1
34623,48,Private,185039,9,Divorced,Unmarried,White,Female,36362,0,30,1
34624,80,Private,379778,9,Never-married,Not-in-family,White,Male,10428,0,40,1
34625,22,Private,379778,9,Never-married,Not-in-family,White,Male,48557,0,40,1
34626,32,Private,187936,6,Never-married,Not-in-family,Black,Female,14158,498,50,1
34627,32,Private,187936,6,Never-married,Not-in-family,Black,Female,14731,0,50,1
34628,50,Federal-gov,221532,12,Married-spouse-absent,Husband,Other,Male,0,0,40,0
34629,50,Federal-gov,221532,3,Married-civ-spouse,Wife,White,Male,0,0,40,0
34630,74,Private,97167,9,Never-married,Husband,White,Male,17723,0,15,1
34631,74,Private,97167,9,Married-civ-spouse,Husband,White,Female,45262,0,15,1
34632,32,Self-emp-not-inc,260833,10,Married-civ-spouse,Husband,White,Male,0,0,45,0
34633,54,Self-emp-not-inc,260833,10,Married-civ-spouse,Husband,White,Male,0,0,63,0
34634,47,Private,79627,15,Divorced,Unmarried,White,Male,3009,0,50,0
34635,47,Self-emp-inc,79627,10,Divorced,Not-in-family,White,Male,1475,0,50,0
34636,44,Private,320984,13,Married-civ-spouse,Husband,Black,Male,0,0,4,0
34637,44,Self-emp-inc,320984,4,Married-civ-spouse,Husband,White,Male,0,0,60,0
34638,67,Private,160456,7,Widowed,Not-in-family,White,Female,48842,0,40,1
34639,34,Private,160456,7,Widowed,Not-in-family,White,Female,35246,0,40,1
34640,34,Private,198091,9,Married-civ-spouse,Husband,White,Male,32568,0,86,1
34641,67,Private,198091,9,Married-civ-spouse,Husband,White,Male,0,2568,72,1
34642,29,Private,97254,7,Never-married,Not-in-family,Amer-Indian-Eskimo,Male,78022,0,40,1
34643,29,Private,97254,7,Never-married,Not-in-family,Amer-Indian-Eskimo,Male,44416,0,49,1
34644,32,Private,239662,9,Married-civ-spouse,Husband,Black,Male,70554,1579,36,1
34645,32,Private,239662,5,Married-civ-spouse,Husband,Black,Male,59631,1579,36,1
34646,39,Private,103456,2,Married-civ-spouse,Husband,White,Female,0,0,45,0
34647,39,Private,103456,13,Married-spouse-absent,Husband,White,Male,0,0,32,0
34648,48,Self-emp-not-inc,56841,10,Divorced,Not-in-family,White,Male,22027,0,40,1
34649,48,Self-emp-not-inc,56841,10,Divorced,Not-in-family,White,Male,13342,0,40,1
34650,22,Private,332194,10,Never-married,Own-child,Black,Male,11479,0,40,1
34651,63,Private,332194,10,Never-married,Own-child,Black,Male,19855,0,40,1
34652,39,Private,39054,9,Married-civ-spouse,Husband,White,Male,0,0,41,0
34653,30,Federal-gov,39054,9,Married-civ-spouse,Husband,White,Male,0,0,95,0
34654,72,Private,338611,10,Divorced,Unmarried,White,Female,20679,0,40,1
34655,35,Private,338611,10,Divorced,Unmarried,White,Female,86581,2680,40,1
34656,42,Local-gov,209818,13,Divorced,Not-in-family,White,Female,0,2935,55,1
34657,42,Local-gov,209818,13,Divorced,Other-relative,White,Female,21258,0,55,1
34658,36,Private,203488,13,Married-civ-spouse,Husband,White,Male,0,3718,40,1
34659,33,Private,203488,13,Married-civ-spouse,Husband,White,Male,9409,1672,40,1
34660,43,Private,255586,9,Divorced,Unmarried,White,Male,63161,522,40,1
34661,43,Private,255586,9,Divorced,Unmarried,White,Male,80380,0,40,1
34662,31,Private,237824,14,Married-spouse-absent,Other-relative,Black,Female,92004,0,60,1
34663,31,Private,237824,9,Married-spouse-absent,Other-relative,Black,Female,29016,0,60,1
34664,41,Private,118619,13,Married-civ-spouse,Husband,Black,Male,0,2955,70,1
34665,41,Private,118619,13,Married-civ-spouse,Husband,Black,Female,21167,0,50,1
34666,20,Federal-gov,471990,5,Married-civ-spouse,Husband,Black,Male,0,0,40,0
34667,47,Federal-gov,471990,1,Married-civ-spouse,Husband,Black,Male,0,0,3,0
34668,22,Private,315130,13,Never-married,Not-in-family,White,Female,42265,0,10,1
34669,25,Private,315130,13,Never-married,Not-in-family,White,Female,0,3040,10,0
34670,19,Private,311015,9,Never-married,Wife,White,Male,86595,0,40,1
34671,78,Private,311015,9,Never-married,Not-in-family,White,Male,33131,0,40,1
34672,69,Self-emp-not-inc,505365,10,Married-civ-spouse,Unmarried,White,Male,6514,0,16,0
34673,69,Self-emp-not-inc,505365,10,Married-civ-spouse,Husband,White,Male,4526,786,45,0
34674,30,Private,104052,9,Never-married,Not-in-family,White,Male,26387,1741,42,1
34675,30,Private,104052,9,Never-married,Not-in-family,White,Male,76809,1741,42,1
34676,37,Private,178136,9,Married-civ-spouse,Husband,Asian-Pac-Islander,Male,76468,0,40,1
34677,37,Private,178136,9,Married-civ-spouse,Husband,White,Male,67998,0,40,1
34678,47,Private,217509,9,Never-married,Not-in-family,Asian-Pac-Islander,Female,57369,0,45,1
34679,36,Private,217509,9,Widowed,Not-in-family,Asian-Pac-Islander,Female,64723,0,45,1
34680,33,Private,229716,9,Divorced,Not-in-family,White,Male,40829,0,38,1
34681,33,Private,229716,9,Divorced,Not-in-family,White,Male,34404,0,38,1
34682,46,Federal-gov,140664,10,Separated,Not-in-family,White,Male,0,0,48,0
34683,46,Federal-gov,140664,8,Married-civ-spouse,Husband,Black,Male,0,0,48,0
34684,49,Private,240841,4,Never-married,Unmarried,White,Female,18246,0,35,1
34685,49,Private,240841,4,Divorced,Unmarried,White,Female,42471,0,35,1
34686,22,Private,198244,9,Never-married,Not-in-family,Amer-Indian-Eskimo,Female,73832,0,39,1
34687,22,Private,198244,10,Never-married,Not-in-family,White,Female,62678,0,39,1
34688,23,Private,186666,10,Never-married,Wife,White,Male,67211,0,40,1
34689,23,Private,186666,10,Never-married,Not-in-family,White,Male,68233,0,40,1
34690,61,Self-emp-not-inc,171840,9,Widowed,Unmarried,White,Female,57945,0,16,1
34691,61,Self-emp-not-inc,171840,9,Widowed,Unmarried,White,Female,68540,0,49,1
34692,38,Private,60135,9,Never-married,Own-child,White,Female,82862,0,40,1
34693,38,Private,60135,9,Widowed,Not-in-family,White,Female,92188,0,40,1
34694,46,Private,189763,16,Divorced,Not-in-family,White,Female,77559,0,30,1
34695,46,Private,189763,13,Divorced,Not-in-family,White,Female,70802,0,30,1
34696,59,Self-emp-inc,77816,15,Married-civ-spouse,Husband,Other,Male,4480,0,40,0
34697,59,Self-emp-inc,77816,15,Married-civ-spouse,Husband,White,Male,3555,0,40,0
34698,32,Local-gov,34104,3,Married-civ-spouse,Husband,White,Male,3103,0,55,0
34699,32,Private,34104,9,Married-civ-spouse,Husband,White,Male,3103,0,6,0
34700,28,Private,258594,13,Never-married,Not-in-family,White,Female,0,2856,50,1
34701,28,Private,258594,13,Never-married,Not-in-family,White,Female,17694,0,85,1
34702,32,Private,857532,16,Never-married,Own-child,Black,Male,61437,0,40,1
34703,32,Private,857532,9,Never-married,Own-child,Black,Male,26405,0,40,1
34704,18,Private,280298,9,Married-AF-spouse,Own-child,White,Female,42243,0,24,1
34705,18,Private,280298,9,Never-married,Own-child,Black,Female,18997,0,24,1
34706,30,Private,226296,14,Widowed,Not-in-family,White,Male,80155,0,40,1
34707,30,Self-emp-inc,226296,14,Never-married,Not-in-family,White,Male,31921,0,40,1
34708,43,Private,170482,9,Separated,Not-in-family,White,Female,35566,0,62,1
34709,43,Private,170482,9,Separated,Not-in-family,White,Female,88301,0,44,1
34710,31,Federal-gov,168232,13,Never-married,Other-relative,White,Male,0,0,55,0
34711,45,Federal-gov,168232,13,Never-married,Other-relative,White,Male,0,0,7,0
34712,37,Private,212826,9,Married-civ-spouse,Husband,Other,Male,38017,0,40,1
34713,37,Private,212826,9,Married-civ-spouse,Husband,Black,Male,78988,2986,40,1
34714,38,Self-emp-not-inc,64875,15,Divorced,Not-in-family,White,Male,0,619,50,1
34715,38,Self-emp-not-inc,64875,9,Divorced,Not-in-family,White,Male,81948,0,50,1
34716,33,Private,143540,9,Married-civ-spouse,Husband,White,Male,74985,0,40,1
34717,33,Private,143540,9,Married-civ-spouse,Husband,White,Male,0,1826,40,1
34718,23,Private,178207,10,Never-married,Unmarried,Amer-Indian-Eskimo,Female,94168,0,35,1
34719,23,Private,178207,10,Never-married,Unmarried,Amer-Indian-Eskimo,Female,84864,0,35,1
34720,22,Private,332657,10,Never-married,Not-in-family,White,Female,75915,0,89,1
34721,22,Private,332657,10,Married-civ-spouse,Not-in-family,White,Female,97034,0,40,1
34722,31,Private,142038,9,Married-civ-spouse,Wife,White,Female,0,2892,45,1
34723,31,Federal-gov,142038,15,Married-civ-spouse,Wife,White,Female,0,0,45,1
34724,29,Private,49087,13,Never-married,Not-in-family,White,Male,90482,0,50,1
34725,29,Private,49087,13,Never-married,Not-in-family,White,Male,0,3129,50,1
34726,58,Private,185459,7,Married-civ-spouse,Husband,White,Male,48139,0,40,1
34727,58,Private,185459,7,Married-civ-spouse,Husband,White,Male,64773,0,40,1
34728,39,Private,270059,10,Divorced,Unmarried,White,Female,8768,0,35,1
34729,39,Private,270059,10,Divorced,Unmarried,White,Female,57336,0,35,1
34730,36,Private,144169,9,Married-civ-spouse,Husband,White,Male,64158,0,50,1
34731,73,Private,144169,9,Married-civ-spouse,Husband,White,Male,59169,0,50,1
34732,32,Private,207301,9,Never-married,Not-in-family,White,Female,70671,0,40,1
34733,32,Private,207301,3,Never-married,Not-in-family,White,Female,57160,0,40,1
34734,51,Private,194908,9,Married-civ-spouse,Wife,White,Female,0,2129,40,1
34735,51,Without-pay,194908,13,Married-civ-spouse,Wife,White,Female,0,0,40,1
34736,34,State-gov,92531,9,Divorced,Not-in-family,Other,Male,73424,0,40,1
34737,34,State-gov,92531,9,Divorced,Not-in-family,White,Male,31139,0,40,1
34738,49,Local-gov,174575,9,Married-civ-spouse,Husband,White,Male,47369,0,40,1
34739,41,Local-gov,174575,14,Married-AF-spouse,Husband,White,Male,0,0,40,1
34740,19,Private,209205,14,Married-civ-spouse,Husband,White,Male,0,0,45,0
34741,28,Private,209205,4,Married-civ-spouse,Husband,White,Male,0,0,96,0
34742,26,Local-gov,208122,13,Never-married,Own-child,White,Male,11230,0,40,1
34743,26,Local-gov,208122,13,Never-married,Own-child,White,Male,17617,0,40,1
34744,36,Private,247750,9,Married-civ-spouse,Husband,Black,Male,0,1829,79,1
34745,36,Private,247750,9,Married-civ-spouse,Husband,Black,Male,55593,0,45,1
34746,44,Private,249352,13,Married-civ-spouse,Husband,Black,Male,0,0,95,1
34747,54,Local-gov,249352,13,Married-civ-spouse,Husband,Black,Male,36823,0,40,1
34748,73,Local-gov,222702,6,Married-civ-spouse,Husband,White,Male,96699,0,5,1
34749,73,Local-gov,222702,6,Married-civ-spouse,Husband,White,Male,47969,0,5,1
34750,39,State-gov,221059,8,Divorced,Other-relative,Other,Female,7688,0,38,0
34751,39,State-gov,221059,10,Never-married,Other-relative,Other,Female,7688,0,38,0
34752,28,Private,115971,10,Divorced,Unmarried,White,Female,51939,0,40,1
34753,28,Private,115971,10,Divorced,Unmarried,White,Female,70636,0,40,1
34754,18,Private,271935,9,Never-married,Own-child,White,Female,92568,0,40,1
34755,18,Private,271935,9,Never-married,Own-child,White,Female,62956,2260,40,1
34756,33,Self-emp-inc,289886,9,Never-married,Unmarried,Asian-Pac-Islander,Male,68644,0,40,1
34757,33,Self-emp-inc,289886,9,Never-married,Unmarried,Asian-Pac-Islander,Male,60465,0,47,1
34758,31,Local-gov,32593,13,Never-married,Not-in-family,White,Female,98658,620,40,1
34759,31,Local-gov,32593,13,Divorced,Not-in-family,White,Female,43365,0,40,1
34760,22,Federal-gov,68985,14,Married-civ-spouse,Husband,White,Male,0,0,55,0
34761,54,Private,68985,5,Married-civ-spouse,Husband,White,Male,0,2169,55,0
34762,39,Private,174938,13,Married-spouse-absent,Not-in-family,White,Male,43488,0,40,1
34763,39,Without-pay,174938,13,Never-married,Not-in-family,White,Male,23950,0,40,1
34764,50,Private,320510,5,Widowed,Husband,White,Male,0,0,60,0
34765,69,Private,320510,10,Married-civ-spouse,Husband,White,Male,0,0,60,0
34766,32,Private,162442,13,Never-married,Not-in-family,White,Female,8872,0,60,1
34767,32,Local-gov,162442,13,Never-married,Not-in-family,White,Female,46128,0,60,1
34768,30,Private,243165,9,Married-civ-spouse,Husband,White,Male,0,1909,40,1
34769,30,Private,243165,9,Married-civ-spouse,Husband,White,Male,71282,2867,40,1
34770,17,Private,125000,13,Married-civ-spouse,Unmarried,White,Male,0,0,40,0
34771,56,Private,125000,1,Married-civ-spouse,Own-child,White,Male,0,0,40,0
34772,34,Private,425622,3,Married-civ-spouse,Husband,White,Male,38029,0,40,1
34773,34,Private,425622,3,Married-civ-spouse,Husband,White,Male,43842,0,40,1
34774,35,Private,98389,7,Married-civ-spouse,Husband,White,Male,76601,0,40,1
34775,35,Private,98389,16,Married-civ-spouse,Wife,White,Male,0,0,40,1
34776,29,Private,34292,9,Never-married,Wife,White,Male,40433,0,38,1
34777,29,Private,34292,9,Married-AF-spouse,Own-child,White,Male,84092,0,38,1
34778,34,Local-gov,124569,10,Divorced,Not-in-family,White,Female,19863,0,40,1
34779,34,Private,124569,10,Divorced,Not-in-family,White,Female,94477,0,49,1
34780,30,Private,25828,7,Never-married,Own-child,White,Male,76273,0,16,1
34781,18,Private,25828,7,Never-married,Own-child,White,Male,19853,0,16,1
34782,25,Private,180783,9,Divorced,Own-child,White,Male,19976,0,10,1
34783,25,Private,180783,11,Divorced,Own-child,White,Male,42782,0,10,1
34784,34,Private,544091,9,Married-AF-spouse,Wife,White,Female,59466,0,25,1
34785,19,Private,544091,9,Married-AF-spouse,Wife,White,Female,12452,0,15,1
34786,28,Self-emp-not-inc,119793,10,Married-civ-spouse,Husband,White,Male,56538,0,40,1
34787,28,State-gov,119793,10,Married-civ-spouse,Husband,White,Male,61378,0,40,1
34788,42,Private,55395,10,Married-civ-spouse,Husband,White,Male,10146,0,52,1
34789,42,Private,55395,10,Married-civ-spouse,Husband,White,Male,0,3186,52,1
34790,59,Private,226922,9,Divorced,Unmarried,White,Female,86537,1762,30,1
34791,59,Private,226922,9,Married-spouse-absent,Unmarried,White,Female,49420,1762,30,1
34792,27,Private,448841,9,Married-civ-spouse,Husband,Amer-Indian-Eskimo,Male,36597,0,40,1
34793,27,Private,448841,12,Married-civ-spouse,Husband,White,Male,0,1971,40,1
34794,48,Private,117476,14,Married-civ-spouse,Husband,White,Male,0,0,40,1
34795,20,Private,117476,10,Married-civ-spouse,Husband,White,Male,58521,3684,40,1
34796,43,Federal-gov,79529,9,Married-civ-spouse,Wife,White,Female,0,2162,35,1
34797,43,Federal-gov,79529,9,Married-civ-spouse,Wife,Amer-Indian-Eskimo,Female,74628,0,35,1
34798,29,Private,46442,13,Married-civ-spouse,Own-child,White,Female,0,1902,8,0
34799,41,Private,46442,13,Widowed,Wife,White,Female,0,1902,50,0
34800,54,Private,105638,5,Married-civ-spouse,Husband,White,Male,69320,0,40,1
34801,54,Private,105638,5,Married-civ-spouse,Husband,White,Male,23554,0,40,1
34802,49,Local-gov,106554,13,Married-spouse-absent,Husband,White,Female,0,0,40,0
34803,49,Local-gov,106554,13,Divorced,Unmarried,White,Female,0,440,40,0
34804,23,Private,173679,10,Never-married,Not-in-family,White,Male,28367,0,40,1
34805,23,Private,173679,12,Never-married,Not-in-family,White,Male,38553,0,40,1
34806,39,Private,224566,13,Separated,Husband,Black,Male,0,0,60,0
34807,39,Local-gov,224566,13,Married-civ-spouse,Husband,White,Male,0,791,60,0
34808,86,State-gov,267101,13,Married-civ-spouse,Husband,White,Male,0,0,60,1
34809,61,Self-emp-inc,267101,13,Married-civ-spouse,Husband,White,Male,32797,0,60,1
34810,40,Private,110028,10,Married-civ-spouse,Husband,White,Male,61254,0,40,1
34811,40,Private,110028,10,Married-civ-spouse,Not-in-family,White,Male,27415,0,40,1
34812,60,Private,96099,6,Married-civ-spouse,Not-in-family,White,Male,0,0,40,0
34813,60,Private,96099,3,Divorced,Husband,White,Male,0,0,40,0
34814,46,Private,166889,10,Never-married,Own-child,Black,Female,9399,1602,35,1
34815,18,Private,166889,10,Never-married,Own-child,Black,Female,89380,1602,35,1
34816,31,Self-emp-not-inc,23500,9,Married-civ-spouse,Unmarried,White,Male,26663,0,75,1
34817,31,Self-emp-not-inc,23500,9,Married-civ-spouse,Husband,White,Male,54503,0,75,1
34818,36,Private,129357,10,Divorced,Unmarried,White,Female,70063,0,40,1
34819,36,Private,129357,10,Divorced,Unmarried,White,Female,85156,768,40,1
34820,20,Private,190231,5,Never-married,Own-child,White,Male,23594,0,11,1
34821,20,Private,190231,5,Never-married,Own-child,White,Female,24584,0,11,1
34822,51,Private,173291,9,Divorced,Not-in-family,White,Female,88324,0,40,1
34823,51,Private,173291,12,Divorced,Not-in-family,White,Female,26676,0,40,1
34824,38,Private,323810,13,Never-married,Not-in-family,White,Male,0,0,40,1
34825,19,Private,323810,6,Never-married,Not-in-family,White,Male,17978,0,40,1
34826,41,Private,154194,10,Never-married,Own-child,White,Female,88584,0,40,1
34827,41,Private,154194,9,Widowed,Own-child,White,Female,66768,0,40,1
34828,33,Private,201965,10,Never-married,Unmarried,White,Male,0,0,40,0
34829,33,Private,201965,10,Never-married,Unmarried,Black,Male,0,0,40,0
34830,20,Private,117476,10,Married-AF-spouse,Own-child,White,Male,78494,0,40,1
34831,20,Private,117476,10,Never-married,Own-child,White,Male,30185,0,48,1
34832,28,Private,185061,7,Never-married,Other-relative,White,Male,28312,2895,40,1
34833,28,Private,185061,7,Never-married,Other-relative,White,Male,24090,0,87,1
34834,36,Private,225330,9,Divorced,Unmarried,White,Female,64269,0,40,1
34835,36,Private,225330,9,Divorced,Unmarried,Asian-Pac-Islander,Female,54516,0,40,1
34836,35,Local-gov,185769,10,Married-civ-spouse,Unmarried,White,Male,93159,0,40,1
34837,35,Self-emp-inc,185769,10,Married-civ-spouse,Husband,White,Male,19633,0,40,1
34838,33,Private,80058,9,Never-married,Not-in-family,White,Male,8322,0,60,1
34839,33,Private,80058,9,Never-married,Not-in-family,White,Male,72769,0,40,1
34840,35,Private,171393,13,Married-civ-spouse,Husband,White,Male,53086,0,50,1
34841,35,Private,171393,9,Married-civ-spouse,Husband,White,Female,0,3394,50,1
34842,43,Private,216497,13,Divorced,Unmarried,White,Female,20160,0,40,1
34843,43,Private,216497,13,Divorced,Not-in-family,Black,Female,0,0,40,1
34844,80,Private,199720,9,Married-civ-spouse,Husband,White,Male,0,0,47,0
34845,53,Private,199720,9,Married-civ-spouse,Husband,White,Male,0,0,45,0
34846,34,Private,160216,9,Never-married,Not-in-family,White,Female,0,554,55,0
34847,34,Private,160216,13,Never-married,Not-in-family,White,Female,0,0,14,0
34848,43,Self-emp-not-inc,421837,10,Married-civ-spouse,Husband,White,Male,3947,0,50,0
34849,43,Self-emp-not-inc,421837,10,Married-civ-spouse,Husband,White,Male,1077,0,50,0
34850,82,Self-emp-not-inc,48846,16,Married-civ-spouse,Husband,White,Male,0,0,55,0
34851,61,Self-emp-not-inc,48846,11,Married-civ-spouse,Husband,White,Male,0,0,58,0
34852,49,Private,255466,10,Divorced,Not-in-family,White,Female,15346,0,60,1
34853,49,Private,255466,10,Divorced,Unmarried,White,Female,81814,0,60,1
34854,26,Private,159603,12,Never-married,Unmarried,White,Female,66754,0,32,1
34855,60,Private,159603,12,Never-married,Unmarried,White,Female,45912,0,32,1
34856,36,Private,145576,9,Married-AF-spouse,Husband,White,Male,0,1977,40,0
34857,36,Private,145576,14,Married-civ-spouse,Husband,White,Male,0,1590,40,0
34858,52,Local-gov,330799,5,Married-civ-spouse,Wife,White,Female,57515,2609,40,1
34859,52,Local-gov,330799,5,Married-civ-spouse,Wife,White,Female,90166,0,40,1
34860,34,Private,290763,9,Divorced,Own-child,White,Female,54918,0,40,1
34861,34,Private,290763,9,Divorced,Unmarried,White,Female,30330,0,40,1
34862,31,State-gov,202450,9,Married-civ-spouse,Husband,White,Male,14224,1573,40,1
34863,31,Private,202450,9,Married-civ-spouse,Husband,White,Male,9663,1573,40,1
34864,39,Self-emp-not-inc,194668,9,Married-civ-spouse,Husband,White,Male,26645,0,16,1
34865,39,Self-emp-not-inc,194668,9,Married-civ-spouse,Other-relative,White,Male,67864,0,16,1
34866,25,Self-emp-inc,158751,11,Never-married,Unmarried,White,Male,54970,0,55,1
34867,25,Self-emp-inc,158751,11,Never-married,Unmarried,White,Male,80199,0,55,1
34868,56,Private,197875,6,Widowed,Unmarried,White,Female,45339,0,40,1
34869,56,Private,197875,6,Widowed,Unmarried,White,Female,22349,0,32,1
34870,55,State-gov,153788,10,Married-civ-spouse,Own-child,White,Female,87716,0,37,1
34871,55,State-gov,153788,10,Married-civ-spouse,Wife,White,Female,0,3579,37,1
34872,65,Private,129426,10,Widowed,Not-in-family,White,Female,45672,0,40,1
34873,65,Private,129426,10,Widowed,Not-in-family,White,Female,30884,0,40,1
34874,36,Local-gov,110866,13,Never-married,Not-in-family,White,Male,51962,0,50,1
34875,36,Local-gov,110866,13,Never-married,Not-in-family,White,Male,64000,0,50,1
34876,21,Private,164991,9,Never-married,Unmarried,Amer-Indian-Eskimo,Female,35081,0,38,1
34877,21,Private,164991,9,Divorced,Unmarried,Amer-Indian-Eskimo,Female,28316,0,38,1
34878,24,Private,267706,10,Never-married,Own-child,White,Male,19900,0,45,1
34879,24,Private,267706,10,Never-married,Not-in-family,White,Female,76862,0,45,1
34880,22,Private,190137,16,Never-married,Own-child,Other,Male,82964,0,40,1
34881,22,Private,190137,9,Never-married,Own-child,Other,Female,18709,0,40,1
34882,49,Local-gov,49275,9,Never-married,Not-in-family,White,Male,39480,0,41,1
34883,49,Local-gov,49275,9,Never-married,Not-in-family,White,Male,21371,295,50,1
34884,82,Private,112517,14,Married-civ-spouse,Husband,White,Male,0,0,20,0
34885,44,Private,112517,14,Married-AF-spouse,Not-in-family,White,Male,0,0,20,0
34886,57,Private,279340,4,Widowed,Unmarried,Black,Female,29625,0,29,1
34887,57,Private,279340,4,Widowed,Unmarried,Black,Female,65734,0,81,1
34888,64,Local-gov,388625,6,Married-civ-spouse,Husband,White,Female,0,0,10,0
34889,64,Self-emp-inc,388625,6,Married-civ-spouse,Husband,White,Male,0,0,97,0
34890,30,Private,110239,6,Married-civ-spouse,Husband,White,Male,96637,0,90,1
34891,30,Private,110239,6,Married-civ-spouse,Husband,White,Male,31293,1904,55,1
34892,22,Private,94662,11,Never-married,Not-in-family,White,Male,0,2569,44,1
34893,64,Private,94662,11,Never-married,Not-in-family,White,Male,36964,0,44,1
34894,26,Private,195734,9,Never-married,Own-child,White,Female,55541,0,40,1
34895,26,Private,195734,9,Never-married,Own-child,White,Female,21260,0,40,1
34896,40,Private,112247,13,Never-married,Not-in-family,Black,Female,32405,0,50,1
34897,40,Private,112247,13,Never-married,Not-in-family,Other,Female,94373,0,50,1
34898,64,Private,289223,10,Divorced,Wife,White,Female,0,1848,40,0
34899,36,Private,289223,10,Separated,Wife,White,Female,0,65,40,0
34900,54,Private,188136,13,Divorced,Not-in-family,White,Female,0,2606,38,1
34901,54,Private,188136,13,Divorced,Not-in-family,White,Female,44386,1408,38,1
34902,39,Self-emp-inc,250217,9,Divorced,Not-in-family,Black,Female,76410,0,70,1
34903,39,Private,250217,9,Divorced,Not-in-family,Black,Female,47714,2764,70,1
34904,25,Private,265638,10,Married-civ-spouse,Husband,Black,Male,6396,0,60,1
34905,32,Self-emp-inc,265638,10,Married-civ-spouse,Husband,Black,Male,12947,0,60,1
34906,26,State-gov,262617,9,Never-married,Other-relative,White,Male,83178,0,40,1
34907,26,Private,262617,9,Never-married,Other-relative,White,Male,62408,0,40,1
34908,20,Private,344698,10,Never-married,Own-child,White,Male,58840,0,30,1
34909,20,Private,344698,10,Never-married,Wife,White,Male,40310,0,30,1
34910,59,Private,153484,1,Married-civ-spouse,Husband,White,Male,0,0,14,0
34911,59,Private,153484,10,Married-civ-spouse,Husband,White,Male,0,3731,40,0
34912,42,Private,328239,10,Never-married,Own-child,White,Male,58652,0,30,1
34913,42,Private,328239,10,Never-married,Own-child,White,Male,52063,0,30,1
34914,41,Self-emp-not-inc,95708,14,Never-married,Not-in-family,White,Male,0,0,48,0
34915,41,Self-emp-not-inc,95708,14,Widowed,Not-in-family,Amer-Indian-Eskimo,Male,0,0,45,0
34916,32,Private,34437,9,Never-married,Own-child,White,Male,48335,1843,40,1
34917,32,Private,34437,9,Never-married,Own-child,White,Male,79957,2765,40,1
34918,19,Private,42750,10,Never-married,Own-child,White,Male,78446,0,20,1
34919,19,Private,42750,8,Never-married,Own-child,White,Male,95065,0,20,1
34920,28,Private,130856,6,Married-civ-spouse,Husband,White,Male,0,1877,36,1
34921,28,Private,130856,6,Married-civ-spouse,Husband,White,Male,5833,0,36,1
34922,27,Self-emp-not-inc,123116,9,Married-civ-spouse,Husband,White,Male,80292,0,40,1
34923,27,Self-emp-not-inc,123116,9,Married-civ-spouse,Husband,White,Male,22317,0,40,1
34924,43,Private,265266,9,Married-civ-spouse,Husband,White,Male,89162,0,40,1
34925,43,Private,265266,5,Married-civ-spouse,Husband,White,Male,25560,0,40,1
34926,57,Private,134195,9,Married-civ-spouse,Husband,White,Male,93005,3115,40,1
34927,57,Private,134195,9,Married-civ-spouse,Husband,White,Male,52427,0,40,1
34928,43,Without-pay,85995,9,Never-married,Not-in-family,White,Male,51017,0,40,1
34929,43,Private,85995,9,Never-married,Not-in-family,White,Male,11402,0,40,1
34930,78,Federal-gov,123207,9,Married-civ-spouse,Wife,White,Female,0,0,20,0
34931,47,Private,123207,9,Separated,Wife,White,Female,0,0,63,0
34932,40,Local-gov,233891,9,Never-married,Unmarried,Black,Female,37033,0,35,1
34933,40,Local-gov,233891,9,Never-married,Unmarried,Black,Female,24563,0,35,1
34934,40,Self-emp-not-inc,60949,11,Married-civ-spouse,Husband,White,Male,55438,0,40,1
34935,71,Self-emp-not-inc,60949,11,Married-civ-spouse,Husband,White,Male,67317,0,40,1
34936,39,State-gov,112812,9,Married-civ-spouse,Other-relative,White,Female,21130,0,97,1
34937,39,State-gov,112812,9,Married-civ-spouse,Not-in-family,White,Female,95108,0,40,1
34938,33,Federal-gov,180551,9,Divorced,Unmarried,White,Female,50960,0,40,1
34939,33,Private,180551,9,Divorced,Not-in-family,White,Female,34109,0,40,1
34940,27,Private,244566,6,Married-civ-spouse,Husband,White,Male,28975,0,40,1
34941,27,Local-gov,244566,6,Married-civ-spouse,Husband,White,Male,33352,0,40,1
34942,30,Private,186346,13,Never-married,Not-in-family,White,Female,75873,0,50,1
34943,30,Private,186346,13,Never-married,Not-in-family,White,Female,0,3035,50,1
34944,48,Local-gov,317360,14,Married-civ-spouse,Not-in-family,White,Male,0,0,40,0
34945,66,Local-gov,317360,14,Married-civ-spouse,Wife,White,Male,0,0,40,0
34946,20,Private,284737,10,Married-AF-spouse,Own-child,White,Male,92830,0,20,1
34947,20,Local-gov,284737,10,Never-married,Own-child,White,Male,24344,0,20,1
34948,30,Private,60426,9,Married-civ-spouse,Own-child,Asian-Pac-Islander,Female,58195,0,40,1
34949,30,Private,60426,9,Never-married,Own-child,Amer-Indian-Eskimo,Female,56574,0,40,1
34950,19,Private,382738,9,Never-married,Own-child,Black,Female,97849,0,40,1
34951,32,Private,382738,9,Never-married,Own-child,Black,Female,91229,0,40,1
34952,58,Private,72812,6,Never-married,Not-in-family,White,Male,69400,0,40,1
34953,58,Private,72812,6,Never-married,Not-in-family,White,Male,85731,0,40,1
34954,27,Private,114865,9,Separated,Not-in-family,Amer-Indian-Eskimo,Male,25487,0,45,1
34955,27,Private,114865,9,Separated,Not-in-family,Black,Male,90905,0,45,1
34956,39,Private,24106,10,Married-civ-spouse,Husband,White,Male,0,2553,40,0
34957,31,Private,24106,10,Married-civ-spouse,Husband,White,Male,0,2448,40,0
34958,26,Private,272669,13,Never-married,Not-in-family,Asian-Pac-Islander,Male,63404,0,20,1
34959,26,Private,272669,2,Never-married,Not-in-family,Asian-Pac-Islander,Male,64176,0,20,0
34960,30,Private,115040,9,Married-civ-spouse,Husband,White,Male,75329,0,40,1
34961,30,Private,115040,9,Separated,Husband,White,Male,17741,0,40,1
34962,50,Private,163948,9,Married-civ-spouse,Husband,White,Male,0,0,69,0
34963,50,Private,163948,14,Married-civ-spouse,Husband,White,Male,0,0,32,0
34964,45,Private,140644,9,Married-civ-spouse,Husband,White,Female,35005,0,40,1
34965,45,Private,140644,9,Married-civ-spouse,Husband,White,Male,80115,0,40,1
34966,46,Private,124733,10,Married-civ-spouse,Other-relative,Asian-Pac-Islander,Male,78916,0,40,1
34967,46,Private,124733,10,Married-civ-spouse,Husband,Asian-Pac-Islander,Male,0,0,89,1
34968,25,Private,196771,9,Separated,Not-in-family,White,Male,57336,0,65,1
34969,25,Private,196771,13,Never-married,Not-in-family,White,Male,0,3843,65,1
34970,61,Private,72442,7,Married-civ-spouse,Husband,White,Female,0,2522,40,0
34971,61,Private,72442,7,Married-civ-spouse,Husband,Asian-Pac-Islander,Male,0,0,52,0
34972,68,Private,333158,9,Never-married,Not-in-family,White,Female,89353,0,48,1
34973,22,Private,333158,9,Never-married,Not-in-family,White,Female,62918,0,48,1
34974,75,Private,95985,3,Widowed,Unmarried,Black,Male,12904,0,63,1
34975,75,Private,95985,3,Widowed,Unmarried,Black,Male,73974,0,10,1
34976,33,Without-pay,213179,10,Married-civ-spouse,Husband,White,Male,0,0,65,0
34977,33,Private,213179,4,Married-civ-spouse,Husband,Amer-Indian-Eskimo,Male,0,0,40,0
34978,47,Private,316101,9,Divorced,Husband,White,Female,63037,0,40,1
34979,47,Private,316101,9,Divorced,Other-relative,White,Female,69398,0,40,1
34980,40,Private,82465,10,Married-civ-spouse,Husband,White,Male,81769,1259,40,1
34981,40,Private,82465,10,Married-civ-spouse,Husband,White,Male,14651,0,40,1
34982,31,Private,137076,13,Married-civ-spouse,Husband,White,Male,0,2727,40,1
34983,31,Private,137076,13,Married-civ-spouse,Husband,White,Male,25188,0,40,1
34984,17,Private,155574,9,Married-civ-spouse,Husband,White,Male,0,3190,40,0
34985,50,Private,155574,9,Married-civ-spouse,Husband,White,Male,1705,0,40,0
34986,33,Local-gov,102270,9,Married-civ-spouse,Wife,White,Female,68937,0,30,1
34987,33,Self-emp-not-inc,102270,10,Married-civ-spouse,Wife,White,Female,0,0,30,0
34988,73,Private,194059,8,Never-married,Own-child,White,Male,57055,0,40,1
34989,18,Private,194059,8,Never-married,Own-child,White,Male,65469,0,40,1
34990,63,Self-emp-not-inc,246124,13,Married-civ-spouse,Husband,White,Male,90263,0,50,1
34991,63,Self-emp-not-inc,246124,13,Married-civ-spouse,Husband,White,Male,48574,0,50,1
34992,39,Private,387430,9,Never-married,Other-relative,White,Male,98771,0,18,1
34993,39,Private,387430,9,Never-married,Not-in-family,White,Male,45369,0,18,1
34994,60,State-gov,136939,10,Married-civ-spouse,Husband,Amer-Indian-Eskimo,Male,46266,0,40,1
34995,60,State-gov,136939,10,Married-civ-spouse,Husband,Asian-Pac-Islander,Male,81932,0,40,1
34996,31,Private,169589,14,Divorced,Not-in-family,White,Male,0,0,59,1
34997,31,Private,169589,14,Never-married,Not-in-family,White,Male,90368,0,79,1
34998,43,Without-pay,62176,16,Widowed,Not-in-family,White,Male,0,0,6,0
34999,79,State-gov,62176,16,Widowed,Not-in-family,White,Male,0,0,6,0
35000,47,Self-emp-not-inc,189680,9,Separated,Unmarried,White,Male,0,0,40,0
35001,47,Private,189680,1,Separated,Other-relative,White,Male,0,0,40,0
35002,57,Private,496743,9,Married-civ-spouse,Husband,White,Male,90649,0,88,1
35003,33,Private,496743,9,Married-civ-spouse,Husband,White,Male,16624,0,88,1
35004,32,Local-gov,177566,10,Married-spouse-absent,Not-in-family,White,Male,38387,0,50,1
35005,32,Local-gov,177566,10,Married-spouse-absent,Not-in-family,White,Male,66675,0,50,1
35006,54,Local-gov,168553,13,Married-civ-spouse,Husband,Black,Male,0,0,52,1
35007,54,Local-gov,168553,13,Married-civ-spouse,Husband,White,Male,72964,0,40,1
35008,43,Self-emp-not-inc,182217,13,Married-civ-spouse,Wife,White,Female,74541,0,35,1
35009,43,Self-emp-not-inc,182217,13,Married-civ-spouse,Wife,White,Female,44623,0,35,1
35010,18,Private,63918,10,Never-married,Not-in-family,White,Male,24259,0,40,1
35011,19,Private,63918,10,Never-married,Own-child,White,Male,63898,0,40,1
35012,56,Self-emp-inc,129836,9,Married-civ-spouse,Wife,White,Female,0,0,18,1
35013,56,Private,129836,9,Married-civ-spouse,Wife,Asian-Pac-Islander,Female,22283,0,10,1
35014,68,Private,44780,13,Married-civ-spouse,Wife,Asian-Pac-Islander,Female,0,0,8,0
35015,38,Private,44780,13,Married-civ-spouse,Husband,Asian-Pac-Islander,Female,0,0,8,0
35016,38,Private,203836,9,Married-civ-spouse,Husband,White,Male,48137,0,40,1
35017,38,Private,203836,9,Married-civ-spouse,Husband,Amer-Indian-Eskimo,Male,58820,0,40,1
35018,59,Private,239405,9,Divorced,Unmarried,Black,Female,18061,0,35,1
35019,59,Private,239405,9,Divorced,Unmarried,Black,Female,32665,0,35,1
35020,38,Private,119098,10,Never-married,Not-in-family,White,Male,76862,0,42,1
35021,38,Private,119098,10,Never-married,Not-in-family,White,Male,75821,0,42,1
35022,50,Private,266945,9,Married-civ-spouse,Wife,White,Male,92677,0,40,1
35023,50,Private,266945,9,Married-civ-spouse,Wife,White,Female,3137,2713,30,1
35024,27,Private,212041,13,Never-married,Unmarried,White,Male,0,2554,50,1
35025,27,Private,212041,13,Never-married,Not-in-family,White,Male,0,2855,50,1
35026,18,Private,148644,9,Never-married,Own-child,White,Female,82367,0,28,1
35027,18,Self-emp-inc,148644,9,Never-married,Own-child,White,Female,14383,0,28,1
35028,21,Private,314165,10,Never-married,Own-child,White,Male,53533,0,40,1
35029,21,Private,314165,10,Never-married,Own-child,White,Male,23531,0,40,1
35030,22,Private,141698,9,Never-married,Own-child,White,Male,82009,0,40,1
35031,22,Private,141698,9,Never-married,Own-child,White,Male,75771,3230,40,1
35032,26,Private,73312,7,Divorced,Unmarried,White,Female,20641,0,15,1
35033,26,Private,73312,7,Never-married,Unmarried,White,Female,34385,0,15,1
35034,44,Self-emp-not-inc,177851,15,Married-civ-spouse,Husband,White,Male,45847,0,60,1
35035,44,Self-emp-inc,177851,15,Married-civ-spouse,Husband,White,Male,0,3478,60,1
35036,37,Local-gov,365430,10,Married-civ-spouse,Not-in-family,White,Female,5178,0,40,0
35037,37,Local-gov,365430,7,Married-civ-spouse,Husband,White,Male,4677,0,40,0
35038,28,Private,175262,10,Married-civ-spouse,Husband,Black,Male,20503,0,63,1
35039,28,Private,175262,10,Married-civ-spouse,Unmarried,Black,Male,32743,0,40,1
35040,49,Private,64216,9,Divorced,Not-in-family,White,Male,72664,0,90,1
35041,49,Private,64216,9,Divorced,Not-in-family,White,Male,0,2810,90,1
35042,34,Private,97355,10,Divorced,Not-in-family,White,Female,52249,0,60,1
35043,34,Private,97355,10,Divorced,Not-in-family,White,Male,35250,0,60,1
35044,36,Self-emp-inc,181902,14,Married-civ-spouse,Husband,White,Male,0,0,10,0
35045,73,Private,181902,14,Never-married,Husband,White,Male,0,0,10,0
35046,31,Private,328734,9,Never-married,Unmarried,White,Female,55677,2238,40,1
35047,31,Private,328734,9,Never-married,Unmarried,White,Female,61976,2238,40,1
35048,42,Self-emp-not-inc,165815,14,Married-civ-spouse,Other-relative,White,Male,0,0,52,0
35049,42,Self-emp-not-inc,165815,13,Married-civ-spouse,Husband,White,Female,0,0,18,0
35050,40,Private,308027,9,Widowed,Unmarried,Amer-Indian-Eskimo,Female,92032,0,40,1
35051,40,Without-pay,308027,9,Widowed,Unmarried,Black,Female,27106,0,40,1
35052,82,Self-emp-not-inc,150533,9,Married-civ-spouse,Husband,White,Male,0,0,50,0
35053,41,Self-emp-not-inc,150533,2,Married-civ-spouse,Husband,White,Male,0,2946,50,0
35054,40,Private,445382,9,Married-spouse-absent,Husband,Asian-Pac-Islander,Male,0,0,40,0
35055,40,Private,445382,12,Married-AF-spouse,Husband,White,Male,0,0,40,0
35056,42,Local-gov,34722,9,Married-civ-spouse,Husband,White,Male,0,0,40,1
35057,78,Self-emp-not-inc,34722,12,Married-civ-spouse,Husband,White,Male,69807,0,40,1
35058,40,Local-gov,130749,10,Divorced,Not-in-family,Black,Female,97228,0,40,1
35059,40,Federal-gov,130749,10,Divorced,Not-in-family,Black,Female,33777,0,73,1
35060,69,Private,182862,9,Never-married,Not-in-family,White,Male,2415,876,40,0
35061,72,Private,182862,9,Never-married,Not-in-family,White,Male,4030,0,40,0
35062,51,Private,57698,9,Married-spouse-absent,Unmarried,White,Female,50557,0,40,1
35063,51,Private,57698,9,Married-spouse-absent,Unmarried,White,Female,28035,3363,40,1
35064,39,Local-gov,239119,14,Divorced,Not-in-family,Black,Male,32644,0,40,1
35065,39,Local-gov,239119,14,Divorced,Not-in-family,White,Male,99516,0,40,1
35066,25,Private,208591,9,Never-married,Own-child,White,Female,24075,0,40,1
35067,25,Private,208591,9,Never-married,Unmarried,White,Male,32651,0,40,1
35068,41,Private,179875,7,Divorced,Unmarried,Other,Female,27463,0,40,1
35069,41,Private,179875,7,Divorced,Husband,Other,Female,99196,0,40,1
35070,51,Private,99987,6,Separated,Unmarried,White,Female,72509,0,40,1
35071,51,Private,99987,3,Separated,Unmarried,Black,Female,13866,0,40,1
35072,25,Local-gov,176162,11,Never-married,Own-child,White,Male,15345,0,30,1
35073,53,Local-gov,176162,11,Never-married,Own-child,White,Male,60275,0,30,1
35074,45,Private,169092,9,Divorced,Not-in-family,White,Female,72078,0,55,1
35075,45,Private,169092,9,Divorced,Not-in-family,White,Female,39624,1381,55,1
35076,62,State-gov,202056,3,Divorced,Not-in-family,White,Male,1954,0,40,0
35077,62,State-gov,202056,13,Divorced,Not-in-family,White,Male,4365,0,40,0
35078,17,Private,125236,6,Never-married,Own-child,Amer-Indian-Eskimo,Female,94336,0,22,1
35079,17,Private,125236,6,Never-married,Own-child,White,Female,47192,0,22,1
35080,45,Private,173307,9,Married-civ-spouse,Husband,Asian-Pac-Islander,Male,0,0,40,0
35081,41,Private,173307,9,Married-civ-spouse,Husband,White,Male,0,2035,40,0
35082,45,Private,50162,10,Married-civ-spouse,Husband,White,Male,34466,0,40,1
35083,45,Private,50162,10,Married-civ-spouse,Husband,Black,Male,73228,0,40,1
35084,18,Private,216540,16,Never-married,Own-child,White,Male,34891,0,40,1
35085,18,Private,216540,7,Never-married,Own-child,White,Male,94254,0,40,1
35086,27,Private,312939,7,Never-married,Not-in-family,White,Male,99249,0,40,1
35087,27,Private,312939,7,Never-married,Own-child,White,Male,79044,0,40,1
35088,38,State-gov,125499,13,Married-civ-spouse,Not-in-family,Asian-Pac-Islander,Male,3320,0,60,0
35089,38,State-gov,125499,13,Married-civ-spouse,Husband,Asian-Pac-Islander,Male,4475,0,31,0
35090,49,Without-pay,59612,10,Married-civ-spouse,Husband,White,Male,34840,0,44,1
35091,50,Private,59612,13,Married-civ-spouse,Husband,White,Male,0,0,44,1
35092,41,Self-emp-not-inc,233150,9,Married-civ-spouse,Husband,White,Male,56387,0,60,1
35093,43,Without-pay,233150,9,Married-civ-spouse,Husband,White,Male,0,0,60,1
35094,34,Private,226443,6,Married-civ-spouse,Husband,White,Male,0,0,96,0
35095,34,State-gov,226443,12,Married-civ-spouse,Husband,White,Male,0,0,55,0
35096,50,Private,176157,14,Married-civ-spouse,Husband,White,Male,5090,0,50,0
35097,50,Private,176157,14,Married-civ-spouse,Husband,White,Female,0,0,10,0
35098,46,Private,153536,10,Married-AF-spouse,Husband,White,Male,3103,1404,40,0
35099,46,Private,153536,10,Widowed,Husband,White,Female,3103,0,40,0
35100,26,Private,236008,11,Divorced,Unmarried,White,Female,76005,0,40,1
35101,26,Private,236008,11,Divorced,Unmarried,White,Female,8497,0,40,1
35102,82,Self-emp-not-inc,240491,9,Married-civ-spouse,Husband,White,Male,33850,0,40,1
35103,82,Self-emp-not-inc,240491,9,Married-civ-spouse,Husband,White,Male,58292,2332,40,1
35104,21,Private,183789,9,Never-married,Own-child,White,Male,48952,0,57,1
35105,21,Private,183789,9,Never-married,Own-child,White,Male,96528,0,40,1
35106,52,Private,222646,8,Separated,Other-relative,White,Female,32429,0,40,1
35107,52,Private,222646,8,Separated,Wife,White,Female,0,3001,40,0
35108,43,Local-gov,113324,10,Married-civ-spouse,Other-relative,White,Male,0,0,40,0
35109,43,Local-gov,113324,13,Married-civ-spouse,Own-child,White,Male,0,0,17,0
35110,26,Private,224943,11,Never-married,Other-relative,Black,Male,99436,0,65,1
35111,26,Private,224943,11,Never-married,Other-relative,Black,Male,54140,2844,65,1
35112,72,Private,149992,11,Married-civ-spouse,Husband,White,Male,43289,0,35,1
35113,72,Private,149992,6,Married-civ-spouse,Husband,White,Male,85461,0,35,1
35114,48,Private,177211,7,Married-civ-spouse,Husband,White,Male,43251,0,40,1
35115,48,Private,177211,7,Married-civ-spouse,Husband,White,Male,99932,0,40,1
35116,20,Private,324469,10,Never-married,Not-in-family,White,Female,33974,0,12,1
35117,20,Private,324469,10,Never-married,Not-in-family,Asian-Pac-Islander,Female,44110,0,40,1
35118,66,Private,180686,9,Married-civ-spouse,Husband,White,Male,14000,0,40,1
35119,35,Private,180686,9,Married-civ-spouse,Husband,White,Male,94686,0,40,1
35120,44,Private,172032,11,Married-civ-spouse,Husband,White,Male,2157,0,21,0
35121,44,Private,172032,11,Married-civ-spouse,Husband,White,Male,4419,0,51,0
35122,30,Private,103642,7,Married-civ-spouse,Husband,White,Male,61374,0,32,1
35123,30,Private,103642,7,Married-civ-spouse,Husband,White,Male,20069,0,40,1
35124,44,Private,188331,10,Separated,Not-in-family,White,Female,52900,0,38,1
35125,44,Private,188331,10,Separated,Other-relative,White,Female,66403,0,38,1
35126,40,Private,117860,9,Divorced,Not-in-family,Black,Male,39127,506,40,1
35127,40,Private,117860,9,Divorced,Not-in-family,Black,Male,49733,0,40,1
35128,34,Without-pay,379412,9,Married-civ-spouse,Husband,Black,Male,0,0,50,1
35129,34,Private,379412,9,Divorced,Husband,White,Male,99498,0,50,1
35130,41,Private,221172,13,Never-married,Own-child,White,Male,89200,0,40,1
35131,41,Private,221172,13,Never-married,Own-child,White,Male,59615,0,40,1
35132,43,State-gov,28451,13,Married-civ-spouse,Husband,Other,Male,0,0,30,0
35133,18,State-gov,28451,13,Married-civ-spouse,Husband,White,Male,0,0,37,0
35134,41,Private,221172,12,Married-civ-spouse,Husband,Black,Male,0,0,40,0
35135,41,Private,221172,13,Married-civ-spouse,Husband,White,Male,3614,0,40,0
35136,56,Federal-gov,338242,11,Widowed,Unmarried,Black,Male,91735,0,40,1
35137,56,Federal-gov,338242,11,Widowed,Unmarried,Black,Female,46275,0,40,1
35138,59,Private,58124,9,Married-civ-spouse,Husband,White,Male,0,0,40,1
35139,28,Private,58124,9,Married-civ-spouse,Husband,White,Male,90311,0,40,1
35140,25,Private,66935,9,Never-married,Other-relative,White,Male,66475,0,30,1
35141,25,Self-emp-inc,66935,9,Never-married,Other-relative,Asian-Pac-Islander,Male,31306,0,30,1
35142,24,Private,253190,9,Married-civ-spouse,Husband,Asian-Pac-Islander,Male,38413,0,45,1
35143,24,Private,253190,9,Married-civ-spouse,Husband,White,Male,72833,0,45,1
35144,31,Private,328734,14,Never-married,Not-in-family,White,Female,73472,0,30,1
35145,31,Private,328734,14,Never-married,Not-in-family,White,Female,0,3611,30,1
35146,71,Private,200295,10,Never-married,Not-in-family,White,Male,55360,0,40,1
35147,78,Private,200295,10,Never-married,Not-in-family,White,Male,38339,0,40,1
35148,27,Private,404421,10,Never-married,Not-in-family,Black,Male,79187,0,40,1
35149,27,Private,404421,10,Never-married,Not-in-family,Black,Male,25093,0,40,1
35150,80,Private,137126,13,Married-civ-spouse,Husband,White,Male,0,638,45,0
35151,41,State-gov,137126,13,Never-married,Husband,White,Male,0,1977,45,0
35152,65,Private,118779,9,Married-civ-spouse,Husband,White,Male,72119,0,30,1
35153,65,Private,118779,9,Married-civ-spouse,Husband,Asian-Pac-Islander,Male,28882,0,30,1
35154,56,Private,182460,13,Divorced,Own-child,White,Male,61537,0,40,1
35155,56,Private,182460,13,Divorced,Not-in-family,White,Male,73611,0,40,1
35156,19,Private,208366,9,Never-married,Own-child,White,Male,40874,0,40,1
35157,19,Private,208366,9,Never-married,Not-in-family,White,Male,38007,0,40,1
35158,37,Private,359591,6,Married-civ-spouse,Husband,White,Male,91924,0,34,1
35159,37,Private,359591,6,Married-civ-spouse,Husband,White,Male,64379,1263,40,1
35160,23,Private,495888,9,Never-married,Not-in-family,White,Female,55779,0,40,1
35161,23,Private,495888,9,Never-married,Not-in-family,White,Male,7817,0,78,1
35162,55,Private,145214,9,Divorced,Not-in-family,White,Female,61130,0,40,1
35163,55,Private,145214,9,Divorced,Not-in-family,White,Female,48994,0,40,1
35164,53,Private,173630,9,Never-married,Husband,White,Female,0,0,40,0
35165,53,Self-emp-inc,173630,9,Married-civ-spouse,Husband,White,Male,0,0,38,0
35166,31,State-gov,203488,10,Never-married,Not-in-family,White,Male,91838,0,40,1
35167,31,State-gov,203488,1,Never-married,Not-in-family,White,Male,67020,0,40,1
35168,38,Private,34996,10,Separated,Unmarried,White,Female,88765,0,40,1
35169,38,Private,34996,16,Separated,Unmarried,White,Female,52801,0,40,1
35170,70,Private,280307,13,Married-civ-spouse,Husband,White,Male,70668,0,20,1
35171,70,Private,280307,13,Married-civ-spouse,Husband,White,Male,79130,0,20,1
35172,47,Private,331395,4,Married-civ-spouse,Husband,White,Male,27577,0,84,1
35173,38,Private,331395,4,Married-civ-spouse,Husband,White,Male,38131,0,84,1
35174,27,Private,204648,7,Never-married,Unmarried,Black,Female,55464,0,40,1
35175,27,Private,204648,11,Never-married,Unmarried,Black,Female,30503,0,40,1
35176,63,Private,165775,9,Married-civ-spouse,Husband,White,Male,58502,0,21,1
35177,63,Private,165775,9,Married-civ-spouse,Husband,White,Female,63078,0,21,1
35178,41,Local-gov,156580,13,Never-married,Not-in-family,White,Female,0,3398,35,1
35179,41,Private,156580,13,Never-married,Not-in-family,White,Female,43328,0,35,1
35180,42,Private,482211,9,Never-married,Other-relative,White,Male,9666,0,40,1
35181,42,Private,482211,15,Never-married,Other-relative,White,Male,22094,0,40,1
35182,25,Private,243786,13,Never-married,Own-child,White,Female,81923,0,37,1
35183,56,Private,243786,13,Never-married,Not-in-family,White,Female,17287,0,37,1
35184,34,Private,162312,13,Married-civ-spouse,Husband,Asian-Pac-Islander,Male,80053,0,22,1
35185,34,Private,162312,6,Married-civ-spouse,Husband,Asian-Pac-Islander,Male,81064,0,40,1
35186,35,Private,302604,7,Married-civ-spouse,Wife,White,Male,0,0,40,0
35187,31,Private,302604,11,Married-civ-spouse,Wife,Amer-Indian-Eskimo,Female,0,0,40,0
35188,53,Private,548580,16,Widowed,Husband,White,Male,0,0,40,1
35189,53,Private,548580,10,Married-civ-spouse,Other-relative,White,Male,44480,0,40,1
35190,30,Without-pay,277488,9,Married-civ-spouse,Husband,White,Male,96348,0,60,1
35191,30,Private,277488,9,Married-civ-spouse,Husband,White,Male,62470,3465,60,1
35192,70,Private,227515,6,Widowed,Unmarried,White,Female,20174,0,40,1
35193,70,Private,227515,6,Widowed,Unmarried,White,Female,8468,0,67,1
35194,46,Local-gov,354962,9,Married-civ-spouse,Husband,Amer-Indian-Eskimo,Male,97146,0,40,1
35195,46,Local-gov,354962,16,Married-civ-spouse,Husband,Black,Male,0,0,44,1
35196,51,Self-emp-inc,119570,15,Married-civ-spouse,Unmarried,White,Male,0,0,50,1
35197,51,Self-emp-inc,119570,13,Married-civ-spouse,Husband,White,Male,89070,0,50,1
35198,66,Private,234743,5,Married-civ-spouse,Husband,White,Male,51737,0,50,1
35199,66,Private,234743,10,Married-civ-spouse,Husband,White,Male,69760,0,50,1
35200,73,Private,198526,9,Widowed,Other-relative,White,Female,17595,0,32,1
35201,73,Private,198526,9,Widowed,Other-relative,White,Female,61303,0,32,1
35202,59,Private,304779,4,Married-civ-spouse,Husband,Other,Male,78101,0,40,1
35203,51,Private,304779,4,Married-civ-spouse,Husband,White,Male,13233,0,40,1
35204,24,Self-emp-not-inc,37440,13,Separated,Unmarried,White,Male,24153,0,50,1
35205,24,Self-emp-not-inc,37440,13,Married-AF-spouse,Unmarried,White,Male,0,2700,50,1
35206,38,Private,172538,13,Married-civ-spouse,Husband,White,Male,3872,0,50,0
35207,38,Private,172538,13,Married-civ-spouse,Other-relative,White,Male,2147,0,50,0
35208,38,Without-pay,133935,9,Divorced,Husband,White,Male,0,0,41,0
35209,90,Private,133935,9,Married-civ-spouse,Husband,White,Male,0,0,41,0
35210,36,Private,411797,13,Never-married,Own-child,Other,Female,0,238,35,0
35211,28,Private,411797,13,Never-married,Own-child,White,Female,0,0,87,0
35212,39,Private,316211,13,Never-married,Not-in-family,White,Male,4643,0,40,0
35213,39,Private,316211,13,Never-married,Not-in-family,Other,Male,0,1724,40,0
35214,41,Private,115849,9,Married-civ-spouse,Husband,White,Male,0,2580,82,1
35215,41,Private,115849,9,Married-civ-spouse,Husband,White,Male,0,1305,40,1
35216,45,State-gov,35969,6,Married-civ-spouse,Husband,White,Male,0,0,21,0
35217,45,State-gov,35969,14,Married-civ-spouse,Husband,White,Male,0,0,15,0
35218,66,Private,133884,9,Widowed,Not-in-family,White,Male,27297,0,40,1
35219,66,Private,133884,9,Widowed,Not-in-family,White,Male,8852,0,40,1
35220,21,State-gov,39236,10,Never-married,Not-in-family,White,Female,79467,0,8,1
35221,21,State-gov,39236,10,Never-married,Unmarried,White,Female,33389,0,8,1
35222,37,Private,182148,13,Never-married,Not-in-family,White,Male,89339,2299,39,1
35223,37,Private,182148,13,Never-married,Not-in-family,White,Male,9999,268,39,1
35224,47,State-gov,106466,10,Married-civ-spouse,Unmarried,White,Male,28488,0,40,1
35225,47,State-gov,106466,10,Divorced,Unmarried,White,Male,0,2694,40,1
35226,57,Private,111385,6,Never-married,Other-relative,White,Male,78545,0,40,1
35227,57,Private,111385,6,Never-married,Not-in-family,White,Male,45099,2892,40,1
35228,42,Private,263608,10,Divorced,Own-child,White,Male,93918,0,40,1
35229,42,Private,263608,10,Divorced,Own-child,White,Male,80288,0,40,1
35230,31,Local-gov,128016,13,Never-married,Own-child,White,Female,18348,0,40,1
35231,31,Local-gov,128016,14,Never-married,Own-child,White,Female,18097,0,40,1
35232,37,Private,86551,13,Widowed,Husband,White,Male,0,0,35,0
35233,37,Private,86551,4,Married-civ-spouse,Husband,White,Male,0,2846,50,0
35234,34,Private,24361,13,Never-married,Not-in-family,White,Female,0,2651,40,0
35235,34,Private,24361,13,Never-married,Not-in-family,White,Female,8068,0,40,1
35236,40,Private,114537,11,Divorced,Own-child,White,Male,0,0,50,0
35237,40,Private,114537,6,Married-civ-spouse,Husband,White,Male,0,0,26,0
35238,36,Local-gov,102729,9,Married-civ-spouse,Husband,White,Male,56291,0,40,1
35239,36,Local-gov,102729,9,Married-civ-spouse,Husband,White,Male,56965,0,40,1
35240,32,Private,30271,10,Divorced,Unmarried,White,Female,23010,0,35,1
35241,32,Private,30271,10,Divorced,Unmarried,White,Female,46509,0,30,1
35242,36,Private,130808,10,Married-civ-spouse,Husband,White,Male,0,46,31,1
35243,36,Private,130808,10,Married-civ-spouse,Husband,White,Female,89150,0,40,1
35244,18,Private,89478,12,Never-married,Own-child,White,Female,23071,0,20,1
35245,18,Private,89478,10,Never-married,Own-child,White,Female,84130,0,20,1
35246,27,Private,366066,12,Never-married,Not-in-family,White,Female,55514,0,40,1
35247,27,Without-pay,366066,12,Never-married,Own-child,White,Female,62783,0,40,1
35248,26,State-gov,131913,13,Never-married,Not-in-family,Black,Female,0,2694,40,1
35249,26,Private,131913,6,Never-married,Not-in-family,Black,Female,10291,0,40,1
35250,44,Private,212894,15,Never-married,Wife,White,Male,0,0,55,0
35251,71,Private,212894,15,Divorced,Not-in-family,White,Male,0,0,28,0
35252,42,Self-emp-inc,202466,8,Married-civ-spouse,Wife,White,Female,0,0,45,0
35253,23,Self-emp-inc,202466,13,Married-civ-spouse,Other-relative,White,Female,0,0,45,0
35254,18,Private,184693,10,Never-married,Own-child,White,Female,24882,0,20,1
35255,18,Private,184693,10,Never-married,Own-child,White,Female,65367,0,20,1
35256,26,Private,97153,12,Married-spouse-absent,Husband,White,Male,5178,0,87,0
35257,26,Self-emp-not-inc,97153,12,Never-married,Husband,White,Male,5178,0,40,0
35258,26,Private,485117,12,Never-married,Not-in-family,White,Male,12588,0,40,1
35259,26,Local-gov,485117,12,Never-married,Not-in-family,White,Male,81264,0,40,1
35260,25,Private,335376,12,Never-married,Own-child,White,Female,73945,0,28,1
35261,25,Private,335376,12,Never-married,Own-child,White,Female,92597,1448,38,1
35262,62,Private,134367,9,Never-married,Not-in-family,White,Female,66470,0,43,1
35263,39,Private,134367,9,Never-married,Other-relative,White,Female,48679,0,43,1
35264,56,Local-gov,242670,10,Widowed,Unmarried,White,Male,35585,0,40,1
35265,56,Self-emp-not-inc,242670,10,Widowed,Unmarried,White,Female,40632,0,40,1
35266,59,Private,170988,9,Married-civ-spouse,Husband,White,Male,67069,0,55,1
35267,59,Private,170988,9,Married-civ-spouse,Husband,White,Male,46562,3027,55,1
35268,38,Local-gov,325538,9,Divorced,Not-in-family,White,Male,10102,0,40,1
35269,38,Local-gov,325538,9,Divorced,Not-in-family,White,Male,72072,0,40,1
35270,49,Self-emp-not-inc,192203,5,Married-civ-spouse,Husband,White,Male,63828,0,40,1
35271,49,Self-emp-not-inc,192203,5,Married-civ-spouse,Husband,White,Male,17605,0,40,1
35272,23,Private,365881,13,Never-married,Not-in-family,White,Male,10487,1649,25,1
35273,23,Private,365881,13,Never-married,Not-in-family,White,Male,95096,0,25,1
35274,46,Private,133169,11,Married-civ-spouse,Husband,Black,Male,0,0,40,1
35275,46,Private,133169,11,Married-spouse-absent,Husband,White,Male,91567,0,40,1
35276,31,Private,117028,9,Married-civ-spouse,Husband,White,Male,71924,0,40,1
35277,31,Private,117028,16,Married-civ-spouse,Husband,White,Female,0,0,40,1
35278,30,Private,94145,9,Divorced,Unmarried,Black,Female,71399,0,40,1
35279,30,Private,94145,9,Divorced,Unmarried,Black,Male,11000,0,40,1
35280,42,State-gov,435356,8,Married-civ-spouse,Husband,White,Male,0,0,44,0
35281,42,Private,435356,12,Married-civ-spouse,Husband,White,Male,0,3681,44,0
35282,21,Private,185551,9,Never-married,Own-child,Amer-Indian-Eskimo,Female,13448,0,36,1
35283,21,Private,185551,9,Never-married,Own-child,White,Female,53041,0,36,1
35284,81,Private,321787,10,Never-married,Own-child,White,Male,18342,0,40,1
35285,34,Private,321787,10,Never-married,Not-in-family,White,Male,12045,0,40,1
35286,19,Private,106183,9,Never-married,Own-child,Amer-Indian-Eskimo,Female,67684,177,35,1
35287,19,Private,106183,9,Never-married,Own-child,Amer-Indian-Eskimo,Female,16933,0,37,1
35288,76,Local-gov,249727,12,Married-civ-spouse,Husband,White,Male,0,0,40,0
35289,22,Local-gov,249727,9,Married-civ-spouse,Husband,Asian-Pac-Islander,Male,0,0,40,0
35290,42,Private,91453,13,Divorced,Unmarried,Black,Female,89009,0,50,1
35291,42,Private,91453,13,Widowed,Unmarried,White,Female,71864,0,50,1
35292,61,Federal-gov,156542,15,Separated,Own-child,White,Male,0,0,40,0
35293,61,Private,156542,15,Separated,Own-child,White,Male,0,0,40,0
35294,60,State-gov,165827,16,Married-civ-spouse,Husband,Asian-Pac-Islander,Male,68915,0,55,1
35295,60,State-gov,165827,16,Married-civ-spouse,Husband,White,Male,0,0,9,1
35296,42,Federal-gov,184857,9,Married-civ-spouse,Husband,White,Male,7146,0,16,1
35297,42,Private,184857,9,Married-civ-spouse,Husband,White,Male,64971,0,16,1
35298,78,Self-emp-not-inc,152148,4,Married-civ-spouse,Husband,White,Male,70750,0,35,1
35299,78,Self-emp-not-inc,152148,4,Married-civ-spouse,Husband,White,Male,72268,1511,20,1
35300,41,Private,318046,6,Married-civ-spouse,Husband,White,Male,0,0,84,0
35301,41,Private,318046,10,Married-civ-spouse,Husband,White,Male,0,0,25,0
35302,56,Local-gov,78707,5,Married-civ-spouse,Wife,White,Female,53516,0,28,1
35303,56,Private,78707,5,Married-civ-spouse,Wife,White,Female,69369,0,28,1
35304,31,Private,103860,6,Never-married,Not-in-family,White,Male,96664,0,54,1
35305,31,Private,103860,6,Widowed,Not-in-family,White,Male,98957,0,45,1
35306,21,Private,198050,2,Never-married,Not-in-family,White,Female,13848,0,25,1
35307,21,Private,198050,12,Never-married,Not-in-family,White,Female,13237,0,25,1
35308,38,Private,95647,9,Married-civ-spouse,Own-child,Asian-Pac-Islander,Male,27672,0,30,1
35309,38,Without-pay,95647,9,Never-married,Own-child,Asian-Pac-Islander,Male,30216,0,30,1
35310,45,Self-emp-not-inc,176814,11,Married-civ-spouse,Husband,Other,Male,20603,0,40,1
35311,45,Self-emp-not-inc,176814,4,Married-civ-spouse,Husband,White,Male,44592,0,40,1
35312,43,Private,107584,6,Married-civ-spouse,Husband,White,Male,29476,0,55,1
35313,43,Private,107584,10,Married-civ-spouse,Husband,White,Male,83095,0,55,1
35314,65,Private,176796,16,Widowed,Not-in-family,White,Female,0,3191,40,1
35315,65,Private,176796,16,Widowed,Not-in-family,White,Female,0,3472,40,1
35316,21,Private,126613,9,Never-married,Not-in-family,White,Female,83449,0,76,1
35317,21,Private,126613,9,Never-married,Not-in-family,White,Female,21256,503,40,1
35318,36,Self-emp-inc,176289,16,Never-married,Not-in-family,White,Female,59879,0,40,1
35319,48,Self-emp-inc,176289,16,Never-married,Not-in-family,White,Female,15744,0,40,1
35320,36,Private,181705,10,Separated,Not-in-family,White,Male,83077,0,17,1
35321,36,Private,181705,10,Separated,Not-in-family,White,Male,76251,0,40,1
35322,31,Private,127215,10,Married-civ-spouse,Husband,White,Male,46893,0,40,1
35323,31,Private,127215,10,Married-civ-spouse,Husband,White,Male,43180,0,57,1
35324,45,Without-pay,163174,7,Married-civ-spouse,Unmarried,White,Male,4386,0,40,0
35325,37,Private,163174,7,Married-civ-spouse,Husband,White,Male,4386,3191,40,0
35326,17,Private,117549,7,Never-married,Own-child,Black,Female,23476,0,35,1
35327,17,Private,117549,7,Never-married,Own-child,Black,Female,42100,0,35,1
35328,52,Local-gov,137753,9,Separated,Wife,Black,Female,72971,0,20,1
35329,52,Local-gov,137753,9,Married-civ-spouse,Wife,Black,Female,81072,0,20,1
35330,58,Private,374108,7,Divorced,Unmarried,White,Female,69104,0,40,1
35331,58,Private,374108,10,Divorced,Unmarried,White,Female,81719,438,40,1
35332,17,Private,226980,8,Never-married,Own-child,White,Male,10763,0,51,1
35333,17,Private,226980,8,Never-married,Own-child,White,Female,19483,0,17,1
35334,28,Private,189346,9,Divorced,Own-child,White,Male,18840,0,40,1
35335,28,Private,189346,9,Divorced,Own-child,White,Male,61901,0,40,1
35336,37,Private,139684,9,Divorced,Not-in-family,White,Male,52980,0,45,1
35337,37,Private,139684,9,Divorced,Not-in-family,White,Male,0,3009,60,1
35338,42,Private,257328,9,Widowed,Unmarried,White,Male,31012,0,36,1
35339,42,Private,257328,9,Widowed,Not-in-family,White,Male,25888,0,40,1
35340,32,State-gov,317647,9,Never-married,Own-child,White,Male,15905,335,40,1
35341,32,Without-pay,317647,9,Never-married,Own-child,White,Male,29653,0,40,1
35342,39,Private,185099,14,Married-civ-spouse,Husband,White,Male,0,0,9,0
35343,39,Without-pay,185099,13,Married-spouse-absent,Husband,White,Male,0,0,48,0
35344,63,Private,66634,5,Married-civ-spouse,Husband,White,Male,49386,0,16,1
35345,63,Private,66634,5,Married-civ-spouse,Husband,White,Male,92113,0,16,1
35346,30,Private,213714,10,Widowed,Not-in-family,White,Female,86264,0,40,1
35347,30,Private,213714,10,Never-married,Not-in-family,White,Female,43380,0,40,1
35348,37,Private,241174,12,Married-civ-spouse,Husband,Asian-Pac-Islander,Male,0,0,99,0
35349,37,Private,241174,13,Separated,Husband,Amer-Indian-Eskimo,Male,0,0,99,0
35350,59,Private,192309,9,Widowed,Not-in-family,White,Female,57971,0,15,1
35351,65,Private,192309,9,Widowed,Not-in-family,White,Female,83789,0,15,1
35352,21,Private,306850,9,Never-married,Own-child,White,Male,74014,0,40,1
35353,84,Private,306850,9,Never-married,Own-child,White,Male,93799,0,40,1
35354,65,Private,153522,9,Widowed,Unmarried,White,Female,47859,2364,17,1
35355,65,Self-emp-not-inc,153522,9,Widowed,Unmarried,White,Female,79890,0,17,1
35356,43,State-gov,323713,9,Married-civ-spouse,Husband,White,Male,32757,0,40,1
35357,43,Private,323713,11,Married-civ-spouse,Husband,White,Male,0,331,40,1
35358,18,State-gov,272918,9,Never-married,Own-child,Black,Female,52925,0,15,1
35359,18,State-gov,272918,16,Never-married,Own-child,Black,Male,59630,0,15,1
35360,35,Private,105138,9,Divorced,Not-in-family,White,Male,17937,0,50,1
35361,36,Private,105138,9,Divorced,Not-in-family,White,Male,94170,0,50,1
35362,37,Private,270059,10,Divorced,Unmarried,White,Female,3302,0,25,0
35363,37,Private,270059,2,Divorced,Unmarried,White,Female,3727,0,25,0
35364,59,Local-gov,137300,9,Never-married,Not-in-family,White,Female,61728,0,20,1
35365,24,Local-gov,137300,9,Never-married,Not-in-family,Black,Female,53015,0,20,1
35366,50,Local-gov,82783,4,Married-civ-spouse,Husband,Asian-Pac-Islander,Male,0,0,45,0
35367,50,Local-gov,82783,14,Married-AF-spouse,Wife,White,Male,0,0,45,0
35368,41,Private,159549,13,Married-civ-spouse,Husband,White,Male,0,0,70,1
35369,41,Private,159549,13,Married-civ-spouse,Husband,White,Male,21080,0,6,1
35370,22,Private,146540,7,Never-married,Not-in-family,White,Male,44489,0,50,1
35371,22,Private,146540,12,Never-married,Not-in-family,White,Male,0,3784,50,1
35372,56,Private,359972,5,Married-civ-spouse,Husband,White,Male,0,2826,60,0
35373,56,Private,359972,3,Married-civ-spouse,Husband,White,Male,0,0,60,0
35374,29,Federal-gov,229300,13,Never-married,Not-in-family,White,Male,49092,0,56,1
35375,29,Federal-gov,229300,13,Never-married,Not-in-family,White,Female,30087,0,48,1
35376,27,Local-gov,113054,13,Never-married,Not-in-family,White,Female,20102,0,32,1
35377,27,Local-gov,113054,13,Never-married,Not-in-family,White,Female,59290,0,32,1
35378,30,Private,426017,7,Never-married,Own-child,White,Female,86385,0,19,1
35379,30,Private,426017,7,Never-married,Own-child,White,Female,21881,1305,19,1
35380,35,Private,187693,9,Never-married,Own-child,White,Male,12007,0,65,1
35381,35,Private,187693,9,Never-married,Own-child,White,Male,58608,3860,40,1
35382,37,Private,224566,9,Never-married,Unmarried,White,Female,46115,0,40,1
35383,73,Private,224566,9,Never-married,Unmarried,White,Male,0,3597,40,0
35384,60,Private,290922,9,Divorced,Not-in-family,White,Female,58750,0,60,1
35385,60,Private,290922,9,Divorced,Not-in-family,White,Female,79064,0,27,1
35386,44,Private,211351,10,Married-civ-spouse,Unmarried,White,Female,4386,0,40,0
35387,44,Private,211351,8,Married-civ-spouse,Unmarried,White,Female,4386,0,40,0
35388,46,Private,187702,10,Never-married,Not-in-family,White,Male,0,0,43,0
35389,40,Private,187702,10,Widowed,Not-in-family,White,Male,0,0,98,0
35390,21,Private,219137,6,Never-married,Own-child,Black,Male,91535,0,25,1
35391,21,Private,219137,6,Never-married,Own-child,Black,Male,65549,0,25,1
35392,33,Private,139616,13,Divorced,Not-in-family,White,Male,0,0,45,0
35393,56,Private,139616,13,Separated,Not-in-family,White,Male,0,0,28,0
35394,44,Self-emp-inc,64632,16,Separated,Husband,White,Male,6911,0,60,1
35395,44,Self-emp-inc,64632,16,Married-civ-spouse,Husband,White,Female,66771,0,60,1
35396,40,State-gov,36296,13,Married-civ-spouse,Husband,White,Female,0,0,50,0
35397,24,Local-gov,36296,9,Married-civ-spouse,Husband,White,Male,0,0,50,0
35398,32,Federal-gov,249409,9,Never-married,Own-child,Black,Male,28659,0,40,1
35399,32,Federal-gov,249409,9,Never-married,Own-child,Black,Male,57955,0,40,1
35400,72,Self-emp-inc,111895,13,Married-civ-spouse,Husband,White,Male,0,0,50,0
35401,43,Without-pay,111895,13,Married-civ-spouse,Husband,White,Male,0,0,30,0
35402,28,Private,338376,12,Married-civ-spouse,Husband,White,Male,0,0,4,0
35403,19,Private,338376,10,Married-civ-spouse,Husband,White,Male,0,0,50,0
35404,27,Private,218184,10,Never-married,Not-in-family,Black,Female,39331,0,40,1
35405,27,Private,218184,10,Never-married,Not-in-family,Other,Female,43409,0,40,1
35406,23,Private,222925,6,Married-civ-spouse,Own-child,White,Female,75467,0,40,1
35407,23,Private,222925,9,Divorced,Own-child,White,Female,42508,0,40,1
35408,47,State-gov,102308,13,Married-civ-spouse,Own-child,White,Male,0,0,42,0
35409,74,State-gov,102308,7,Married-civ-spouse,Husband,White,Male,0,0,42,0
35410,25,Private,184303,4,Married-spouse-absent,Other-relative,White,Female,94792,0,40,1
35411,25,Private,184303,14,Never-married,Other-relative,White,Female,0,2516,40,1
35412,47,Private,232149,14,Divorced,Unmarried,White,Female,28203,0,45,1
35413,78,Local-gov,232149,14,Divorced,Unmarried,White,Female,73880,0,45,1
35414,44,Private,328581,13,Separated,Husband,Asian-Pac-Islander,Male,0,0,50,0
35415,44,Private,328581,13,Widowed,Husband,Other,Male,0,0,50,0
35416,31,Self-emp-inc,111567,13,Married-civ-spouse,Unmarried,White,Male,0,0,86,1
35417,31,Self-emp-inc,111567,13,Married-civ-spouse,Husband,White,Male,0,3482,40,1
35418,57,Local-gov,44273,9,Separated,Not-in-family,White,Female,38601,0,40,1
35419,57,Local-gov,44273,9,Widowed,Not-in-family,White,Female,55842,0,40,1
35420,32,Local-gov,473133,14,Married-civ-spouse,Husband,White,Male,0,1338,40,0
35421,32,Private,473133,2,Married-civ-spouse,Husband,White,Male,0,0,25,0
35422,18,Private,122988,9,Never-married,Husband,White,Male,10979,0,20,1
35423,18,Local-gov,122988,9,Never-married,Own-child,White,Male,17515,0,20,1
35424,34,Private,158688,10,Married-civ-spouse,Husband,White,Male,26554,0,45,1
35425,34,Private,158688,10,Married-civ-spouse,Husband,White,Male,0,0,57,1
35426,36,Private,132563,15,Married-civ-spouse,Wife,Asian-Pac-Islander,Male,0,0,15,0
35427,36,Private,132563,15,Divorced,Wife,White,Female,0,1042,15,0
35428,34,Local-gov,191957,5,Married-civ-spouse,Husband,Other,Male,0,0,45,0
35429,59,Local-gov,191957,13,Married-civ-spouse,Husband,Black,Male,0,0,23,0
35430,29,Private,149211,13,Married-civ-spouse,Husband,White,Male,18942,0,40,1
35431,29,Without-pay,149211,13,Married-civ-spouse,Other-relative,White,Male,0,0,40,1
35432,78,Private,39232,9,Married-civ-spouse,Husband,White,Male,86183,0,40,1
35433,27,Private,39232,9,Married-civ-spouse,Husband,White,Male,12950,0,40,1
35434,30,State-gov,343789,10,Married-civ-spouse,Not-in-family,Amer-Indian-Eskimo,Male,0,0,40,0
35435,30,State-gov,343789,10,Married-spouse-absent,Husband,White,Female,0,0,40,0
35436,39,Private,192702,14,Never-married,Not-in-family,White,Female,45255,0,50,1
35437,39,Private,192702,14,Never-married,Not-in-family,White,Female,97766,0,32,1
35438,47,Private,97176,9,Divorced,Unmarried,White,Female,61867,0,40,1
35439,47,Private,97176,9,Divorced,Unmarried,White,Female,33871,0,40,1
35440,55,Private,213894,7,Separated,Unmarried,Black,Female,52147,0,40,1
35441,55,Private,213894,7,Separated,Unmarried,Amer-Indian-Eskimo,Female,55882,0,40,1
35442,54,Private,308087,10,Married-civ-spouse,Husband,White,Male,0,133,8,0
35443,84,Private,308087,10,Separated,Husband,White,Male,0,1977,18,0
35444,40,Local-gov,161475,13,Married-civ-spouse,Husband,Black,Female,0,0,75,1
35445,40,Local-gov,161475,9,Married-civ-spouse,Wife,Black,Female,52847,0,75,1
35446,24,Private,222853,10,Never-married,Unmarried,White,Male,42720,0,50,1
35447,24,Private,222853,10,Never-married,Unmarried,White,Male,69026,0,50,1
35448,49,Private,185859,9,Married-civ-spouse,Husband,White,Male,34754,1891,43,1
35449,29,Private,185859,9,Married-civ-spouse,Husband,White,Male,94356,0,43,1
35450,40,Private,255675,10,Married-civ-spouse,Husband,White,Male,0,0,97,0
35451,40,Private,255675,10,Married-civ-spouse,Husband,White,Male,0,1589,40,0
35452,58,Self-emp-not-inc,239523,10,Married-civ-spouse,Husband,White,Male,0,0,45,0
35453,58,Local-gov,239523,9,Married-civ-spouse,Own-child,White,Male,0,0,45,0
35454,23,Private,343019,6,Never-married,Not-in-family,White,Male,53104,0,40,1
35455,23,Private,343019,6,Never-married,Wife,White,Female,96085,0,40,1
35456,19,Self-emp-inc,260333,9,Never-married,Own-child,White,Female,20775,0,20,1
35457,19,Private,260333,10,Never-married,Own-child,White,Female,37643,0,20,1
35458,35,Private,338948,9,Divorced,Unmarried,Black,Male,23155,0,40,1
35459,35,Private,338948,9,Divorced,Not-in-family,Black,Male,94861,0,40,1
35460,36,Private,34173,13,Married-civ-spouse,Wife,Amer-Indian-Eskimo,Female,0,3003,20,1
35461,78,Private,34173,13,Married-civ-spouse,Wife,White,Female,0,0,20,0
35462,36,Private,389725,7,Married-civ-spouse,Husband,White,Male,1935,0,40,0
35463,36,Private,389725,13,Married-civ-spouse,Husband,White,Male,3458,0,40,0
35464,30,Private,427474,5,Married-civ-spouse,Husband,White,Male,60564,0,40,1
35465,30,Federal-gov,427474,5,Married-civ-spouse,Husband,White,Male,26920,0,40,1
35466,46,Local-gov,125457,12,Married-civ-spouse,Other-relative,Black,Male,0,0,38,0
35467,46,Self-emp-inc,125457,14,Married-civ-spouse,Other-relative,Black,Male,0,0,38,0
35468,26,Private,127202,9,Divorced,Not-in-family,White,Male,19554,0,54,1
35469,26,Private,127202,9,Divorced,Not-in-family,White,Male,61656,0,40,1
35470,23,State-gov,142547,16,Married-civ-spouse,Husband,White,Male,74310,0,40,1
35471,23,State-gov,142547,9,Married-civ-spouse,Husband,White,Male,61773,0,40,1
35472,38,Private,210844,10,Married-civ-spouse,Husband,White,Male,0,414,40,1
35473,38,Self-emp-inc,210844,10,Married-civ-spouse,Husband,White,Male,0,2426,40,1
35474,49,Self-emp-inc,141058,10,Divorced,Not-in-family,White,Male,56724,3396,50,1
35475,49,Self-emp-inc,141058,10,Divorced,Not-in-family,White,Male,22099,2339,14,1
35476,56,Private,364899,16,Never-married,Husband,White,Male,2312,0,65,0
35477,56,Private,364899,16,Married-civ-spouse,Husband,Amer-Indian-Eskimo,Male,4819,0,65,0
35478,70,Private,107265,9,Married-civ-spouse,Husband,White,Male,0,0,50,0
35479,50,Private,107265,9,Married-civ-spouse,Own-child,White,Male,0,0,5,0
35480,26,Private,102460,10,Married-civ-spouse,Husband,White,Male,96386,520,40,1
35481,26,Private,102460,13,Married-civ-spouse,Husband,White,Male,23403,0,40,1
35482,49,Federal-gov,420282,13,Never-married,Unmarried,Black,Female,28646,0,40,1
35483,49,Federal-gov,420282,10,Never-married,Unmarried,Black,Male,70967,0,40,1
35484,27,Private,369522,9,Never-married,Own-child,White,Male,66958,0,45,1
35485,27,Private,369522,10,Never-married,Own-child,White,Male,97354,0,45,1
35486,19,Private,223648,9,Never-married,Not-in-family,White,Male,25201,0,48,1
35487,19,Private,223648,9,Never-married,Wife,White,Male,44163,0,48,1
35488,29,Private,87632,7,Married-civ-spouse,Unmarried,White,Male,11345,0,40,1
35489,29,Private,87632,7,Married-civ-spouse,Husband,Black,Male,87163,0,40,1
35490,33,Private,243330,9,Married-civ-spouse,Husband,White,Male,27203,0,55,1
35491,33,Private,243330,10,Married-civ-spouse,Husband,White,Male,40358,0,55,1
35492,36,Private,49657,9,Married-AF-spouse,Husband,White,Male,0,0,50,0
35493,81,Self-emp-not-inc,49657,13,Married-civ-spouse,Husband,White,Male,0,0,50,0
35494,29,Self-emp-not-inc,116531,14,Never-married,Not-in-family,White,Female,80815,0,40,1
35495,29,State-gov,116531,14,Never-married,Not-in-family,White,Female,0,3866,40,1
35496,41,Private,149909,9,Married-civ-spouse,Husband,White,Male,0,14,40,0
35497,41,Private,149909,9,Married-civ-spouse,Husband,White,Male,0,375,40,0
35498,50,Private,117295,6,Married-civ-spouse,Husband,White,Male,5646,0,40,1
35499,50,Private,117295,6,Married-civ-spouse,Husband,Black,Male,29712,0,40,1
35500,55,Private,156089,10,Widowed,Unmarried,Asian-Pac-Islander,Female,0,2258,40,1
35501,55,Private,156089,10,Widowed,Unmarried,White,Female,80640,0,40,1
35502,44,State-gov,124747,9,Married-civ-spouse,Wife,White,Female,3103,0,80,0
35503,52,Private,124747,9,Married-civ-spouse,Wife,White,Female,3103,0,78,0
35504,67,Local-gov,190661,16,Never-married,Not-in-family,White,Female,525,0,25,0
35505,67,Local-gov,190661,13,Never-married,Not-in-family,White,Female,573,0,50,0
35506,51,Private,63424,14,Widowed,Own-child,White,Female,0,0,40,0
35507,51,Private,63424,3,Married-civ-spouse,Wife,White,Female,0,0,40,0
35508,33,Private,158688,10,Married-civ-spouse,Husband,White,Male,0,0,89,1
35509,33,Private,158688,10,Married-civ-spouse,Husband,White,Male,15046,941,40,1
35510,56,Private,147653,9,Divorced,Unmarried,White,Female,43346,0,32,1
35511,56,Private,147653,9,Divorced,Unmarried,White,Female,69665,0,32,1
35512,22,Local-gov,335950,9,Never-married,Not-in-family,Black,Male,20115,0,70,1
35513,34,Private,335950,9,Never-married,Not-in-family,Black,Male,47907,0,70,1
35514,51,Private,163921,13,Married-civ-spouse,Husband,White,Male,0,1625,56,0
35515,51,Private,163921,13,Married-civ-spouse,Husband,Other,Male,0,1680,56,0
35516,60,Without-pay,27886,10,Married-civ-spouse,Husband,White,Male,0,0,58,0
35517,60,Self-emp-not-inc,27886,10,Married-civ-spouse,Husband,White,Male,0,1246,33,0
35518,33,State-gov,85632,15,Married-civ-spouse,Wife,White,Female,0,0,40,1
35519,33,State-gov,85632,10,Married-civ-spouse,Wife,White,Female,60147,0,40,1
35520,53,Self-emp-inc,203173,11,Married-civ-spouse,Husband,Black,Male,0,0,45,1
35521,32,Private,203173,11,Married-civ-spouse,Husband,White,Male,0,0,45,1
35522,35,Federal-gov,182467,11,Married-civ-spouse,Wife,White,Male,0,0,44,0
35523,35,Private,182467,11,Married-civ-spouse,Wife,White,Female,36378,0,44,1
35524,44,Private,207578,13,Married-civ-spouse,Other-relative,White,Male,0,0,1,0
35525,44,Private,207578,12,Married-AF-spouse,Husband,White,Male,0,0,35,0
35526,53,Self-emp-inc,69372,3,Married-civ-spouse,Husband,Black,Male,0,0,40,0
35527,53,Self-emp-inc,69372,2,Married-civ-spouse,Own-child,Asian-Pac-Islander,Male,0,0,40,0
35528,22,Private,369549,10,Never-married,Wife,Black,Female,94798,0,30,1
35529,22,Private,369549,2,Never-married,Not-in-family,Black,Female,67860,0,30,1
35530,22,Private,222011,14,Divorced,Unmarried,White,Female,0,0,25,0
35531,44,Private,222011,5,Divorced,Unmarried,White,Female,0,0,25,0
35532,21,Private,131404,9,Separated,Own-child,White,Male,69106,0,30,1
35533,21,Private,131404,9,Never-married,Own-child,White,Male,16445,0,30,1
35534,38,Private,43770,10,Separated,Not-in-family,White,Female,61302,0,72,1
35535,38,Private,43770,10,Divorced,Not-in-family,White,Female,40759,0,72,1
35536,35,Self-emp-not-inc,381931,9,Married-civ-spouse,Husband,White,Male,61374,0,80,1
35537,35,Self-emp-not-inc,381931,9,Married-AF-spouse,Husband,White,Male,85021,0,55,1
35538,38,State-gov,49115,10,Married-civ-spouse,Husband,White,Male,79866,0,27,1
35539,38,State-gov,49115,10,Married-civ-spouse,Husband,White,Male,32336,0,27,1
35540,56,Self-emp-not-inc,42166,13,Married-civ-spouse,Husband,White,Male,0,2173,40,1
35541,56,Self-emp-not-inc,42166,16,Married-civ-spouse,Husband,White,Female,0,0,40,1
35542,44,Private,138845,10,Married-civ-spouse,Husband,White,Male,0,3002,99,1
35543,44,Private,138845,10,Married-civ-spouse,Husband,White,Male,99467,2746,40,1
35544,66,Self-emp-inc,185369,6,Married-civ-spouse,Husband,White,Male,51996,0,30,1
35545,66,Self-emp-inc,185369,6,Married-civ-spouse,Husband,White,Male,35310,0,30,1
35546,43,Private,214541,14,Divorced,Not-in-family,White,Male,55859,0,39,1
35547,43,Private,214541,14,Divorced,Not-in-family,White,Male,63100,0,40,1
35548,19,Private,69151,5,Never-married,Own-child,White,Male,37232,0,25,1
35549,19,Private,69151,4,Never-married,Own-child,White,Male,12280,0,25,1
35550,50,Private,194231,14,Divorced,Not-in-family,White,Female,0,0,19,0
35551,68,Private,194231,14,Divorced,Not-in-family,White,Female,0,0,40,0
35552,56,Private,169589,10,Married-civ-spouse,Husband,White,Male,0,0,58,1
35553,46,Private,169589,10,Married-civ-spouse,Husband,White,Male,0,0,56,1
35554,51,Local-gov,379797,6,Married-civ-spouse,Husband,Black,Male,45125,0,40,1
35555,51,Private,379797,13,Married-civ-spouse,Husband,Black,Male,0,0,51,1
35556,26,Private,174592,4,Never-married,Own-child,White,Female,40750,0,40,1
35557,26,Private,174592,14,Never-married,Own-child,White,Female,59360,0,40,1
35558,46,Local-gov,75387,9,Married-civ-spouse,Own-child,White,Male,0,0,40,1
35559,37,Local-gov,75387,9,Married-civ-spouse,Husband,White,Male,35360,0,40,1
35560,38,Private,78247,10,Married-civ-spouse,Husband,White,Male,52664,0,40,1
35561,38,Private,78247,10,Married-civ-spouse,Husband,White,Male,66230,0,79,1
35562,24,Private,241752,9,Never-married,Not-in-family,White,Male,45755,0,40,1
35563,24,Private,241752,9,Never-married,Not-in-family,White,Male,48214,0,27,1
35564,56,Federal-gov,107314,8,Divorced,Not-in-family,Black,Female,36260,0,40,1
35565,56,Federal-gov,107314,10,Divorced,Not-in-family,Black,Female,58303,0,40,1
35566,37,Private,210438,7,Never-married,Not-in-family,Black,Male,65366,0,40,1
35567,37,Private,210438,7,Never-married,Not-in-family,Asian-Pac-Islander,Male,26417,0,40,1
35568,24,Private,60668,9,Never-married,Own-child,White,Male,31423,0,40,1
35569,24,Self-emp-inc,60668,1,Never-married,Own-child,White,Male,19862,0,40,1
35570,47,Private,198170,1,Married-civ-spouse,Husband,White,Male,0,0,45,0
35571,87,Private,198170,13,Married-civ-spouse,Husband,White,Male,0,0,6,0
35572,60,Self-emp-not-inc,128367,10,Divorced,Unmarried,White,Male,56912,0,42,1
35573,60,Private,128367,10,Divorced,Unmarried,Black,Male,94197,0,42,1
35574,25,Private,222089,9,Never-married,Unmarried,Black,Female,52211,0,40,1
35575,30,Private,222089,9,Never-married,Unmarried,Black,Female,77414,0,40,1
35576,26,Private,102875,7,Never-married,Own-child,White,Female,35758,0,40,1
35577,26,Private,102875,2,Never-married,Own-child,White,Female,31124,0,40,1
35578,55,Self-emp-not-inc,141807,13,Married-civ-spouse,Husband,White,Male,0,1288,76,0
35579,55,Self-emp-not-inc,141807,13,Married-AF-spouse,Unmarried,White,Male,0,0,40,0
35580,58,Private,158002,10,Married-civ-spouse,Husband,Asian-Pac-Islander,Male,0,3082,40,1
35581,58,Private,158002,10,Married-civ-spouse,Husband,Black,Male,0,1860,40,1
35582,51,Private,123011,13,Divorced,Own-child,White,Male,0,1896,50,0
35583,51,Private,123011,13,Divorced,Other-relative,White,Male,0,2559,14,0
35584,32,Private,237903,13,Never-married,Unmarried,White,Female,85437,0,40,1
35585,32,Private,237903,13,Never-married,Unmarried,White,Female,35545,0,40,1
35586,35,Private,38245,10,Married-civ-spouse,Husband,White,Male,31735,0,78,1
35587,35,Private,38245,10,Married-civ-spouse,Husband,White,Male,98195,0,60,1
35588,22,Private,211013,9,Separated,Other-relative,White,Female,46931,0,40,1
35589,22,Private,211013,9,Divorced,Other-relative,White,Female,29907,0,40,1
35590,46,Private,192835,10,Married-civ-spouse,Husband,White,Male,50777,0,48,1
35591,46,Private,192835,7,Married-civ-spouse,Husband,White,Male,68109,0,48,1
35592,40,Private,289403,13,Married-civ-spouse,Wife,Black,Male,0,0,35,1
35593,40,Local-gov,289403,13,Separated,Unmarried,Black,Male,64752,0,35,1
35594,32,Self-emp-inc,103078,14,Married-civ-spouse,Husband,White,Female,0,0,40,1
35595,67,Self-emp-inc,103078,13,Married-civ-spouse,Husband,White,Male,0,0,40,1
35596,26,Private,147982,7,Divorced,Not-in-family,Black,Female,75704,0,40,1
35597,26,Private,147982,7,Never-married,Not-in-family,White,Female,74081,0,40,1
35598,61,Private,54639,9,Never-married,Own-child,White,Male,53393,0,40,1
35599,18,Private,54639,9,Never-married,Own-child,White,Male,66166,580,40,1
35600,43,Private,131899,13,Married-civ-spouse,Husband,White,Male,4218,0,40,0
35601,43,Private,131899,9,Married-civ-spouse,Husband,Other,Male,0,0,40,0
35602,46,Private,62793,9,Divorced,Other-relative,Amer-Indian-Eskimo,Female,51607,0,40,1
35603,46,Private,62793,9,Divorced,Unmarried,White,Female,67149,0,40,1
35604,30,Private,162442,4,Married-civ-spouse,Wife,White,Female,5078,0,50,0
35605,30,Private,162442,13,Married-civ-spouse,Own-child,White,Female,2829,0,50,0
35606,37,Federal-gov,33487,10,Divorced,Unmarried,Amer-Indian-Eskimo,Female,13474,0,20,1
35607,37,Federal-gov,33487,10,Divorced,Wife,Amer-Indian-Eskimo,Female,98270,0,20,1
35608,72,Self-emp-inc,204470,6,Married-civ-spouse,Husband,White,Male,0,0,36,0
35609,30,Self-emp-inc,204470,3,Married-AF-spouse,Husband,White,Male,0,0,36,0
35610,39,Private,245053,13,Separated,Husband,Other,Male,0,0,50,0
35611,39,Private,245053,13,Married-civ-spouse,Other-relative,White,Male,0,0,50,0
35612,41,Private,229472,9,Widowed,Not-in-family,White,Female,63717,0,40,1
35613,41,Self-emp-inc,229472,9,Never-married,Not-in-family,White,Female,34847,0,40,1
35614,33,Private,58305,11,Married-civ-spouse,Husband,White,Male,60081,0,40,1
35615,86,Private,58305,11,Married-civ-spouse,Husband,White,Male,70185,0,40,1
35616,28,Private,69911,10,Never-married,Own-child,White,Female,77053,0,15,1
35617,20,Private,69911,10,Never-married,Own-child,White,Female,34806,0,22,1
35618,26,Private,161007,13,Never-married,Own-child,White,Male,42544,0,30,1
35619,26,Without-pay,161007,13,Never-married,Own-child,White,Male,43982,0,30,1
35620,38,Without-pay,99233,15,Never-married,Not-in-family,White,Male,0,0,28,0
35621,38,Private,99233,15,Never-married,Not-in-family,White,Male,0,0,28,0
35622,40,Private,198692,10,Married-civ-spouse,Husband,Black,Male,3490,0,60,0
35623,40,Private,198692,10,Married-civ-spouse,Husband,White,Male,3490,0,60,0
35624,22,Private,122272,13,Never-married,Own-child,White,Female,60714,0,35,1
35625,22,Private,122272,13,Divorced,Own-child,White,Female,9042,0,35,1
35626,19,Private,139671,10,Married-civ-spouse,Husband,White,Male,0,1977,50,0
35627,52,State-gov,139671,10,Married-civ-spouse,Husband,White,Male,0,1650,50,0
35628,48,Private,272778,10,Divorced,Unmarried,White,Female,77927,0,32,1
35629,48,Private,272778,10,Divorced,Unmarried,White,Female,85980,0,30,1
35630,44,Federal-gov,38434,13,Widowed,Husband,White,Female,0,0,67,0
35631,44,Self-emp-not-inc,38434,13,Widowed,Unmarried,White,Female,0,0,20,0
35632,23,Private,283092,9,Never-married,Other-relative,Black,Male,88488,0,40,1
35633,23,Private,283092,9,Never-married,Other-relative,Black,Male,26526,933,40,1
35634,33,Private,388672,11,Married-civ-spouse,Husband,White,Male,6951,0,88,1
35635,33,Without-pay,388672,11,Married-civ-spouse,Husband,White,Male,66800,0,60,1
35636,34,Private,152493,9,Divorced,Unmarried,White,Male,90280,3199,60,1
35637,34,Private,152493,9,Separated,Unmarried,White,Male,90453,0,60,1
35638,45,Private,180010,9,Divorced,Own-child,White,Female,46220,0,40,1
35639,45,Private,180010,9,Divorced,Own-child,White,Female,65092,2264,40,1
35640,22,Private,201490,9,Divorced,Own-child,White,Male,88249,0,20,1
35641,22,Private,201490,9,Never-married,Own-child,White,Male,40805,0,20,1
35642,29,Local-gov,173851,9,Married-civ-spouse,Husband,White,Male,91811,0,40,1
35643,29,Private,173851,9,Married-civ-spouse,Husband,White,Male,51473,0,40,1
35644,51,Private,226735,9,Married-civ-spouse,Husband,Black,Male,34541,0,5,1
35645,51,Private,226735,9,Married-civ-spouse,Husband,Black,Male,39371,2358,40,1
35646,86,Private,188709,15,Married-civ-spouse,Husband,White,Male,4705,0,50,0
35647,74,Private,188709,15,Married-civ-spouse,Husband,White,Male,1058,0,86,0
35648,20,Private,94401,9,Never-married,Unmarried,White,Female,83080,0,43,1
35649,20,Private,94401,9,Never-married,Husband,White,Female,23915,0,40,1
35650,25,Private,178505,10,Never-married,Other-relative,White,Female,57932,1504,45,1
35651,25,Private,178505,10,Never-married,Other-relative,Asian-Pac-Islander,Female,85594,1504,45,1
35652,37,Private,196434,10,Married-civ-spouse,Husband,White,Male,0,3706,40,0
35653,44,Private,196434,10,Married-civ-spouse,Husband,White,Male,0,0,40,0
35654,19,Self-emp-inc,197377,10,Never-married,Own-child,Black,Male,89831,0,20,1
35655,19,Private,197377,10,Never-married,Own-child,Black,Male,82622,0,20,1
35656,68,Self-emp-not-inc,87209,14,Married-civ-spouse,Husband,White,Male,8977,0,60,1
35657,34,Self-emp-not-inc,87209,14,Married-civ-spouse,Husband,White,Male,29638,0,60,1
35658,38,Private,172918,9,Never-married,Own-child,White,Male,63204,0,40,1
35659,73,Private,172918,9,Never-married,Own-child,White,Male,10322,0,40,1
35660,46,Private,273796,9,Married-civ-spouse,Husband,White,Male,0,0,28,0
35661,46,Private,273796,9,Widowed,Husband,White,Male,0,3316,65,0
35662,58,Private,109015,10,Divorced,Unmarried,White,Female,45024,3343,40,1
35663,58,Private,109015,10,Divorced,Unmarried,White,Female,9492,0,77,1
35664,26,Private,121427,13,Never-married,Own-child,White,Female,66693,0,40,1
35665,26,Private,121427,13,Never-married,Own-child,White,Male,0,2574,40,1
35666,43,Private,186245,4,Separated,Husband,Black,Male,74263,0,40,1
35667,43,Private,186245,4,Married-civ-spouse,Husband,Black,Female,10247,0,40,1
35668,36,Private,104772,9,Married-civ-spouse,Husband,White,Male,0,2042,1,0
35669,72,Private,104772,9,Married-civ-spouse,Husband,Other,Male,0,0,40,0
35670,28,Private,115945,16,Never-married,Own-child,White,Male,12676,0,18,1
35671,28,Private,115945,16,Never-married,Own-child,White,Male,30693,0,18,1
35672,62,Self-emp-not-inc,166894,9,Divorced,Husband,White,Male,33489,0,60,1
35673,62,Self-emp-not-inc,166894,9,Married-civ-spouse,Husband,White,Male,39387,0,60,1
35674,53,Private,108836,11,Married-civ-spouse,Husband,White,Male,71705,0,40,1
35675,53,Private,108836,5,Married-civ-spouse,Husband,White,Male,87246,0,40,1
35676,47,Private,184402,9,Divorced,Not-in-family,White,Male,32146,0,32,1
35677,47,Self-emp-inc,184402,9,Divorced,Not-in-family,White,Male,80342,0,32,1
35678,25,Private,211097,3,Divorced,Unmarried,Other,Female,74568,0,20,1
35679,25,Private,211097,3,Divorced,Unmarried,Other,Female,76354,0,20,1
35680,38,Local-gov,94529,2,Married-civ-spouse,Husband,White,Female,3103,0,50,0
35681,38,Local-gov,94529,12,Married-AF-spouse,Wife,White,Female,3103,0,50,0
35682,32,Local-gov,233838,9,Married-civ-spouse,Husband,Black,Male,0,2213,50,1
35683,32,Private,233838,13,Married-civ-spouse,Husband,Black,Male,0,2556,50,1
35684,41,Self-emp-not-inc,375574,10,Married-civ-spouse,Husband,White,Male,0,0,43,0
35685,41,Local-gov,375574,10,Married-civ-spouse,Husband,White,Female,0,0,60,0
35686,28,Private,78870,13,Never-married,Not-in-family,White,Male,3785,2802,40,0
35687,28,Private,78870,13,Never-married,Not-in-family,White,Male,5432,0,72,0
35688,53,State-gov,144586,10,Never-married,Not-in-family,White,Female,64525,0,40,1
35689,53,State-gov,144586,10,Never-married,Other-relative,White,Female,37754,0,40,1
35690,30,Private,147430,9,Married-spouse-absent,Other-relative,White,Female,46341,0,40,1
35691,30,Private,147430,9,Married-spouse-absent,Not-in-family,White,Female,57691,1179,40,1
35692,42,Local-gov,109684,14,Divorced,Not-in-family,White,Female,59311,1741,35,1
35693,42,Federal-gov,109684,14,Never-married,Not-in-family,White,Female,83537,1741,35,1
35694,18,Private,88642,10,Never-married,Own-child,White,Male,70512,0,15,1
35695,18,Private,88642,10,Never-married,Own-child,White,Male,66581,0,88,1
35696,26,Private,57600,13,Married-civ-spouse,Husband,White,Male,0,0,97,1
35697,26,Private,57600,13,Married-civ-spouse,Husband,White,Male,89221,0,40,1
35698,50,Self-emp-not-inc,391016,13,Divorced,Not-in-family,White,Male,73592,0,30,1
35699,50,Self-emp-not-inc,391016,13,Divorced,Own-child,White,Male,60340,0,30,1
35700,20,Private,190429,10,Married-spouse-absent,Not-in-family,White,Female,13291,0,40,1
35701,20,Private,190429,10,Never-married,Not-in-family,White,Female,76484,0,40,1
35702,38,Private,33983,10,Married-civ-spouse,Husband,White,Male,49121,0,2,1
35703,38,Private,33983,10,Married-civ-spouse,Husband,White,Male,47219,2150,40,1
35704,29,Private,270421,13,Divorced,Husband,Amer-Indian-Eskimo,Male,0,0,50,0
35705,29,Private,270421,13,Married-civ-spouse,Husband,White,Male,0,0,21,0
35706,28,Private,258364,10,Divorced,Unmarried,White,Female,31983,846,40,1
35707,28,Private,258364,10,Married-civ-spouse,Wife,White,Female,0,0,40,1
35708,32,Private,92028,14,Married-civ-spouse,Own-child,White,Male,0,0,50,0
35709,68,Private,92028,14,Married-civ-spouse,Not-in-family,White,Male,0,0,50,0
35710,55,State-gov,111130,12,Divorced,Own-child,Asian-Pac-Islander,Male,37498,0,25,1
35711,55,State-gov,111130,12,Divorced,Own-child,Asian-Pac-Islander,Male,97473,0,40,1
35712,20,Private,105312,10,Never-married,Unmarried,White,Female,83212,0,18,1
35713,20,Federal-gov,105312,10,Never-married,Own-child,White,Female,68362,0,18,1
35714,27,Self-emp-not-inc,115438,9,Married-civ-spouse,Husband,White,Female,0,3481,60,0
35715,27,Self-emp-not-inc,115438,4,Married-civ-spouse,Husband,White,Male,0,0,29,0
35716,23,Private,297152,10,Never-married,Own-child,Other,Female,91649,0,25,1
35717,23,Private,297152,10,Never-married,Own-child,Black,Female,53152,0,25,1
35718,28,State-gov,123011,10,Married-civ-spouse,Husband,White,Male,0,0,45,0
35719,52,Private,123011,9,Married-civ-spouse,Unmarried,White,Male,0,0,45,0
35720,25,Private,126110,10,Never-married,Own-child,White,Female,89780,125,40,1
35721,25,Private,126110,10,Never-married,Own-child,White,Female,28432,1238,40,1
35722,83,Private,274228,9,Married-civ-spouse,Husband,White,Male,90227,0,84,1
35723,25,Private,274228,4,Married-civ-spouse,Husband,White,Male,50683,0,84,1
35724,42,Private,120837,9,Separated,Not-in-family,White,Male,0,3586,50,1
35725,42,Private,120837,9,Divorced,Not-in-family,White,Male,31381,0,50,1
35726,28,Private,278736,10,Married-civ-spouse,Husband,Asian-Pac-Islander,Male,83960,0,40,1
35727,67,Private,278736,10,Married-civ-spouse,Husband,White,Male,61361,0,40,1
35728,24,Private,308239,13,Never-married,Own-child,White,Male,83677,0,4,1
35729,24,Private,308239,13,Never-married,Own-child,White,Male,52549,0,4,1
35730,52,Private,270221,13,Married-civ-spouse,Husband,White,Female,3565,0,44,0
35731,52,Private,270221,13,Married-civ-spouse,Husband,White,Male,3565,0,44,0
35732,20,Private,379525,10,Never-married,Own-child,White,Female,67420,0,10,1
35733,74,Private,379525,10,Never-married,Own-child,White,Female,88381,0,10,1
35734,25,Private,189663,14,Never-married,Own-child,White,Female,84958,0,40,1
35735,25,Private,189663,14,Never-married,Own-child,White,Male,8001,0,40,1
35736,23,Private,130773,13,Never-married,Unmarried,White,Male,0,2851,40,1
35737,23,Private,130773,13,Never-married,Unmarried,White,Male,37226,0,40,1
35738,46,Private,174224,11,Divorced,Unmarried,Black,Male,98604,0,40,1
35739,46,Private,174224,11,Divorced,Not-in-family,Black,Male,49420,0,40,1
35740,38,Private,91039,4,Never-married,Husband,White,Male,5178,0,48,0
35741,38,Private,91039,6,Married-civ-spouse,Husband,White,Male,2435,0,48,0
35742,25,Private,120238,7,Married-spouse-absent,Wife,White,Male,5178,0,40,0
35743,25,Private,120238,7,Married-civ-spouse,Other-relative,White,Male,5178,1830,40,0
35744,40,Private,223881,8,Divorced,Not-in-family,White,Male,0,3879,50,1
35745,40,Private,223881,10,Divorced,Not-in-family,White,Male,0,2576,50,1
35746,30,Self-emp-inc,84119,13,Separated,Own-child,White,Male,79088,0,43,1
35747,30,Self-emp-inc,84119,13,Never-married,Own-child,White,Male,42339,2263,43,1
35748,26,Private,383885,12,Married-civ-spouse,Husband,White,Male,85351,0,50,1
35749,26,Private,383885,12,Married-civ-spouse,Husband,White,Male,70789,0,50,1
35750,19,Private,186159,12,Never-married,Not-in-family,White,Female,65032,0,40,1
35751,19,Private,186159,10,Never-married,Not-in-family,Asian-Pac-Islander,Female,77818,0,40,1
35752,52,Private,128814,10,Divorced,Unmarried,White,Female,69103,0,50,1
35753,52,Private,128814,10,Divorced,Unmarried,White,Female,35324,0,50,1
35754,42,Local-gov,270147,11,Never-married,Not-in-family,White,Female,13157,0,40,1
35755,42,Local-gov,270147,14,Never-married,Not-in-family,White,Female,71539,0,40,1
35756,31,Private,176025,12,Never-married,Unmarried,Black,Female,15308,0,40,1
35757,31,Private,176025,9,Never-married,Unmarried,Black,Female,44295,0,40,1
35758,32,Self-emp-not-inc,253354,14,Married-civ-spouse,Husband,White,Male,54103,0,50,1
35759,32,State-gov,253354,14,Married-civ-spouse,Husband,White,Male,29388,2664,50,1
35760,62,Self-emp-inc,163234,5,Married-civ-spouse,Unmarried,White,Male,0,1902,55,0
35761,62,Self-emp-inc,163234,4,Married-civ-spouse,Husband,White,Male,0,1902,23,0
35762,37,Private,224541,11,Married-civ-spouse,Wife,White,Male,0,0,40,1
35763,37,Private,224541,10,Married-civ-spouse,Husband,White,Male,61857,85,40,1
35764,37,Private,186934,14,Married-civ-spouse,Husband,White,Male,0,0,32,0
35765,87,Private,186934,11,Married-civ-spouse,Husband,White,Male,0,0,50,0
35766,35,Self-emp-not-inc,176101,9,Married-civ-spouse,Husband,Asian-Pac-Islander,Male,0,2156,80,0
35767,35,Self-emp-not-inc,176101,9,Married-civ-spouse,Husband,White,Male,0,0,72,0
35768,17,Private,153021,10,Never-married,Own-child,White,Female,56307,0,94,1
35769,17,Private,153021,10,Never-married,Own-child,Other,Female,23303,0,6,1
35770,29,Private,131088,10,Married-civ-spouse,Husband,White,Male,11071,0,42,1
35771,29,Private,131088,15,Married-civ-spouse,Husband,White,Male,0,0,40,1
35772,30,Private,467108,13,Never-married,Not-in-family,White,Male,66148,0,45,1
35773,30,Private,467108,13,Never-married,Own-child,White,Male,69370,0,45,1
35774,67,Self-emp-not-inc,354405,9,Widowed,Not-in-family,White,Female,17506,2499,20,1
35775,67,Self-emp-not-inc,354405,9,Widowed,Not-in-family,White,Female,62836,0,20,1
35776,22,Self-emp-not-inc,199011,9,Never-married,Other-relative,White,Male,54527,0,20,1
35777,22,Self-emp-not-inc,199011,9,Never-married,Other-relative,Black,Male,93808,0,20,1
35778,34,Private,193565,7,Married-civ-spouse,Husband,White,Male,58780,0,40,1
35779,34,Private,193565,7,Married-civ-spouse,Husband,White,Male,49210,3798,40,1
35780,30,Private,78530,9,Never-married,Not-in-family,White,Male,66898,2756,40,1
35781,30,Private,78530,9,Never-married,Not-in-family,White,Male,43359,3589,40,1
35782,53,Self-emp-not-inc,304504,10,Never-married,Husband,White,Male,0,1887,45,0
35783,53,Private,304504,10,Married-civ-spouse,Husband,White,Male,0,1163,20,0
35784,31,Private,81846,9,Divorced,Husband,Asian-Pac-Islander,Male,37700,0,40,1
35785,31,Private,81846,9,Married-civ-spouse,Husband,White,Male,94530,0,40,1
35786,40,State-gov,155106,5,Married-civ-spouse,Husband,White,Male,0,0,61,0
35787,46,Self-emp-not-inc,155106,5,Married-civ-spouse,Husband,White,Male,0,0,40,0
35788,23,Private,216129,14,Never-married,Own-child,White,Male,71478,0,40,1
35789,23,Private,216129,10,Never-married,Own-child,White,Male,32458,3254,40,1
35790,43,Without-pay,282155,12,Divorced,Not-in-family,White,Female,36226,0,40,1
35791,43,Private,282155,12,Divorced,Not-in-family,White,Female,29528,0,40,1
35792,24,Private,140001,13,Never-married,Not-in-family,White,Female,48855,0,40,1
35793,24,Private,140001,13,Married-civ-spouse,Not-in-family,White,Male,47683,0,40,1
35794,27,Private,283913,3,Never-married,Not-in-family,White,Female,70591,0,65,1
35795,27,Private,283913,3,Never-married,Not-in-family,White,Female,16640,0,65,1
35796,43,Private,249771,9,Married-civ-spouse,Husband,Asian-Pac-Islander,Male,0,2353,81,1
35797,68,Private,249771,9,Married-civ-spouse,Husband,Asian-Pac-Islander,Male,0,0,99,1
35798,32,Federal-gov,167990,14,Never-married,Not-in-family,White,Male,4142,0,40,0
35799,32,Private,167990,11,Never-married,Not-in-family,White,Male,3650,0,40,0
35800,25,Private,282063,4,Married-civ-spouse,Husband,White,Male,83588,0,40,1
35801,59,Private,282063,4,Married-civ-spouse,Husband,White,Male,74136,0,40,1
35802,79,Self-emp-not-inc,51687,13,Married-civ-spouse,Husband,White,Male,19028,0,20,1
35803,66,Self-emp-not-inc,51687,13,Married-civ-spouse,Husband,White,Male,33909,0,20,1
35804,45,Private,174533,10,Married-civ-spouse,Husband,White,Male,3974,0,50,0
35805,45,Private,174533,10,Married-civ-spouse,Husband,White,Male,3867,0,50,0
35806,61,Self-emp-inc,163237,10,Married-civ-spouse,Husband,White,Male,0,0,65,1
35807,69,Self-emp-inc,163237,10,Married-civ-spouse,Husband,White,Male,88361,0,65,1
35808,25,Local-gov,190057,13,Never-married,Own-child,White,Female,24300,0,40,1
35809,25,Local-gov,190057,13,Never-married,Own-child,White,Female,41909,673,40,1
35810,44,Local-gov,154940,14,Never-married,Not-in-family,White,Female,0,1562,45,0
35811,47,Local-gov,154940,9,Married-civ-spouse,Not-in-family,White,Female,0,0,45,0
35812,42,Private,254773,8,Married-civ-spouse,Wife,Black,Female,4316,0,50,0
35813,42,Private,254773,7,Widowed,Wife,Black,Female,0,0,50,0
35814,39,Private,53447,13,Divorced,Not-in-family,White,Female,97266,0,40,1
35815,39,Private,53447,16,Divorced,Not-in-family,White,Female,0,0,80,1
35816,22,Private,102684,10,Never-married,Unmarried,White,Male,65076,0,32,1
35817,22,Private,102684,10,Never-married,Not-in-family,White,Male,99577,0,32,1
35818,22,Private,38707,10,Never-married,Own-child,White,Male,81031,0,20,1
35819,22,Private,38707,10,Never-married,Own-child,White,Male,45414,0,58,1
35820,34,Private,62374,15,Married-civ-spouse,Husband,White,Male,0,0,50,1
35821,31,Private,62374,9,Married-civ-spouse,Husband,White,Male,95725,0,50,1
35822,19,Private,60367,9,Never-married,Own-child,White,Female,58785,0,13,1
35823,19,Private,60367,9,Never-married,Own-child,White,Female,41376,2670,13,1
35824,41,Private,112181,13,Married-civ-spouse,Husband,Black,Female,0,0,12,0
35825,41,Private,112181,10,Married-civ-spouse,Wife,White,Female,0,381,12,0
35826,54,Private,419712,9,Married-civ-spouse,Husband,Black,Male,88638,0,40,1
35827,54,Private,419712,9,Married-civ-spouse,Husband,Black,Male,81026,481,40,1
35828,48,State-gov,54985,13,Married-civ-spouse,Husband,White,Male,40283,0,40,1
35829,48,Private,54985,13,Married-civ-spouse,Husband,White,Male,0,0,17,1
35830,21,Private,197387,9,Never-married,Own-child,White,Male,49565,0,20,1
35831,21,Private,197387,9,Never-married,Own-child,White,Male,69137,0,20,1
35832,62,Private,152148,15,Married-civ-spouse,Unmarried,White,Male,0,0,40,1
35833,62,Private,152148,5,Married-civ-spouse,Husband,White,Male,60211,0,40,1
35834,35,Private,166193,9,Divorced,Other-relative,White,Male,10239,0,40,1
35835,57,Private,166193,9,Divorced,Own-child,White,Male,76891,0,40,1
35836,26,Private,132572,13,Never-married,Own-child,Black,Female,93634,0,40,1
35837,26,Private,132572,13,Never-married,Own-child,Black,Female,66416,0,40,1
35838,30,Private,97306,10,Never-married,Not-in-family,White,Female,99211,0,40,1
35839,30,Private,97306,10,Never-married,Not-in-family,White,Female,50982,0,40,1
35840,29,Private,383402,10,Divorced,Not-in-family,White,Female,41846,0,35,1
35841,29,Private,383402,10,Divorced,Not-in-family,White,Female,97065,0,35,1
35842,42,Self-emp-not-inc,103980,11,Married-civ-spouse,Husband,White,Male,36505,0,50,1
35843,42,Self-emp-not-inc,103980,11,Married-civ-spouse,Husband,Black,Male,10209,0,50,1
35844,21,Private,77759,10,Never-married,Own-child,White,Female,87013,3115,15,1
35845,21,Private,77759,10,Never-married,Own-child,White,Female,49105,0,15,1
35846,32,Self-emp-inc,34104,16,Married-civ-spouse,Husband,White,Male,0,0,40,1
35847,32,Private,34104,10,Married-civ-spouse,Husband,White,Male,42267,2971,40,1
35848,43,Local-gov,106982,13,Separated,Unmarried,Amer-Indian-Eskimo,Female,85186,0,40,1
35849,43,Local-gov,106982,13,Separated,Unmarried,White,Female,20666,0,34,1
35850,46,Private,249686,15,Separated,Not-in-family,Asian-Pac-Islander,Male,0,0,26,0
35851,27,Private,249686,15,Separated,Not-in-family,Amer-Indian-Eskimo,Male,0,0,50,0
35852,60,Self-emp-not-inc,261119,9,Divorced,Unmarried,White,Female,41840,0,40,1
35853,82,Self-emp-not-inc,261119,9,Divorced,Unmarried,White,Female,40238,0,40,1
35854,64,Private,148956,9,Married-civ-spouse,Not-in-family,White,Male,10652,0,30,1
35855,64,Private,148956,9,Married-civ-spouse,Husband,White,Male,41694,0,30,1
35856,33,Private,241697,10,Married-spouse-absent,Unmarried,Amer-Indian-Eskimo,Female,30498,1602,40,1
35857,33,Private,241697,10,Married-spouse-absent,Husband,Amer-Indian-Eskimo,Male,14788,1602,40,1
35858,48,Local-gov,188741,14,Never-married,Not-in-family,White,Female,16812,0,2,1
35859,48,Local-gov,188741,14,Married-civ-spouse,Not-in-family,White,Female,0,0,58,1
35860,57,Without-pay,317969,9,Married-civ-spouse,Husband,White,Male,0,0,60,1
35861,57,Private,317969,9,Married-civ-spouse,Husband,White,Male,0,3718,50,1
35862,49,Private,122066,9,Married-civ-spouse,Husband,White,Male,96657,0,30,1
35863,49,Private,122066,9,Married-civ-spouse,Husband,Black,Male,73797,0,30,1
35864,50,Federal-gov,221791,12,Married-civ-spouse,Husband,Black,Male,0,2348,40,1
35865,50,Private,221791,12,Married-civ-spouse,Husband,Black,Female,44332,0,40,1
35866,55,Private,134789,9,Divorced,Not-in-family,White,Female,48886,0,20,1
35867,55,Private,134789,9,Divorced,Not-in-family,White,Female,65893,0,20,1
35868,23,State-gov,367209,16,Married-spouse-absent,Not-in-family,White,Male,0,0,70,0
35869,51,State-gov,367209,12,Married-spouse-absent,Wife,White,Male,0,0,70,0
35870,35,Private,162601,8,Divorced,Unmarried,White,Female,87756,0,40,1
35871,35,Private,162601,9,Divorced,Unmarried,White,Female,55345,3049,40,1
35872,27,Private,191515,14,Never-married,Not-in-family,White,Male,21659,0,45,1
35873,27,Private,191515,14,Never-married,Not-in-family,White,Male,27148,0,45,1
35874,58,Private,183870,9,Divorced,Not-in-family,White,Female,12853,2838,40,1
35875,58,Private,183870,9,Divorced,Not-in-family,White,Female,82191,0,40,1
35876,26,Local-gov,163189,10,Married-civ-spouse,Other-relative,White,Male,25145,0,40,1
35877,26,Local-gov,163189,10,Widowed,Other-relative,White,Male,90097,0,40,1
35878,26,Federal-gov,206983,15,Married-civ-spouse,Unmarried,White,Male,34358,0,60,1
35879,26,Federal-gov,206983,15,Married-civ-spouse,Husband,White,Male,46619,0,60,1
35880,31,Private,283268,13,Never-married,Unmarried,White,Female,34543,0,36,1
35881,31,Private,283268,13,Never-married,Unmarried,White,Female,82094,0,36,1
35882,26,Private,171114,13,Never-married,Not-in-family,White,Male,12424,0,40,1
35883,26,Private,171114,13,Never-married,Not-in-family,White,Female,94207,0,40,1
35884,52,Private,84788,7,Never-married,Not-in-family,White,Male,91543,0,40,1
35885,52,Self-emp-inc,84788,6,Never-married,Not-in-family,White,Male,40131,0,40,1
35886,38,Local-gov,37931,6,Married-civ-spouse,Husband,White,Male,0,0,40,0
35887,38,Local-gov,37931,6,Married-civ-spouse,Not-in-family,White,Male,0,0,40,0
35888,57,Self-emp-not-inc,49154,7,Never-married,Unmarried,Amer-Indian-Eskimo,Female,27250,0,40,1
35889,24,Self-emp-not-inc,49154,7,Never-married,Other-relative,Amer-Indian-Eskimo,Female,93429,0,40,1
35890,54,Self-emp-not-inc,154785,5,Divorced,Not-in-family,White,Male,8170,0,50,1
35891,54,Self-emp-not-inc,154785,13,Divorced,Not-in-family,White,Male,42369,2328,50,1
35892,29,Private,196227,13,Never-married,Not-in-family,White,Female,93152,2337,40,1
35893,29,Private,196227,10,Never-married,Not-in-family,White,Female,41424,0,40,1
35894,24,Private,456460,12,Married-civ-spouse,Wife,Amer-Indian-Eskimo,Female,54664,0,40,1
35895,64,Private,456460,12,Married-civ-spouse,Wife,White,Female,0,0,40,1
35896,23,Self-emp-not-inc,37783,10,Never-married,Own-child,White,Female,77006,0,40,1
35897,23,Private,37783,5,Never-married,Own-child,White,Female,50929,0,40,1
35898,47,Private,334039,13,Married-civ-spouse,Husband,White,Male,3649,0,44,0
35899,47,Private,334039,13,Never-married,Own-child,White,Male,7298,0,44,0
35900,45,Private,183168,13,Divorced,Own-child,White,Female,8443,0,40,1
35901,45,Private,183168,13,Divorced,Unmarried,White,Female,0,3231,40,1
35902,36,Self-emp-inc,179666,8,Married-civ-spouse,Husband,Other,Male,43290,0,40,1
35903,36,Private,179666,8,Separated,Husband,Other,Male,55064,0,40,1
35904,20,Federal-gov,191878,10,Never-married,Own-child,Amer-Indian-Eskimo,Female,27827,0,20,1
35905,20,Federal-gov,191878,10,Never-married,Own-child,Other,Female,15212,0,20,1
35906,25,Private,104614,9,Never-married,Unmarried,White,Female,66469,670,25,1
35907,25,Private,104614,9,Never-married,Unmarried,White,Female,60701,0,25,1
35908,55,Self-emp-not-inc,147098,5,Married-civ-spouse,Husband,White,Male,11032,0,50,1
35909,55,Local-gov,147098,5,Married-civ-spouse,Husband,White,Male,65400,0,50,1
35910,57,Private,592029,9,Widowed,Not-in-family,Black,Female,21696,0,24,1
35911,66,State-gov,592029,9,Widowed,Not-in-family,Black,Female,74172,0,24,1
35912,27,Local-gov,172091,9,Never-married,Unmarried,Black,Male,27502,0,40,1
35913,27,Local-gov,172091,9,Divorced,Unmarried,Black,Male,11622,0,40,1
35914,19,Private,39477,7,Never-married,Own-child,White,Male,71059,0,40,1
35915,19,Private,39477,9,Never-married,Not-in-family,White,Male,70104,0,40,1
35916,50,Self-emp-not-inc,163002,9,Separated,Other-relative,White,Female,26850,0,40,1
35917,50,Federal-gov,163002,9,Separated,Other-relative,White,Female,77483,0,40,1
35918,28,Private,614113,10,Separated,Unmarried,Black,Female,89538,0,30,1
35919,28,Private,614113,10,Separated,Unmarried,Amer-Indian-Eskimo,Female,30968,0,30,1
35920,37,Private,200426,10,Never-married,Not-in-family,White,Female,42121,0,18,1
35921,37,Private,200426,10,Divorced,Not-in-family,White,Female,70592,0,18,1
35922,36,Self-emp-not-inc,143385,11,Married-civ-spouse,Husband,White,Male,89706,0,60,1
35923,36,Self-emp-not-inc,143385,9,Married-civ-spouse,Wife,White,Male,22619,0,60,1
35924,33,Private,215288,7,Never-married,Own-child,Black,Male,37141,0,40,1
35925,33,Private,215288,7,Never-married,Own-child,Black,Male,27704,0,40,1
35926,25,Private,200408,10,Never-married,Not-in-family,White,Male,68141,473,40,1
35927,25,Private,200408,10,Never-married,Not-in-family,White,Male,48121,0,40,1
35928,26,Private,35917,9,Married-civ-spouse,Husband,White,Male,36081,0,40,1
35929,26,Private,35917,9,Married-civ-spouse,Husband,Other,Male,97268,0,40,1
35930,38,Private,186191,9,Married-civ-spouse,Husband,White,Male,22626,0,55,1
35931,38,Private,186191,9,Married-civ-spouse,Husband,White,Male,59778,0,55,1
35932,45,Private,233511,13,Widowed,Not-in-family,White,Male,0,1977,60,0
35933,45,Private,233511,13,Never-married,Husband,White,Female,0,1977,60,0
35934,56,Private,178787,9,Married-civ-spouse,Husband,White,Male,26094,0,40,1
35935,56,Private,178787,9,Married-civ-spouse,Own-child,White,Male,70001,0,40,1
35936,52,Federal-gov,198186,6,Widowed,Unmarried,Black,Female,67745,0,40,1
35937,52,Federal-gov,198186,6,Separated,Wife,Black,Female,24504,0,40,1
35938,44,Private,124563,9,Married-civ-spouse,Husband,Black,Male,22778,0,40,1
35939,44,Private,124563,9,Married-civ-spouse,Wife,Black,Male,80097,0,40,1
35940,72,Private,575172,11,Married-civ-spouse,Wife,White,Male,3103,0,32,0
35941,43,Private,575172,6,Married-spouse-absent,Husband,White,Male,3103,0,32,0
35942,54,Private,162238,9,Widowed,Not-in-family,Asian-Pac-Islander,Male,76456,0,45,1
35943,54,Private,162238,9,Widowed,Not-in-family,White,Male,92276,598,45,1
35944,38,Self-emp-inc,222532,15,Never-married,Not-in-family,White,Female,0,2842,45,1
35945,38,Self-emp-inc,222532,15,Never-married,Other-relative,White,Female,0,3320,45,1
35946,41,Private,127314,9,Married-spouse-absent,Husband,White,Male,5178,0,19,0
35947,41,Private,127314,9,Married-civ-spouse,Other-relative,White,Female,5178,0,40,0
35948,20,Private,228686,10,Never-married,Own-child,White,Male,47430,0,30,1
35949,20,Private,228686,10,Never-married,Own-child,White,Male,99403,0,30,1
35950,28,Private,186720,10,Never-married,Own-child,White,Female,15672,0,50,1
35951,28,Private,186720,10,Never-married,Own-child,Black,Female,26519,0,50,1
35952,76,Self-emp-not-inc,208406,13,Married-civ-spouse,Husband,Amer-Indian-Eskimo,Male,0,0,60,0
35953,27,Self-emp-not-inc,208406,13,Separated,Husband,White,Male,0,0,87,0
35954,26,Federal-gov,56419,15,Never-married,Not-in-family,Black,Female,86779,0,20,1
35955,26,Local-gov,56419,15,Never-married,Not-in-family,Asian-Pac-Islander,Female,52069,0,20,1
35956,43,State-gov,182254,10,Divorced,Unmarried,White,Female,24444,0,40,1
35957,43,State-gov,182254,10,Divorced,Unmarried,White,Female,0,3221,91,1
35958,31,Private,174201,12,Married-spouse-absent,Husband,White,Male,28206,0,40,1
35959,88,Private,174201,12,Married-civ-spouse,Husband,White,Male,0,0,40,1
35960,49,Private,368355,13,Married-civ-spouse,Unmarried,White,Male,0,0,8,0
35961,49,Private,368355,13,Married-civ-spouse,Husband,White,Male,0,0,14,0
35962,72,Private,423222,15,Married-civ-spouse,Husband,White,Male,0,0,97,0
35963,21,Private,423222,15,Married-civ-spouse,Husband,White,Male,0,0,45,0
35964,66,Private,211129,13,Never-married,Other-relative,White,Female,0,1807,60,0
35965,24,Private,211129,13,Married-AF-spouse,Other-relative,Black,Female,0,0,60,0
35966,51,State-gov,39264,10,Married-civ-spouse,Wife,White,Female,0,0,81,0
35967,51,Private,39264,10,Divorced,Wife,White,Male,0,0,40,0
35968,46,Private,273771,13,Married-civ-spouse,Wife,White,Male,3315,0,40,0
35969,46,Private,273771,13,Married-civ-spouse,Husband,White,Male,1747,0,9,0
35970,20,Private,431745,10,Never-married,Not-in-family,Asian-Pac-Islander,Female,82974,0,14,1
35971,20,Private,431745,10,Never-married,Not-in-family,Black,Female,88217,0,22,1
35972,50,Local-gov,141875,9,Married-civ-spouse,Husband,White,Male,64257,0,40,1
35973,50,Local-gov,141875,9,Married-civ-spouse,Husband,White,Male,0,0,53,1
35974,18,Private,308889,11,Never-married,Other-relative,Asian-Pac-Islander,Female,21931,0,20,1
35975,18,Private,308889,7,Never-married,Own-child,Asian-Pac-Islander,Female,68117,0,20,0
35976,53,Private,197492,9,Divorced,Not-in-family,White,Female,60122,0,40,1
35977,53,Private,197492,9,Divorced,Not-in-family,White,Female,8509,0,40,1
35978,45,Private,310260,10,Married-civ-spouse,Husband,White,Male,0,0,17,0
35979,45,Private,310260,10,Married-civ-spouse,Husband,Amer-Indian-Eskimo,Male,0,0,60,0
35980,43,State-gov,198766,9,Never-married,Own-child,White,Female,14664,0,40,1
35981,43,State-gov,198766,9,Never-married,Own-child,White,Female,22413,0,40,1
35982,52,Private,389270,10,Widowed,Husband,White,Female,0,0,35,0
35983,52,Private,389270,10,Married-civ-spouse,Wife,Black,Female,0,3631,35,0
35984,28,Federal-gov,56651,16,Never-married,Own-child,Black,Female,14123,0,40,1
35985,28,Federal-gov,56651,13,Never-married,Own-child,Black,Female,16671,0,40,1
35986,33,Private,373432,10,Separated,Own-child,White,Male,57358,0,60,1
35987,33,Private,373432,10,Separated,Own-child,White,Male,25960,0,60,1
35988,20,State-gov,117210,9,Never-married,Own-child,White,Male,47223,0,40,1
35989,20,Private,117210,9,Never-married,Own-child,White,Male,21918,0,40,1
35990,80,Private,309178,9,Married-civ-spouse,Husband,White,Male,51835,0,40,1
35991,23,Private,309178,9,Married-AF-spouse,Husband,White,Male,31832,0,40,1
35992,27,Private,339921,2,Never-married,Not-in-family,White,Male,23571,0,38,1
35993,27,Private,339921,10,Never-married,Not-in-family,Amer-Indian-Eskimo,Male,17737,0,38,1
35994,27,Private,166210,8,Divorced,Not-in-family,White,Male,62880,0,50,1
35995,27,Private,166210,9,Divorced,Not-in-family,White,Male,25183,0,50,1
35996,20,Private,203914,8,Never-married,Own-child,White,Female,60671,2107,25,1
35997,20,Private,203914,8,Never-married,Own-child,White,Female,96652,0,25,1
35998,30,Private,402089,10,Divorced,Other-relative,White,Female,30700,0,55,1
35999,30,Private,402089,10,Divorced,Not-in-family,White,Female,18798,0,55,1
36000,23,Private,231866,9,Never-married,Own-child,White,Male,67482,0,38,1
36001,23,Private,231866,7,Never-married,Own-child,White,Male,99542,0,38,1
36002,43,Private,33121,1,Married-civ-spouse,Husband,White,Male,6440,0,35,1
36003,43,Private,33121,5,Married-civ-spouse,Husband,White,Male,57581,0,35,1
36004,26,Private,354784,10,Never-married,Own-child,Other,Male,69188,0,20,1
36005,26,Private,354784,10,Never-married,Own-child,White,Male,34722,0,20,1
36006,27,Private,113501,14,Never-married,Own-child,White,Male,41593,0,45,1
36007,27,Private,113501,14,Never-married,Own-child,White,Male,9781,0,45,1
36008,44,Without-pay,147110,10,Divorced,Own-child,White,Male,4552,0,40,0
36009,44,Private,147110,10,Divorced,Own-child,White,Male,6833,0,40,0
36010,27,Self-emp-not-inc,365110,13,Married-civ-spouse,Not-in-family,White,Female,27455,0,20,1
36011,27,State-gov,365110,13,Never-married,Not-in-family,White,Female,0,2822,20,1
36012,53,Private,318190,7,Never-married,Own-child,White,Male,82115,0,15,1
36013,30,Private,318190,7,Never-married,Own-child,White,Male,16681,0,15,1
36014,23,Private,412248,12,Never-married,Not-in-family,White,Female,80164,0,92,1
36015,23,Private,412248,12,Never-married,Not-in-family,White,Female,18243,0,25,1
36016,42,Private,70055,7,Married-civ-spouse,Husband,White,Male,46079,0,45,1
36017,42,Private,70055,7,Married-civ-spouse,Husband,White,Male,93768,0,13,1
36018,62,Private,584259,9,Divorced,Husband,White,Male,16713,0,44,1
36019,62,Private,584259,9,Married-civ-spouse,Husband,White,Male,85929,0,44,1
36020,46,Private,329752,7,Married-civ-spouse,Husband,White,Male,36733,0,30,1
36021,46,Local-gov,329752,7,Married-civ-spouse,Husband,White,Male,76488,0,30,1
36022,18,Federal-gov,205004,10,Never-married,Own-child,White,Male,16988,0,26,1
36023,25,Private,205004,10,Never-married,Own-child,White,Male,30463,0,26,1
36024,18,Private,210828,10,Never-married,Husband,Other,Male,47315,0,30,1
36025,18,Private,210828,10,Never-married,Own-child,Other,Male,84235,0,30,1
36026,46,State-gov,20534,13,Married-civ-spouse,Not-in-family,White,Male,0,3778,45,1
36027,46,State-gov,20534,13,Never-married,Not-in-family,White,Male,13619,0,45,1
36028,37,Self-emp-not-inc,107410,13,Married-civ-spouse,Husband,White,Male,9962,0,40,1
36029,37,Self-emp-not-inc,107410,9,Married-civ-spouse,Husband,White,Male,69503,2150,40,1
36030,36,Private,164866,15,Married-civ-spouse,Other-relative,White,Male,0,0,40,1
36031,36,Private,164866,14,Married-civ-spouse,Husband,Amer-Indian-Eskimo,Male,0,0,40,1
36032,18,Private,206951,10,Married-civ-spouse,Own-child,White,Male,0,0,40,0
36033,35,Self-emp-not-inc,206951,10,Married-civ-spouse,Not-in-family,White,Male,0,0,40,0
36034,55,Private,256526,9,Separated,Not-in-family,White,Male,53038,0,45,1
36035,55,Private,256526,9,Separated,Not-in-family,White,Male,95432,0,82,1
36036,88,Federal-gov,216129,9,Never-married,Not-in-family,White,Male,0,0,40,1
36037,22,Federal-gov,216129,9,Never-married,Other-relative,White,Male,12285,0,40,1
36038,18,Private,50879,6,Never-married,Own-child,White,Male,79655,0,30,1
36039,50,Private,50879,6,Never-married,Own-child,White,Male,73102,0,6,1
36040,35,Private,198841,11,Divorced,Own-child,White,Male,77673,0,35,1
36041,35,Private,198841,11,Divorced,Own-child,White,Male,41134,0,35,1
36042,42,Private,255847,9,Widowed,Husband,White,Male,4386,220,48,0
36043,42,Private,255847,9,Widowed,Other-relative,White,Male,4386,0,48,0
36044,42,Self-emp-not-inc,60269,9,Married-civ-spouse,Husband,White,Male,0,3243,60,0
36045,35,Self-emp-not-inc,60269,9,Married-civ-spouse,Husband,White,Male,0,2161,60,1
36046,69,Self-emp-not-inc,165017,1,Married-civ-spouse,Own-child,White,Male,0,0,40,0
36047,69,Self-emp-not-inc,165017,1,Married-civ-spouse,Husband,White,Female,0,0,40,0
36048,21,Private,538319,10,Never-married,Own-child,White,Female,12711,3581,40,1
36049,21,Private,538319,14,Never-married,Own-child,White,Female,93052,0,40,1
36050,35,Private,342642,14,Married-spouse-absent,Not-in-family,White,Female,0,3202,40,1
36051,35,Private,342642,14,Married-spouse-absent,Other-relative,White,Male,81121,0,40,1
36052,42,Private,297335,12,Married-spouse-absent,Unmarried,Other,Female,85000,0,31,1
36053,42,Local-gov,297335,12,Married-spouse-absent,Unmarried,Asian-Pac-Islander,Female,8317,0,31,1
36054,70,State-gov,236012,4,Widowed,Not-in-family,White,Female,8439,0,20,1
36055,74,Federal-gov,236012,4,Widowed,Not-in-family,White,Female,23596,0,20,1
36056,45,State-gov,72896,9,Married-civ-spouse,Husband,Black,Male,0,0,40,0
36057,90,State-gov,72896,11,Married-civ-spouse,Husband,Black,Male,0,0,40,0
36058,25,Private,198512,7,Never-married,Not-in-family,White,Female,52216,0,40,1
36059,31,Private,198512,13,Never-married,Not-in-family,White,Female,25098,0,40,1
36060,39,Private,48063,8,Married-civ-spouse,Husband,White,Male,92233,2937,32,1
36061,39,Private,48063,8,Married-civ-spouse,Husband,White,Male,72689,0,32,1
36062,31,Private,147654,1,Never-married,Own-child,White,Male,36020,0,40,1
36063,45,Private,147654,9,Never-married,Own-child,White,Male,0,3108,40,1
36064,53,Local-gov,293941,13,Married-civ-spouse,Husband,Other,Male,0,2223,40,1
36065,53,Local-gov,293941,13,Married-civ-spouse,Husband,White,Male,41577,0,40,1
36066,39,Self-emp-not-inc,218490,13,Married-civ-spouse,Husband,White,Male,0,843,40,0
36067,39,Self-emp-not-inc,218490,13,Married-civ-spouse,Husband,White,Male,0,819,40,0
36068,43,Private,248094,9,Divorced,Unmarried,White,Male,71308,0,40,1
36069,43,Private,248094,9,Divorced,Unmarried,White,Male,92278,0,40,1
36070,41,Self-emp-inc,60949,9,Divorced,Not-in-family,White,Male,96083,0,55,1
36071,41,Self-emp-inc,60949,9,Divorced,Not-in-family,White,Male,19421,0,55,1
36072,35,Private,215323,11,Divorced,Unmarried,White,Male,73000,0,35,1
36073,35,Private,215323,11,Divorced,Unmarried,White,Female,80324,0,35,1
36074,60,Private,198124,7,Never-married,Own-child,White,Male,80627,0,20,1
36075,17,Private,198124,12,Never-married,Own-child,White,Male,95364,0,20,1
36076,46,Private,188386,9,Divorced,Own-child,White,Male,59264,0,58,1
36077,46,Private,188386,9,Divorced,Own-child,White,Male,64238,0,40,1
36078,33,Private,386492,10,Never-married,Own-child,White,Male,64230,0,16,1
36079,74,Private,386492,10,Never-married,Own-child,White,Male,22059,0,16,1
36080,36,Private,182013,10,Divorced,Unmarried,White,Female,66760,2752,40,1
36081,36,Private,182013,10,Widowed,Unmarried,White,Female,0,2536,40,1
36082,73,Private,147551,10,Married-civ-spouse,Husband,White,Male,0,172,50,0
36083,21,Private,147551,10,Married-civ-spouse,Husband,White,Male,0,2174,50,0
36084,90,Private,165412,9,Never-married,Own-child,White,Male,62430,0,20,1
36085,27,Private,165412,9,Never-married,Own-child,White,Male,81547,117,20,1
36086,34,State-gov,209317,10,Married-civ-spouse,Husband,White,Male,29733,2178,40,1
36087,34,State-gov,209317,10,Married-civ-spouse,Husband,White,Male,9916,0,40,1
36088,42,Private,240255,11,Married-civ-spouse,Husband,Amer-Indian-Eskimo,Male,0,0,16,0
36089,42,Private,240255,8,Married-civ-spouse,Not-in-family,Black,Male,0,0,40,0
36090,25,State-gov,176077,14,Never-married,Not-in-family,White,Female,0,3714,37,1
36091,25,State-gov,176077,14,Never-married,Not-in-family,White,Female,37371,0,37,1
36092,26,Private,98114,9,Divorced,Own-child,White,Female,72625,0,40,1
36093,80,Private,98114,9,Divorced,Own-child,White,Female,68069,0,40,1
36094,46,Local-gov,165160,9,Married-civ-spouse,Unmarried,White,Female,0,0,40,0
36095,46,Local-gov,165160,13,Married-civ-spouse,Wife,White,Female,0,0,27,0
36096,51,Private,25031,11,Never-married,Wife,White,Female,0,0,10,0
36097,76,Without-pay,25031,10,Married-civ-spouse,Wife,White,Female,0,0,10,0
36098,29,Local-gov,344172,12,Divorced,Husband,White,Male,0,0,49,0
36099,46,Local-gov,344172,1,Married-civ-spouse,Husband,White,Male,0,0,49,0
36100,54,Private,180609,10,Divorced,Not-in-family,White,Male,0,2835,42,1
36101,44,Private,180609,10,Divorced,Not-in-family,White,Male,17799,0,42,1
36102,24,Private,349691,10,Never-married,Other-relative,Amer-Indian-Eskimo,Female,91046,0,40,1
36103,24,Private,349691,10,Never-married,Other-relative,Black,Female,93186,0,98,1
36104,40,Self-emp-not-inc,266803,12,Divorced,Not-in-family,White,Female,0,2148,40,0
36105,40,Private,266803,12,Divorced,Not-in-family,White,Female,0,3236,40,0
36106,29,Private,202558,11,Married-civ-spouse,Other-relative,White,Female,20756,0,69,1
36107,29,Private,202558,11,Married-civ-spouse,Other-relative,White,Female,53584,1373,40,1
36108,32,Private,124187,5,Married-civ-spouse,Husband,Amer-Indian-Eskimo,Male,6892,0,40,1
36109,32,Private,124187,5,Married-civ-spouse,Husband,Black,Male,30077,0,78,1
36110,36,Private,51089,13,Married-civ-spouse,Husband,White,Male,0,0,18,0
36111,36,Federal-gov,51089,13,Married-civ-spouse,Husband,White,Male,0,0,9,0
36112,25,Private,431307,6,Married-civ-spouse,Wife,Asian-Pac-Islander,Female,76569,0,50,1
36113,25,Private,431307,6,Married-civ-spouse,Wife,Black,Female,61170,0,50,1
36114,52,Self-emp-inc,101017,9,Divorced,Unmarried,White,Male,0,2498,38,1
36115,56,Self-emp-inc,101017,9,Divorced,Unmarried,White,Male,71737,0,38,1
36116,64,Private,270333,6,Married-spouse-absent,Husband,White,Male,0,0,40,0
36117,22,Private,270333,8,Married-civ-spouse,Husband,White,Male,0,0,40,0
36118,71,Private,147098,11,Married-civ-spouse,Husband,White,Male,0,0,50,0
36119,46,Private,147098,9,Married-civ-spouse,Husband,Amer-Indian-Eskimo,Male,0,0,50,0
36120,27,Self-emp-not-inc,234885,9,Married-civ-spouse,Wife,White,Male,0,0,40,0
36121,44,Private,234885,9,Never-married,Wife,White,Female,0,0,40,0
36122,23,Private,181820,10,Never-married,Not-in-family,White,Male,93254,0,40,1
36123,23,Private,181820,13,Never-married,Own-child,White,Male,52843,0,40,1
36124,23,Self-emp-inc,125892,14,Married-civ-spouse,Husband,White,Male,0,0,50,0
36125,46,Self-emp-inc,125892,6,Married-civ-spouse,Husband,White,Male,0,2762,50,0
36126,37,Private,44780,12,Divorced,Not-in-family,White,Female,41970,0,40,1
36127,37,Private,44780,12,Divorced,Not-in-family,White,Female,9450,0,40,1
36128,48,Private,273435,9,Married-civ-spouse,Husband,White,Male,11733,1579,40,1
36129,48,Private,273435,9,Married-civ-spouse,Husband,White,Male,11278,1579,30,1
36130,19,Private,24185,13,Married-civ-spouse,Husband,White,Male,0,0,40,0
36131,90,Private,24185,13,Married-civ-spouse,Not-in-family,White,Male,0,0,40,0
36132,40,Private,160972,9,Married-civ-spouse,Husband,White,Male,0,3068,50,0
36133,27,Private,160972,9,Married-civ-spouse,Husband,Other,Male,94998,0,50,1
36134,44,Self-emp-not-inc,242434,13,Divorced,Not-in-family,White,Male,2437,0,60,0
36135,44,Self-emp-not-inc,242434,13,Divorced,Not-in-family,White,Female,2960,0,60,0
36136,75,Federal-gov,239539,10,Married-civ-spouse,Husband,Asian-Pac-Islander,Male,0,0,40,0
36137,44,Self-emp-not-inc,239539,13,Married-civ-spouse,Husband,Asian-Pac-Islander,Male,0,0,34,0
36138,22,Private,225515,13,Married-civ-spouse,Wife,White,Female,99601,1333,40,1
36139,22,Private,225515,13,Married-civ-spouse,Wife,White,Female,5177,0,40,1
36140,45,Local-gov,45501,13,Never-married,Not-in-family,Asian-Pac-Islander,Female,91468,0,50,1
36141,45,Local-gov,45501,13,Never-married,Not-in-family,White,Male,0,2889,50,1
36142,27,Private,118799,9,Never-married,Not-in-family,White,Female,68950,0,40,1
36143,27,Private,118799,9,Married-spouse-absent,Not-in-family,White,Female,62730,0,40,1
36144,26,Private,162872,12,Never-married,Not-in-family,White,Male,71479,0,40,1
36145,26,Private,162872,12,Never-married,Not-in-family,White,Female,11960,0,40,1
36146,80,Private,120450,9,Never-married,Not-in-family,White,Male,33311,0,40,1
36147,25,Private,120450,9,Never-married,Not-in-family,Black,Male,62584,0,40,1
36148,34,Private,130369,9,Separated,Unmarried,White,Female,91182,0,48,1
36149,34,Private,130369,9,Divorced,Unmarried,White,Female,34330,0,48,1
36150,33,Federal-gov,159548,12,Never-married,Unmarried,Black,Female,34791,278,40,1
36151,33,Federal-gov,159548,12,Never-married,Unmarried,Black,Female,65746,0,40,1
36152,57,Self-emp-not-inc,28791,9,Married-civ-spouse,Wife,White,Female,0,2585,50,1
36153,48,Self-emp-not-inc,28791,9,Married-civ-spouse,Wife,White,Female,79792,509,50,1
36154,40,Local-gov,121124,13,Married-civ-spouse,Husband,White,Male,4678,0,40,0
36155,62,Local-gov,121124,13,Married-civ-spouse,Husband,White,Male,3798,0,40,0
36156,27,Private,112754,10,Married-civ-spouse,Husband,Amer-Indian-Eskimo,Male,5304,0,56,1
36157,27,Private,112754,10,Married-civ-spouse,Wife,Black,Male,57869,0,56,1
36158,46,Private,226013,13,Never-married,Not-in-family,Black,Male,51591,0,40,1
36159,30,Private,226013,13,Never-married,Not-in-family,Black,Male,83945,0,57,1
36160,48,Private,141511,6,Married-civ-spouse,Husband,White,Male,0,1694,45,0
36161,48,Private,141511,6,Married-spouse-absent,Unmarried,White,Male,0,0,45,0
36162,33,Private,157747,12,Married-civ-spouse,Husband,Black,Male,62516,0,40,1
36163,33,Private,157747,3,Married-civ-spouse,Husband,White,Male,55428,0,40,1
36164,39,Private,192614,9,Married-civ-spouse,Husband,White,Male,91882,0,56,1
36165,39,State-gov,192614,9,Married-civ-spouse,Husband,White,Male,0,0,48,1
36166,36,Private,297847,9,Never-married,Not-in-family,White,Female,84433,2001,40,1
36167,36,Private,297847,9,Never-married,Not-in-family,Black,Female,50769,371,40,1
36168,24,Local-gov,461678,6,Never-married,Not-in-family,White,Male,39015,0,40,1
36169,24,Local-gov,461678,6,Never-married,Not-in-family,White,Male,63883,0,40,1
36170,23,Federal-gov,161708,10,Never-married,Own-child,White,Female,14085,0,20,1
36171,23,Private,161708,10,Never-married,Husband,White,Female,56039,0,20,1
36172,40,Private,139193,9,Divorced,Not-in-family,White,Male,0,2768,48,1
36173,40,Private,139193,10,Divorced,Not-in-family,White,Male,46190,1980,48,1
36174,33,Self-emp-not-inc,123291,9,Married-civ-spouse,Husband,White,Male,60912,0,50,1
36175,33,Self-emp-not-inc,123291,15,Married-civ-spouse,Husband,White,Male,77748,0,50,1
36176,22,Private,333838,9,Married-AF-spouse,Not-in-family,White,Male,86207,0,40,1
36177,22,Private,333838,9,Never-married,Not-in-family,White,Male,87464,0,40,1
36178,42,Local-gov,328581,14,Widowed,Husband,White,Male,87063,0,55,1
36179,42,Local-gov,328581,14,Married-civ-spouse,Wife,White,Male,33589,0,55,1
36180,34,Private,198183,13,Divorced,Not-in-family,White,Female,7598,0,50,1
36181,34,Private,198183,13,Never-married,Not-in-family,White,Female,20898,0,50,1
36182,57,Private,228764,11,Divorced,Not-in-family,Black,Male,67556,2728,40,1
36183,57,Private,228764,11,Divorced,Husband,Black,Male,47104,0,40,1
36184,47,Self-emp-not-inc,88500,9,Married-civ-spouse,Husband,White,Male,12357,0,82,1
36185,47,Self-emp-not-inc,88500,13,Married-civ-spouse,Husband,White,Male,0,2426,35,1
36186,29,Local-gov,246862,10,Divorced,Not-in-family,White,Female,79725,0,40,1
36187,42,Local-gov,246862,10,Divorced,Not-in-family,White,Female,88377,0,40,1
36188,23,Private,113309,10,Never-married,Not-in-family,White,Male,14267,0,40,1
36189,23,Private,113309,10,Never-married,Not-in-family,Amer-Indian-Eskimo,Male,89926,0,40,1
36190,43,Private,390369,12,Married-civ-spouse,Husband,White,Male,0,1320,40,0
36191,43,Private,390369,12,Married-spouse-absent,Husband,White,Male,0,1735,40,0
36192,59,Private,66309,13,Married-civ-spouse,Husband,White,Male,0,0,35,1
36193,34,Private,66309,13,Married-civ-spouse,Husband,White,Male,0,0,94,1
36194,32,Private,186269,9,Never-married,Own-child,Black,Male,59220,0,35,1
36195,32,Self-emp-not-inc,186269,9,Never-married,Own-child,White,Male,80006,0,35,1
36196,30,Private,180317,11,Divorced,Not-in-family,White,Male,39898,0,40,1
36197,50,Private,180317,11,Divorced,Not-in-family,White,Male,59946,0,40,1
36198,39,Private,410509,9,Divorced,Unmarried,White,Male,13369,0,40,1
36199,39,Private,410509,9,Divorced,Unmarried,White,Male,61901,0,40,1
36200,48,Private,190072,10,Divorced,Not-in-family,White,Male,0,0,38,0
36201,48,Private,190072,1,Divorced,Not-in-family,White,Male,0,2156,50,0
36202,54,Self-emp-not-inc,166371,9,Never-married,Other-relative,White,Male,93458,0,40,1
36203,24,Self-emp-not-inc,166371,9,Never-married,Other-relative,White,Male,37764,0,40,1
36204,57,Private,257200,4,Married-civ-spouse,Husband,White,Male,0,0,47,0
36205,57,Private,257200,7,Married-civ-spouse,Husband,White,Male,0,3652,40,0
36206,54,Local-gov,113000,10,Married-civ-spouse,Husband,White,Male,86398,0,40,1
36207,54,Local-gov,113000,13,Married-civ-spouse,Wife,White,Male,0,0,40,1
36208,28,Private,44216,9,Never-married,Unmarried,Amer-Indian-Eskimo,Female,8581,0,41,1
36209,28,Private,44216,9,Never-married,Unmarried,Other,Female,80445,0,40,1
36210,27,Private,247819,10,Never-married,Not-in-family,White,Female,34147,0,15,1
36211,27,Private,247819,10,Never-married,Not-in-family,White,Female,50041,0,15,1
36212,24,Private,132327,10,Married-spouse-absent,Unmarried,Other,Female,40122,0,21,1
36213,24,Private,132327,10,Married-spouse-absent,Unmarried,Other,Female,38187,0,30,1
36214,57,Private,142080,9,Married-civ-spouse,Wife,Black,Female,0,0,69,0
36215,85,Private,142080,9,Married-civ-spouse,Wife,Black,Female,0,0,38,0
36216,46,Private,389843,7,Separated,Husband,White,Male,0,0,50,0
36217,46,Private,389843,10,Widowed,Husband,White,Male,0,0,50,0
36218,51,Private,229259,13,Married-civ-spouse,Husband,Amer-Indian-Eskimo,Male,0,0,92,0
36219,51,Private,229259,13,Separated,Husband,White,Male,0,883,45,0
36220,31,Private,118710,2,Married-civ-spouse,Husband,Amer-Indian-Eskimo,Male,0,1902,40,0
36221,31,Private,118710,14,Married-civ-spouse,Husband,White,Male,0,1728,92,0
36222,23,Private,214635,9,Never-married,Not-in-family,White,Male,31605,0,40,1
36223,23,Private,214635,9,Never-married,Not-in-family,White,Male,50060,0,40,1
36224,23,Private,150463,9,Never-married,Not-in-family,Other,Female,76570,0,40,1
36225,23,Private,150463,9,Never-married,Other-relative,Other,Female,23948,0,40,1
36226,24,Private,237341,10,Separated,Wife,Amer-Indian-Eskimo,Female,0,0,40,0
36227,24,Private,237341,9,Married-civ-spouse,Wife,White,Female,0,0,58,0
36228,48,Private,56664,9,Divorced,Wife,White,Female,75153,0,40,1
36229,69,Private,56664,9,Divorced,Not-in-family,White,Female,74953,0,40,1
36230,23,Private,117583,9,Never-married,Own-child,White,Male,32855,0,40,1
36231,23,Private,117583,9,Never-married,Own-child,White,Male,8464,0,40,1
36232,22,Self-emp-inc,363418,13,Married-civ-spouse,Husband,White,Male,0,0,40,0
36233,79,Federal-gov,363418,13,Divorced,Husband,White,Male,0,0,40,0
36234,22,State-gov,477505,12,Never-married,Not-in-family,Asian-Pac-Islander,Male,39749,0,40,1
36235,22,State-gov,477505,12,Never-married,Not-in-family,White,Male,65586,0,40,1
36236,17,Private,218124,7,Never-married,Own-child,White,Female,80154,0,20,1
36237,17,Private,218124,7,Never-married,Own-child,White,Female,85204,0,20,1
36238,29,Private,79586,9,Married-civ-spouse,Husband,White,Male,87889,0,65,1
36239,29,Private,79586,9,Married-civ-spouse,Husband,Amer-Indian-Eskimo,Male,64232,0,65,1
36240,49,Private,74984,6,Married-civ-spouse,Husband,White,Male,62614,0,40,1
36241,49,Private,74984,1,Married-civ-spouse,Husband,White,Male,53588,0,40,1
36242,18,Local-gov,55658,6,Never-married,Own-child,White,Male,30536,0,70,1
36243,18,Local-gov,55658,6,Never-married,Own-child,White,Male,16223,0,96,1
36244,73,Private,157887,5,Married-civ-spouse,Husband,White,Male,49801,0,50,1
36245,33,Private,157887,5,Married-civ-spouse,Husband,White,Male,75195,0,50,1
36246,37,Private,83893,11,Married-civ-spouse,Husband,White,Female,56780,0,40,1
36247,37,Private,83893,11,Married-civ-spouse,Husband,White,Male,84638,1179,40,1
36248,62,Self-emp-not-inc,271464,14,Separated,Not-in-family,White,Male,76630,0,60,1
36249,62,Self-emp-not-inc,271464,14,Separated,Own-child,White,Male,0,0,53,1
36250,34,Private,112564,9,Married-civ-spouse,Husband,Asian-Pac-Islander,Male,24680,0,45,1
36251,57,Private,112564,9,Married-civ-spouse,Husband,White,Male,42654,0,45,1
36252,45,Federal-gov,109209,13,Never-married,Not-in-family,White,Male,95410,0,45,1
36253,45,Self-emp-inc,109209,13,Never-married,Not-in-family,White,Male,44674,0,45,1
36254,55,Self-emp-inc,186824,15,Married-civ-spouse,Husband,Asian-Pac-Islander,Male,4943,0,40,0
36255,75,Without-pay,186824,15,Married-civ-spouse,Husband,White,Male,3906,0,40,0
36256,40,Private,129298,9,Married-civ-spouse,Husband,White,Female,55804,0,40,1
36257,40,Private,129298,9,Separated,Husband,White,Male,87651,0,40,1
36258,37,Private,337778,7,Divorced,Not-in-family,White,Male,63104,0,40,1
36259,37,Private,337778,7,Divorced,Not-in-family,White,Male,78779,0,40,1
36260,31,Private,63437,9,Never-married,Not-in-family,White,Male,19069,0,52,1
36261,31,Private,63437,9,Never-married,Not-in-family,White,Male,38851,0,40,1
36262,49,Private,155489,14,Married-civ-spouse,Husband,White,Male,0,0,28,0
36263,49,Private,155489,8,Married-civ-spouse,Husband,White,Male,0,547,50,0
36264,27,Self-emp-not-inc,216178,13,Never-married,Own-child,White,Male,69678,0,35,1
36265,27,Self-emp-not-inc,216178,13,Never-married,Own-child,White,Male,29745,0,35,1
36266,18,Private,87757,12,Never-married,Not-in-family,White,Male,0,2671,45,1
36267,37,Private,87757,12,Never-married,Not-in-family,White,Male,80468,0,45,1
36268,20,Private,61777,10,Married-civ-spouse,Husband,White,Male,72850,0,30,1
36269,24,Private,61777,10,Married-civ-spouse,Husband,White,Male,69043,0,30,1
36270,36,Private,51100,16,Married-civ-spouse,Husband,Black,Male,0,0,40,1
36271,36,Private,51100,10,Married-civ-spouse,Wife,White,Male,37157,0,40,1
36272,50,Self-emp-not-inc,105010,13,Married-civ-spouse,Husband,White,Male,942,2051,20,0
36273,50,Self-emp-not-inc,105010,9,Married-civ-spouse,Husband,White,Male,30474,88,20,1
36274,62,Local-gov,123749,13,Married-civ-spouse,Wife,White,Male,0,1347,40,0
36275,62,Local-gov,123749,3,Married-civ-spouse,Husband,Asian-Pac-Islander,Male,0,0,40,0
36276,37,Private,385452,6,Widowed,Unmarried,White,Female,15864,0,40,1
36277,37,Private,385452,6,Divorced,Unmarried,White,Female,32665,34,40,1
36278,22,Private,63105,9,Never-married,Own-child,Black,Male,26980,0,40,1
36279,22,Private,63105,9,Never-married,Own-child,Black,Male,63657,0,40,1
36280,38,State-gov,82880,13,Married-civ-spouse,Wife,White,Female,0,0,99,1
36281,38,Local-gov,82880,13,Married-civ-spouse,Husband,White,Female,0,0,61,1
36282,43,Private,336042,1,Separated,Not-in-family,White,Male,75125,0,40,1
36283,43,Private,336042,9,Separated,Not-in-family,White,Male,39250,0,40,1
36284,28,Private,216178,9,Married-civ-spouse,Husband,Asian-Pac-Islander,Male,48526,0,40,1
36285,28,Private,216178,9,Married-civ-spouse,Husband,Other,Male,13827,0,40,1
36286,43,Local-gov,163434,12,Married-civ-spouse,Husband,White,Male,0,2242,55,0
36287,43,Local-gov,163434,13,Married-civ-spouse,Not-in-family,White,Male,0,0,67,0
36288,80,Self-emp-not-inc,201092,9,Married-civ-spouse,Other-relative,White,Male,59858,0,30,1
36289,80,Self-emp-not-inc,201092,9,Married-civ-spouse,Own-child,White,Male,58979,0,30,1
36290,59,Private,157749,13,Widowed,Unmarried,White,Male,0,1816,40,0
36291,31,Private,157749,13,Widowed,Own-child,White,Male,0,3004,40,0
36292,18,Private,256005,16,Never-married,Own-child,White,Male,64189,0,40,1
36293,18,Private,256005,9,Never-married,Own-child,White,Male,85234,0,40,1
36294,25,State-gov,211497,10,Married-civ-spouse,Husband,White,Male,18075,0,40,1
36295,25,Private,211497,10,Married-civ-spouse,Husband,White,Male,76293,0,66,1
36296,48,Private,187715,9,Married-civ-spouse,Husband,White,Male,57733,0,46,1
36297,48,Private,187715,9,Married-civ-spouse,Husband,White,Male,48153,0,46,1
36298,33,Private,240441,10,Never-married,Not-in-family,White,Male,91723,0,45,1
36299,33,Private,240441,10,Divorced,Not-in-family,White,Male,95347,0,45,1
36300,88,Private,162741,12,Married-civ-spouse,Wife,Black,Female,4089,0,40,0
36301,47,Private,162741,12,Married-civ-spouse,Wife,Black,Female,2259,0,31,0
36302,25,Private,336440,10,Never-married,Not-in-family,White,Male,59678,0,94,1
36303,25,Private,336440,2,Never-married,Not-in-family,White,Male,57786,0,40,1
36304,21,Private,47541,9,Divorced,Other-relative,White,Male,9233,0,79,1
36305,21,Private,47541,4,Divorced,Other-relative,White,Male,60855,0,40,1
36306,46,Private,108699,10,Married-spouse-absent,Not-in-family,White,Female,58406,0,60,1
36307,46,Private,108699,10,Divorced,Not-in-family,White,Female,83226,0,60,1
36308,44,Private,123572,5,Married-civ-spouse,Husband,Black,Male,96388,0,40,1
36309,44,Private,123572,5,Married-civ-spouse,Husband,Black,Male,54369,0,84,1
36310,56,Private,192869,3,Married-civ-spouse,Husband,White,Male,0,1977,44,0
36311,56,Private,192869,14,Never-married,Other-relative,White,Male,0,1977,44,0
36312,49,Private,247892,10,Married-civ-spouse,Husband,Black,Male,9934,0,30,1
36313,49,Private,247892,15,Married-civ-spouse,Husband,White,Male,0,0,30,1
36314,53,Private,361405,9,Married-civ-spouse,Husband,Other,Male,0,0,6,0
36315,53,Private,361405,2,Married-civ-spouse,Not-in-family,White,Male,0,0,40,0
36316,17,Private,244523,6,Never-married,Own-child,White,Male,48890,0,87,1
36317,17,Private,244523,6,Never-married,Own-child,White,Male,38736,0,89,1
36318,24,Private,52242,4,Married-civ-spouse,Wife,White,Female,0,2703,40,0
36319,24,Private,52242,9,Married-civ-spouse,Other-relative,White,Female,0,1711,40,0
36320,27,Private,38353,11,Married-civ-spouse,Husband,White,Female,87168,0,60,1
36321,27,Private,38353,11,Married-civ-spouse,Husband,Amer-Indian-Eskimo,Male,36014,0,60,1
36322,38,Local-gov,86643,5,Married-civ-spouse,Own-child,White,Male,0,0,45,0
36323,38,Local-gov,86643,8,Married-civ-spouse,Husband,White,Female,0,0,45,0
36324,31,Private,104509,13,Never-married,Not-in-family,White,Female,0,0,37,0
36325,31,Private,104509,13,Married-spouse-absent,Not-in-family,White,Female,0,0,50,0
36326,66,Private,294919,9,Divorced,Unmarried,White,Male,0,0,60,1
36327,39,Private,294919,9,Divorced,Wife,White,Male,0,2555,60,1
36328,61,Private,339952,10,Married-civ-spouse,Husband,White,Male,0,0,60,1
36329,26,Private,339952,10,Married-civ-spouse,Husband,White,Male,58706,0,60,1
36330,62,Self-emp-not-inc,162245,13,Divorced,Husband,White,Male,0,0,82,0
36331,62,Self-emp-not-inc,162245,13,Married-civ-spouse,Own-child,White,Male,0,2308,35,1
36332,18,Private,188476,7,Never-married,Own-child,White,Male,56015,0,20,0
36333,18,Private,188476,7,Never-married,Own-child,White,Male,37104,0,20,0
36334,29,Private,141350,9,Never-married,Not-in-family,White,Male,63730,0,50,1
36335,29,Private,141350,9,Never-married,Not-in-family,White,Male,98345,3150,50,1
36336,37,Private,298539,9,Married-civ-spouse,Husband,White,Male,0,2941,31,0
36337,37,Private,298539,9,Married-civ-spouse,Not-in-family,White,Female,0,1902,55,0
36338,32,Private,86808,9,Divorced,Other-relative,White,Female,79670,0,40,1
36339,32,Private,86808,9,Divorced,Own-child,White,Female,72884,0,40,1
36340,28,Private,188711,13,Never-married,Unmarried,White,Male,0,2571,42,1
36341,28,Private,188711,13,Never-married,Unmarried,White,Male,68251,3067,20,1
36342,17,Self-emp-inc,325171,6,Never-married,Own-child,Black,Male,86591,0,35,1
36343,17,Self-emp-inc,325171,6,Never-married,Own-child,Black,Male,11229,0,73,1
36344,40,Private,572751,15,Divorced,Husband,White,Female,5178,0,40,0
36345,40,Private,572751,4,Married-civ-spouse,Other-relative,White,Male,5178,0,40,0
36346,24,Private,219754,9,Never-married,Own-child,White,Male,83219,0,40,1
36347,24,State-gov,219754,9,Never-married,Own-child,White,Male,94204,0,40,1
36348,37,Private,32528,13,Married-civ-spouse,Husband,White,Male,57899,0,50,1
36349,37,Private,32528,13,Married-civ-spouse,Husband,White,Male,36606,0,50,1
36350,38,Self-emp-inc,186934,9,Married-civ-spouse,Husband,White,Male,2762,0,40,1
36351,38,Private,186934,16,Married-civ-spouse,Husband,White,Male,13647,0,40,1
36352,42,Self-emp-inc,144236,10,Never-married,Not-in-family,White,Male,30243,0,60,1
36353,42,Self-emp-inc,144236,10,Never-married,Not-in-family,White,Female,80022,0,60,1
36354,22,Private,310197,4,Married-civ-spouse,Husband,White,Male,40209,1708,40,1
36355,22,Private,310197,4,Married-civ-spouse,Husband,White,Male,39907,0,40,1
36356,35,Without-pay,174597,13,Married-civ-spouse,Husband,White,Male,17343,0,40,1
36357,35,Self-emp-inc,174597,13,Married-civ-spouse,Husband,White,Male,0,0,64,1
36358,23,State-gov,287988,13,Never-married,Not-in-family,White,Male,3660,0,40,0
36359,23,State-gov,287988,13,Never-married,Not-in-family,White,Male,1463,0,40,0
36360,70,Self-emp-inc,225780,10,Married-AF-spouse,Other-relative,White,Male,0,0,20,0
36361,70,Self-emp-inc,225780,10,Divorced,Husband,White,Male,0,0,20,0
36362,21,Private,211385,5,Never-married,Not-in-family,Black,Male,63752,0,35,1
36363,21,Private,211385,12,Never-married,Not-in-family,Asian-Pac-Islander,Male,29981,0,35,1
36364,36,Self-emp-not-inc,257250,11,Married-civ-spouse,Husband,White,Male,92655,399,99,1
36365,36,Self-emp-not-inc,257250,11,Married-civ-spouse,Husband,White,Male,68098,0,43,1
36366,35,Private,172845,11,Never-married,Unmarried,White,Female,21844,161,30,1
36367,35,Private,172845,11,Never-married,Unmarried,White,Female,18045,0,16,1
36368,33,Private,322873,10,Divorced,Not-in-family,White,Female,69570,0,50,1
36369,36,Private,322873,9,Divorced,Not-in-family,White,Female,97166,0,50,1
36370,26,Private,174921,13,Never-married,Not-in-family,White,Female,88715,0,40,1
36371,26,Private,174921,13,Never-married,Wife,White,Female,0,3195,40,1
36372,39,Private,409189,10,Married-civ-spouse,Husband,Asian-Pac-Islander,Male,0,0,40,1
36373,39,Private,409189,3,Married-civ-spouse,Husband,White,Male,38920,0,40,1
36374,28,Private,266070,11,Never-married,Not-in-family,White,Female,22224,0,40,1
36375,28,Private,266070,10,Never-married,Not-in-family,White,Female,37114,0,40,1
36376,38,Private,199816,6,Divorced,Own-child,White,Male,46682,0,40,1
36377,38,Private,199816,9,Divorced,Wife,White,Male,16179,0,40,1
36378,34,Private,112139,13,Married-civ-spouse,Husband,White,Male,18371,0,40,1
36379,34,Private,112139,9,Married-civ-spouse,Husband,White,Male,29495,0,57,1
36380,33,Private,194901,9,Never-married,Not-in-family,White,Male,44786,1655,45,1
36381,33,Private,194901,16,Never-married,Not-in-family,White,Male,48833,0,45,1
36382,73,Self-emp-not-inc,130391,9,Never-married,Not-in-family,White,Female,42076,0,46,1
36383,73,Self-emp-not-inc,130391,9,Never-married,Not-in-family,White,Female,13418,0,36,1
36384,21,Private,202046,13,Married-civ-spouse,Husband,White,Female,0,0,45,0
36385,33,Private,202046,7,Married-civ-spouse,Husband,White,Female,0,0,45,0
36386,64,Local-gov,210464,14,Widowed,Unmarried,Black,Female,49801,0,40,1
36387,85,Local-gov,210464,14,Widowed,Unmarried,Black,Female,69915,0,40,1
36388,56,Private,413373,4,Married-civ-spouse,Husband,White,Male,50187,1700,36,1
36389,56,Private,413373,13,Married-civ-spouse,Husband,White,Male,89295,0,36,1
36390,43,Private,108682,10,Married-civ-spouse,Husband,White,Male,0,0,38,0
36391,47,Private,108682,5,Married-civ-spouse,Husband,White,Male,0,0,40,0
36392,24,Self-emp-inc,242138,13,Never-married,Own-child,White,Female,45010,0,20,1
36393,24,Self-emp-inc,242138,13,Never-married,Own-child,White,Female,15998,860,20,1
36394,43,Self-emp-not-inc,220647,13,Married-civ-spouse,Other-relative,Black,Male,0,2377,50,0
36395,43,Self-emp-not-inc,220647,13,Married-civ-spouse,Not-in-family,White,Male,79006,2377,50,1
36396,24,Self-emp-inc,132320,13,Never-married,Own-child,White,Male,75329,0,45,1
36397,24,Private,132320,13,Never-married,Own-child,White,Male,12916,1063,45,1
36398,22,Private,141297,10,Never-married,Own-child,White,Male,54939,0,40,1
36399,22,Private,141297,10,Never-married,Own-child,White,Male,64319,0,40,1
36400,30,Private,387521,13,Married-civ-spouse,Husband,White,Male,4796,0,40,0
36401,30,Private,387521,13,Married-civ-spouse,Husband,White,Female,2529,0,40,0
36402,27,Private,194590,12,Married-civ-spouse,Not-in-family,Black,Female,10654,0,25,1
36403,27,State-gov,194590,12,Married-civ-spouse,Wife,Black,Female,13574,0,25,1
36404,50,Private,154153,6,Married-civ-spouse,Husband,White,Male,0,0,77,0
36405,50,Private,154153,6,Married-civ-spouse,Other-relative,White,Male,12764,0,50,1
36406,21,Private,37482,10,Never-married,Own-child,White,Female,52146,0,20,1
36407,21,Private,37482,3,Never-married,Own-child,White,Female,18097,0,20,1
36408,46,Private,73541,9,Married-civ-spouse,Husband,White,Male,10892,0,40,1
36409,46,Private,73541,9,Married-civ-spouse,Husband,White,Male,90175,0,40,1
36410,27,Self-emp-inc,262723,10,Never-married,Unmarried,Black,Male,61947,0,40,1
36411,27,Private,262723,10,Never-married,Unmarried,Black,Male,87339,0,40,1
36412,58,Federal-gov,72998,7,Divorced,Not-in-family,Black,Female,7137,1920,40,0
36413,58,Federal-gov,72998,7,Divorced,Not-in-family,Black,Female,6805,0,40,0
36414,60,Private,46221,11,Never-married,Not-in-family,White,Male,4787,0,60,0
36415,41,Private,46221,3,Never-married,Own-child,White,Male,4787,0,60,0
36416,66,Self-emp-not-inc,257562,7,Married-civ-spouse,Husband,Amer-Indian-Eskimo,Male,75053,0,40,1
36417,66,Self-emp-not-inc,257562,7,Married-spouse-absent,Husband,White,Male,69694,0,40,1
36418,50,Private,30447,11,Married-civ-spouse,Husband,White,Male,90798,0,45,1
36419,50,Private,30447,11,Married-civ-spouse,Husband,White,Male,65094,0,46,1
36420,90,Private,77370,9,Married-civ-spouse,Husband,White,Male,0,0,38,0
36421,40,Private,77370,9,Married-civ-spouse,Husband,White,Male,1556,0,40,0
36422,62,Local-gov,114045,9,Divorced,Not-in-family,White,Female,45912,0,35,1
36423,43,Local-gov,114045,9,Divorced,Not-in-family,White,Female,68610,0,35,1
36424,22,Private,227220,10,Never-married,Not-in-family,White,Female,68173,0,40,1
36425,22,Private,227220,10,Never-married,Not-in-family,White,Female,7839,0,40,1
36426,44,Private,173704,13,Married-civ-spouse,Husband,White,Female,0,0,26,0
36427,44,Private,173704,6,Married-civ-spouse,Husband,White,Male,0,0,40,0
36428,29,Private,35032,9,Married-civ-spouse,Husband,White,Male,29331,0,40,1
36429,29,Private,35032,9,Married-civ-spouse,Husband,White,Male,91624,0,27,1
36430,33,Private,213813,10,Divorced,Wife,White,Female,56659,0,40,1
36431,33,Private,213813,10,Divorced,Unmarried,White,Male,92481,0,40,1
36432,68,Private,142851,5,Married-civ-spouse,Husband,White,Male,42081,0,18,1
36433,70,Federal-gov,142851,5,Married-civ-spouse,Husband,White,Male,68803,0,18,1
36434,65,Private,142751,6,Never-married,Not-in-family,White,Male,52804,0,40,1
36435,18,Private,142751,3,Never-married,Not-in-family,White,Male,29360,0,40,1
36436,37,Federal-gov,334314,3,Divorced,Unmarried,White,Female,77084,0,40,1
36437,37,Self-emp-not-inc,334314,9,Divorced,Unmarried,White,Female,64485,0,40,1
36438,37,Private,138441,9,Divorced,Not-in-family,White,Male,26029,9,40,1
36439,37,Private,138441,9,Divorced,Not-in-family,White,Male,29409,0,40,1
36440,36,Private,108997,9,Divorced,Unmarried,White,Male,76447,0,40,1
36441,36,Private,108997,9,Divorced,Unmarried,Black,Female,71830,0,40,1
36442,33,Private,276221,16,Married-civ-spouse,Husband,White,Female,0,3040,40,1
36443,33,Private,276221,16,Married-civ-spouse,Wife,White,Male,0,2523,40,1
36444,19,Private,299598,15,Never-married,Own-child,White,Male,58112,0,16,1
36445,19,Private,299598,9,Never-married,Own-child,White,Female,87098,0,16,1
36446,45,Federal-gov,199925,11,Never-married,Unmarried,White,Male,74465,3236,48,1
36447,45,Federal-gov,199925,11,Never-married,Unmarried,White,Female,53014,0,48,1
36448,48,Private,250736,9,Widowed,Husband,Black,Male,80828,0,99,1
36449,48,Federal-gov,250736,9,Widowed,Husband,Black,Male,0,0,99,0
36450,38,Private,376025,4,Married-civ-spouse,Husband,White,Male,80147,0,40,1
36451,38,Private,376025,14,Married-civ-spouse,Husband,White,Male,7619,0,40,1
36452,17,Private,143331,6,Married-civ-spouse,Own-child,White,Male,17423,0,15,1
36453,17,Private,143331,6,Married-civ-spouse,Own-child,White,Male,36622,0,15,1
36454,30,Private,171483,15,Married-civ-spouse,Own-child,White,Male,0,0,38,0
36455,30,Private,171483,9,Never-married,Own-child,White,Male,82686,0,38,1
36456,76,Private,222756,10,Married-civ-spouse,Husband,White,Male,0,0,40,0
36457,40,Private,222756,10,Separated,Husband,White,Male,0,3073,40,0
36458,18,State-gov,352156,15,Married-civ-spouse,Husband,White,Male,0,1138,40,0
36459,60,State-gov,352156,11,Married-civ-spouse,Unmarried,White,Male,0,0,40,0
36460,21,Private,129674,10,Never-married,Not-in-family,Black,Male,8497,0,29,1
36461,21,Private,129674,10,Never-married,Unmarried,Black,Male,19639,0,48,1
36462,32,Local-gov,203849,14,Married-civ-spouse,Husband,White,Male,27301,0,40,1
36463,32,Local-gov,203849,10,Married-civ-spouse,Husband,White,Female,31349,0,40,1
36464,23,Private,357933,10,Never-married,Own-child,White,Female,57859,0,15,1
36465,26,Private,357933,10,Never-married,Own-child,White,Female,11080,0,15,1
36466,39,Self-emp-not-inc,165815,10,Never-married,Own-child,White,Male,49599,0,40,1
36467,40,Self-emp-not-inc,165815,10,Never-married,Own-child,White,Male,15500,0,40,1
36468,49,Self-emp-not-inc,33300,9,Married-civ-spouse,Husband,White,Male,54201,0,25,1
36469,49,Self-emp-not-inc,33300,9,Married-civ-spouse,Husband,White,Female,0,3490,84,1
36470,53,Private,96062,5,Divorced,Not-in-family,White,Male,41180,2487,50,1
36471,53,Private,96062,5,Divorced,Not-in-family,White,Male,32811,891,50,1
36472,39,Private,101020,8,Married-civ-spouse,Husband,White,Male,88628,0,40,1
36473,39,Private,101020,8,Married-civ-spouse,Husband,White,Male,18525,0,40,1
36474,35,Private,151322,10,Widowed,Not-in-family,White,Male,0,3199,40,1
36475,35,Private,151322,10,Never-married,Not-in-family,White,Female,57880,0,40,1
36476,63,Self-emp-not-inc,194638,9,Married-civ-spouse,Husband,White,Male,26036,2328,32,1
36477,63,Self-emp-not-inc,194638,14,Married-civ-spouse,Other-relative,White,Male,0,0,32,1
36478,69,State-gov,208869,14,Married-civ-spouse,Husband,White,Male,80995,0,11,1
36479,66,State-gov,208869,14,Married-civ-spouse,Husband,White,Male,38541,0,11,1
36480,51,Private,249741,10,Married-civ-spouse,Husband,White,Male,87513,0,40,1
36481,51,Private,249741,10,Married-civ-spouse,Husband,White,Male,0,0,64,1
36482,33,Private,207201,9,Married-civ-spouse,Husband,White,Male,0,1495,55,0
36483,33,Private,207201,9,Married-civ-spouse,Wife,White,Male,0,1063,55,0
36484,54,Private,156003,13,Married-civ-spouse,Husband,White,Male,0,176,40,1
36485,54,Private,156003,14,Married-civ-spouse,Husband,White,Male,6883,0,40,1
36486,28,Private,160510,10,Married-civ-spouse,Husband,Asian-Pac-Islander,Male,0,0,50,0
36487,28,Private,160510,10,Married-civ-spouse,Husband,White,Male,0,0,40,0
36488,45,Private,202496,13,Married-civ-spouse,Husband,White,Male,0,3203,19,1
36489,45,Without-pay,202496,13,Married-civ-spouse,Husband,White,Female,0,0,37,1
36490,29,Local-gov,329426,9,Never-married,Not-in-family,White,Male,72245,0,40,1
36491,29,Local-gov,329426,9,Never-married,Unmarried,White,Male,28388,0,40,1
36492,34,Private,186269,9,Divorced,Unmarried,White,Male,14056,0,40,1
36493,34,Private,186269,7,Divorced,Own-child,White,Male,37342,0,40,1
36494,25,Private,330774,5,Married-AF-spouse,Husband,White,Male,19712,0,40,1
36495,25,Private,330774,5,Married-civ-spouse,Husband,White,Male,47354,0,52,1
36496,19,Private,123718,10,Married-AF-spouse,Own-child,White,Female,87487,0,20,1
36497,71,Private,123718,10,Never-married,Own-child,White,Female,17523,0,20,1
36498,47,Private,202856,10,Divorced,Not-in-family,White,Female,98168,0,36,1
36499,47,Private,202856,10,Divorced,Not-in-family,White,Female,76841,0,62,1
36500,21,Private,210053,10,Never-married,Own-child,White,Female,41447,0,40,1
36501,45,Private,210053,10,Never-married,Own-child,White,Female,57740,0,40,1
36502,31,State-gov,26401,14,Divorced,Not-in-family,Black,Female,88766,0,25,1
36503,31,State-gov,26401,14,Divorced,Not-in-family,White,Female,54967,0,25,1
36504,53,Federal-gov,290640,9,Separated,Husband,White,Male,0,0,50,0
36505,53,Private,290640,9,Married-civ-spouse,Husband,Black,Male,0,0,35,0
36506,22,Private,347890,13,Married-civ-spouse,Husband,White,Male,0,0,28,0
36507,40,Private,347890,3,Married-civ-spouse,Husband,White,Male,0,665,40,0
36508,21,Private,276709,10,Never-married,Other-relative,White,Female,37014,2835,40,1
36509,21,Private,276709,10,Never-married,Other-relative,White,Female,28245,0,40,1
36510,49,Private,169092,10,Separated,Wife,White,Female,5178,133,40,0
36511,50,Private,169092,10,Widowed,Wife,White,Female,5178,0,40,0
36512,42,Private,144995,1,Never-married,Not-in-family,White,Male,98762,0,25,1
36513,42,Local-gov,144995,1,Never-married,Not-in-family,White,Male,0,2412,25,0
36514,46,Private,188293,3,Divorced,Not-in-family,White,Female,16638,0,40,1
36515,46,Private,188293,9,Divorced,Not-in-family,White,Female,85959,0,40,1
36516,45,Private,295046,9,Married-civ-spouse,Other-relative,White,Female,0,0,60,0
36517,45,Private,295046,9,Widowed,Husband,White,Male,0,0,32,0
36518,39,Federal-gov,125550,9,Married-civ-spouse,Wife,White,Female,0,0,59,0
36519,39,Private,125550,9,Married-civ-spouse,Own-child,White,Male,0,0,40,0
36520,33,Private,195488,9,Married-civ-spouse,Wife,White,Female,5927,0,52,1
36521,33,Private,195488,9,Married-civ-spouse,Wife,White,Female,0,2427,54,1
36522,56,Private,107165,9,Married-civ-spouse,Husband,Amer-Indian-Eskimo,Male,13799,0,18,1
36523,56,Private,107165,9,Married-civ-spouse,Husband,White,Male,57659,2238,18,1
36524,39,Self-emp-not-inc,151835,6,Married-civ-spouse,Husband,White,Male,55039,1245,40,1
36525,39,Self-emp-not-inc,151835,6,Married-civ-spouse,Not-in-family,White,Male,44604,0,40,1
36526,60,Private,162104,4,Never-married,Own-child,White,Female,31578,0,30,1
36527,27,Private,162104,4,Never-married,Own-child,White,Female,27180,0,30,1
36528,22,Private,399088,9,Divorced,Unmarried,White,Female,89000,0,40,1
36529,33,Private,399088,9,Divorced,Other-relative,White,Female,17981,0,40,1
36530,41,Private,116103,9,Widowed,Other-relative,Black,Male,80005,0,40,1
36531,41,Private,116103,9,Widowed,Other-relative,White,Male,65010,0,40,1
36532,31,Without-pay,286911,10,Married-civ-spouse,Husband,White,Male,47016,0,38,1
36533,31,State-gov,286911,10,Never-married,Husband,White,Male,63344,0,38,1
36534,56,Private,246687,10,Divorced,Not-in-family,White,Female,49867,0,40,1
36535,56,Private,246687,10,Divorced,Not-in-family,White,Female,28721,0,28,1
36536,35,Private,86648,6,Married-civ-spouse,Wife,White,Male,3943,0,50,0
36537,35,Local-gov,86648,15,Widowed,Other-relative,White,Male,1943,0,50,0
36538,49,Private,37306,9,Widowed,Husband,White,Male,23601,0,40,1
36539,49,Private,37306,9,Married-civ-spouse,Husband,White,Male,91127,0,40,1
36540,50,Federal-gov,184007,10,Married-civ-spouse,Unmarried,White,Male,73991,0,40,1
36541,50,Federal-gov,184007,10,Married-civ-spouse,Husband,White,Female,56433,0,40,1
36542,20,Private,56322,10,Married-AF-spouse,Own-child,White,Male,97298,0,20,1
36543,20,Private,56322,10,Never-married,Own-child,White,Male,80697,0,20,1
36544,87,Private,172421,10,Married-civ-spouse,Husband,White,Male,0,2126,40,1
36545,26,Private,172421,10,Married-civ-spouse,Husband,White,Male,10439,0,40,1
36546,40,Private,130834,10,Never-married,Not-in-family,White,Female,85791,0,40,1
36547,40,Private,130834,10,Never-married,Not-in-family,White,Female,48218,0,98,1
36548,45,Private,385793,3,Married-civ-spouse,Husband,Amer-Indian-Eskimo,Male,87115,0,40,1
36549,45,Private,385793,3,Married-civ-spouse,Wife,Other,Male,52485,0,40,1
36550,43,Private,151806,10,Never-married,Not-in-family,White,Female,87524,0,40,1
36551,17,Private,151806,10,Never-married,Not-in-family,White,Female,30297,0,40,1
36552,38,Private,338320,13,Married-civ-spouse,Husband,White,Male,0,3148,40,1
36553,38,Private,338320,13,Married-civ-spouse,Husband,White,Male,0,2278,40,1
36554,20,Private,233363,7,Divorced,Unmarried,White,Female,62762,0,40,1
36555,50,Private,233363,7,Divorced,Unmarried,White,Female,63095,0,6,1
36556,25,Self-emp-not-inc,213385,7,Never-married,Own-child,White,Male,93033,0,80,1
36557,25,Self-emp-not-inc,213385,10,Never-married,Own-child,White,Male,7910,0,80,1
36558,33,Private,227594,13,Never-married,Not-in-family,White,Female,40004,0,40,1
36559,39,Private,227594,13,Never-married,Not-in-family,White,Female,21954,0,40,1
36560,37,Local-gov,29054,11,Never-married,Own-child,White,Male,18976,0,84,1
36561,66,Self-emp-not-inc,29054,11,Never-married,Own-child,White,Male,29005,0,84,1
36562,33,Local-gov,171889,9,Divorced,Unmarried,White,Female,47294,0,43,1
36563,33,Local-gov,171889,9,Divorced,Unmarried,White,Female,28511,0,43,1
36564,68,Private,69249,9,Married-civ-spouse,Husband,White,Male,0,586,50,0
36565,68,Self-emp-not-inc,69249,9,Married-civ-spouse,Wife,Black,Male,0,0,50,0
36566,40,Private,162098,9,Divorced,Not-in-family,White,Female,29479,853,40,1
36567,40,Private,162098,9,Divorced,Not-in-family,White,Female,84007,0,40,1
36568,17,Private,25051,6,Separated,Own-child,White,Male,76858,0,16,0
36569,67,Private,25051,6,Never-married,Own-child,White,Male,85677,0,16,1
36570,47,Private,215686,9,Married-civ-spouse,Husband,Black,Male,0,3626,50,1
36571,47,Self-emp-inc,215686,9,Married-civ-spouse,Husband,White,Male,0,0,50,1
36572,55,Private,189933,10,Married-civ-spouse,Husband,Black,Male,56143,0,84,1
36573,55,Private,189933,10,Married-civ-spouse,Husband,Asian-Pac-Islander,Male,0,3121,84,1
36574,44,Federal-gov,191295,13,Married-civ-spouse,Husband,Black,Male,0,3249,48,1
36575,44,Federal-gov,191295,13,Widowed,Husband,Black,Male,0,3028,48,1
36576,31,Private,356689,13,Never-married,Not-in-family,White,Male,38208,0,40,1
36577,31,Private,356689,13,Divorced,Not-in-family,White,Male,44992,0,40,1
36578,45,Private,101656,6,Never-married,Husband,Asian-Pac-Islander,Male,78990,0,40,1
36579,45,Private,101656,6,Never-married,Not-in-family,White,Male,30445,0,40,1
36580,26,Private,168403,9,Married-civ-spouse,Husband,White,Male,35053,0,40,1
36581,26,Private,168403,9,Married-civ-spouse,Husband,White,Male,15528,0,40,1
36582,21,Private,77820,10,Never-married,Husband,White,Male,0,0,40,0
36583,36,State-gov,77820,10,Married-civ-spouse,Husband,White,Male,2687,0,40,0
36584,46,Private,145041,13,Divorced,Other-relative,White,Male,51620,2258,50,1
36585,46,Private,145041,13,Married-spouse-absent,Other-relative,White,Male,0,3581,50,1
36586,48,Private,130812,9,Married-civ-spouse,Wife,White,Female,0,3517,40,1
36587,48,Private,130812,9,Married-civ-spouse,Wife,White,Female,0,3561,40,1
36588,50,State-gov,155574,12,Married-civ-spouse,Husband,White,Male,0,0,3,0
36589,50,Without-pay,155574,12,Married-civ-spouse,Husband,White,Male,0,0,36,0
36590,33,Private,217235,9,Married-civ-spouse,Husband,White,Male,98916,0,20,1
36591,33,Private,217235,9,Married-civ-spouse,Other-relative,White,Male,27349,0,20,1
36592,55,Private,217241,9,Divorced,Not-in-family,White,Female,90050,0,40,1
36593,55,Private,217241,9,Divorced,Not-in-family,White,Female,86734,0,40,1
36594,39,Private,30056,10,Divorced,Unmarried,White,Male,24967,0,40,1
36595,39,Private,30056,10,Divorced,Unmarried,White,Male,44716,0,40,1
36596,46,Private,171199,13,Divorced,Unmarried,Other,Female,88697,0,40,1
36597,46,Private,171199,13,Divorced,Unmarried,Asian-Pac-Islander,Female,76758,0,40,1
36598,19,Private,138760,9,Never-married,Other-relative,White,Male,60042,0,40,1
36599,43,Private,138760,9,Never-married,Own-child,White,Male,0,2427,40,1
36600,43,Private,172577,10,Divorced,Not-in-family,White,Female,79545,0,44,1
36601,43,Private,172577,10,Divorced,Not-in-family,White,Female,86842,0,44,1
36602,49,State-gov,289707,9,Separated,Not-in-family,White,Male,12263,0,45,1
36603,49,Self-emp-inc,289707,9,Separated,Not-in-family,White,Male,72680,1884,45,1
36604,73,Private,109814,2,Married-civ-spouse,Husband,White,Male,0,1977,45,0
36605,48,Private,109814,1,Separated,Husband,White,Male,0,1977,45,0
36606,27,Private,190303,9,Separated,Husband,White,Male,8556,0,40,1
36607,76,Private,190303,9,Married-civ-spouse,Husband,White,Male,0,3291,40,1
36608,30,Private,197886,10,Never-married,Not-in-family,White,Male,0,0,35,0
36609,30,Without-pay,197886,10,Never-married,Not-in-family,White,Male,0,1307,45,0
36610,32,Private,178615,9,Married-civ-spouse,Husband,White,Male,40183,0,40,1
36611,67,Private,178615,9,Married-civ-spouse,Husband,White,Male,44788,0,40,1
36612,78,Private,174368,9,Divorced,Wife,White,Female,0,0,40,0
36613,19,Private,174368,9,Married-civ-spouse,Wife,White,Female,0,2248,40,0
36614,85,Local-gov,301614,11,Never-married,Husband,White,Male,0,0,48,0
36615,68,Local-gov,301614,11,Married-civ-spouse,Husband,Black,Male,0,0,48,0
36616,34,Private,98101,9,Married-civ-spouse,Husband,White,Male,0,0,40,1
36617,34,Private,98101,9,Married-civ-spouse,Husband,White,Male,31148,0,40,1
36618,28,Private,407672,10,Divorced,Unmarried,White,Female,78286,0,40,1
36619,28,Private,407672,10,Divorced,Unmarried,White,Female,72960,0,40,1
36620,19,Private,55284,2,Never-married,Own-child,White,Female,20421,0,35,1
36621,19,Private,55284,9,Never-married,Own-child,White,Female,23481,0,35,1
36622,27,Federal-gov,244054,12,Divorced,Unmarried,White,Male,0,0,60,0
36623,44,Federal-gov,244054,10,Divorced,Unmarried,White,Male,0,880,32,0
36624,41,Self-emp-inc,124330,10,Married-civ-spouse,Wife,White,Female,86518,0,30,1
36625,41,Self-emp-inc,124330,10,Married-civ-spouse,Wife,White,Female,27117,0,84,1
36626,37,Private,213692,10,Never-married,Own-child,White,Male,32513,0,45,1
36627,29,Private,213692,10,Never-married,Own-child,White,Male,43139,0,45,1
36628,52,Private,264129,10,Never-married,Not-in-family,White,Female,72489,0,40,1
36629,52,Private,264129,10,Divorced,Not-in-family,White,Female,12759,0,40,1
36630,47,Private,145886,10,Divorced,Unmarried,White,Male,0,2857,40,1
36631,47,Private,145886,15,Divorced,Unmarried,White,Female,0,2278,40,1
36632,43,Federal-gov,233150,11,Married-civ-spouse,Husband,White,Male,0,0,55,1
36633,49,Federal-gov,233150,11,Married-civ-spouse,Husband,White,Male,0,0,55,1
36634,76,Private,316185,4,Widowed,Not-in-family,White,Female,63807,0,12,1
36635,76,Private,316185,4,Widowed,Not-in-family,White,Male,43350,0,12,1
36636,39,Private,316211,10,Married-civ-spouse,Husband,White,Female,0,0,60,0
36637,18,Private,316211,9,Married-civ-spouse,Husband,White,Male,0,3448,60,0
36638,65,Private,176219,9,Married-spouse-absent,Not-in-family,Asian-Pac-Islander,Female,18727,0,40,1
36639,65,Private,176219,9,Married-spouse-absent,Not-in-family,Asian-Pac-Islander,Male,91207,0,40,1
36640,30,Private,174201,10,Never-married,Own-child,White,Male,58073,1000,40,1
36641,30,Private,174201,10,Never-married,Own-child,White,Male,27135,0,40,1
36642,42,Local-gov,24264,10,Divorced,Unmarried,White,Male,0,2522,38,1
36643,42,State-gov,24264,10,Divorced,Unmarried,White,Male,12058,0,38,1
36644,41,Local-gov,22155,14,Divorced,Unmarried,Black,Female,36917,0,60,1
36645,41,Local-gov,22155,14,Divorced,Unmarried,White,Female,60078,0,60,1
36646,24,Self-emp-inc,275100,9,Married-civ-spouse,Husband,White,Male,0,0,70,0
36647,48,Private,275100,9,Married-civ-spouse,Husband,White,Male,0,1458,70,0
36648,51,Private,394690,9,Divorced,Not-in-family,White,Female,42534,0,13,1
36649,51,Private,394690,9,Divorced,Not-in-family,White,Female,13530,519,40,1
36650,42,Private,409902,9,Never-married,Husband,Black,Female,81958,0,25,1
36651,42,Private,409902,9,Never-married,Unmarried,Black,Female,70297,0,25,1
36652,23,Local-gov,210781,13,Never-married,Own-child,White,Female,98594,0,15,1
36653,23,Local-gov,210781,13,Married-civ-spouse,Own-child,White,Female,91023,0,15,1
36654,36,Private,203482,9,Divorced,Husband,White,Male,24072,0,40,1
36655,36,Private,203482,2,Married-civ-spouse,Husband,White,Male,40807,0,40,1
36656,66,Private,174491,9,Married-civ-spouse,Husband,White,Male,55928,0,40,1
36657,66,Private,174491,9,Separated,Husband,White,Male,0,3847,40,1
36658,33,Private,245378,6,Married-civ-spouse,Husband,White,Male,10109,68,40,1
36659,33,Private,245378,6,Married-civ-spouse,Husband,White,Male,67218,0,40,1
36660,69,Private,682947,13,Divorced,Not-in-family,White,Male,0,0,59,0
36661,38,Local-gov,682947,13,Divorced,Not-in-family,Other,Male,0,0,55,0
36662,23,Private,166527,10,Never-married,Own-child,Other,Female,77125,0,40,1
36663,23,Private,166527,10,Never-married,Own-child,Other,Female,47055,3578,40,1
36664,48,Self-emp-not-inc,100931,10,Never-married,Not-in-family,White,Male,72674,0,40,1
36665,48,Self-emp-not-inc,100931,10,Never-married,Not-in-family,White,Male,47180,0,40,1
36666,22,Private,226327,10,Never-married,Own-child,White,Female,93418,0,40,1
36667,22,Private,226327,10,Never-married,Own-child,White,Female,52707,0,40,1
36668,34,Private,340917,9,Divorced,Not-in-family,White,Male,72297,0,45,1
36669,50,Private,340917,9,Separated,Not-in-family,White,Male,41914,0,45,1
36670,28,Private,159623,9,Married-civ-spouse,Husband,White,Male,73898,0,40,1
36671,86,Private,159623,9,Married-civ-spouse,Husband,White,Male,50630,0,40,1
36672,54,Private,191072,13,Divorced,Husband,White,Male,0,3389,35,1
36673,54,Private,191072,13,Divorced,Not-in-family,White,Male,17425,2175,35,1
36674,28,Private,109001,14,Married-civ-spouse,Husband,White,Male,0,0,8,0
36675,28,Private,109001,14,Married-civ-spouse,Husband,White,Male,1060,0,14,0
36676,49,Private,31339,16,Married-civ-spouse,Husband,Other,Male,0,0,40,1
36677,49,Private,31339,9,Married-civ-spouse,Husband,White,Male,56589,0,40,1
36678,44,Private,180917,9,Never-married,Unmarried,White,Female,67731,0,40,1
36679,19,Private,180917,9,Never-married,Unmarried,White,Female,50821,92,40,1
36680,28,Self-emp-not-inc,149141,15,Married-civ-spouse,Other-relative,White,Male,0,0,45,0
36681,28,Self-emp-not-inc,149141,10,Married-civ-spouse,Husband,White,Male,0,0,18,0
36682,63,Private,277647,10,Married-civ-spouse,Husband,White,Male,0,0,35,0
36683,50,Private,277647,10,Widowed,Husband,White,Male,0,0,35,0
36684,43,Private,193882,9,Married-civ-spouse,Husband,White,Male,0,3898,40,0
36685,43,Private,193882,9,Married-civ-spouse,Husband,Amer-Indian-Eskimo,Male,0,1785,40,0
36686,40,Self-emp-inc,344060,1,Never-married,Husband,White,Male,0,0,50,0
36687,25,Self-emp-inc,344060,15,Married-civ-spouse,Husband,White,Male,0,0,26,0
36688,69,Private,124930,3,Married-civ-spouse,Husband,White,Male,99839,2267,40,1
36689,69,Private,124930,3,Married-spouse-absent,Husband,White,Male,10721,2267,40,1
36690,28,Private,37302,9,Divorced,Own-child,White,Male,31395,0,40,1
36691,28,Private,37302,9,Divorced,Own-child,White,Male,36535,0,40,1
36692,68,Federal-gov,422013,12,Married-civ-spouse,Not-in-family,White,Female,0,3683,40,1
36693,68,Federal-gov,422013,9,Divorced,Not-in-family,White,Female,32249,3683,40,1
36694,35,Private,101387,9,Divorced,Other-relative,White,Female,87572,0,50,1
36695,39,Private,101387,9,Divorced,Not-in-family,White,Female,37257,0,50,1
36696,22,Private,189888,9,Married-civ-spouse,Husband,White,Female,83428,0,45,1
36697,62,Private,189888,16,Married-civ-spouse,Husband,White,Male,0,0,45,1
36698,54,Local-gov,96062,12,Married-civ-spouse,Unmarried,White,Male,0,0,40,0
36699,54,Private,96062,12,Married-civ-spouse,Own-child,White,Male,0,0,26,0
36700,51,Local-gov,143865,6,Widowed,Not-in-family,Black,Female,20258,0,24,1
36701,51,Local-gov,143865,6,Widowed,Not-in-family,Amer-Indian-Eskimo,Female,56036,0,24,1
36702,41,Private,144925,10,Divorced,Not-in-family,White,Male,36678,0,40,1
36703,41,Private,144925,10,Divorced,Not-in-family,White,Male,85294,0,40,1
36704,26,Self-emp-not-inc,221626,14,Married-civ-spouse,Wife,White,Female,0,1579,20,1
36705,26,Self-emp-not-inc,221626,9,Married-civ-spouse,Husband,White,Female,78658,1579,20,1
36706,24,Private,194096,9,Never-married,Own-child,Amer-Indian-Eskimo,Female,51666,0,45,1
36707,24,Private,194096,9,Never-married,Own-child,White,Female,92490,0,45,1
36708,45,Local-gov,132563,15,Divorced,Unmarried,Black,Female,0,2798,16,1
36709,45,Local-gov,132563,15,Divorced,Unmarried,Black,Male,25105,1726,40,1
36710,56,Self-emp-inc,124137,15,Married-civ-spouse,Husband,White,Male,4155,864,45,0
36711,56,Self-emp-inc,124137,15,Married-civ-spouse,Husband,White,Male,4797,0,45,0
36712,33,Private,259301,10,Married-civ-spouse,Husband,White,Male,84051,0,41,1
36713,33,Private,259301,10,Married-civ-spouse,Husband,White,Male,93417,0,41,1
36714,32,Private,126838,9,Never-married,Not-in-family,White,Male,37504,0,40,1
36715,32,Private,126838,9,Never-married,Not-in-family,White,Male,17252,0,40,1
36716,54,Local-gov,68015,3,Married-civ-spouse,Husband,White,Male,0,3251,45,0
36717,54,Without-pay,68015,2,Married-civ-spouse,Husband,White,Male,0,0,45,0
36718,27,Without-pay,176972,11,Never-married,Not-in-family,White,Male,62773,0,40,1
36719,27,Without-pay,176972,11,Never-married,Not-in-family,White,Male,49619,0,40,1
36720,53,Local-gov,608184,9,Married-civ-spouse,Husband,Black,Male,0,2410,40,0
36721,53,Local-gov,608184,11,Married-civ-spouse,Husband,Black,Male,0,2034,40,0
36722,45,Self-emp-not-inc,244813,5,Never-married,Husband,White,Male,0,0,38,0
36723,80,Self-emp-not-inc,244813,12,Married-civ-spouse,Husband,White,Male,0,0,38,0
36724,29,Private,187073,13,Never-married,Not-in-family,White,Male,90556,0,40,1
36725,29,Private,187073,13,Never-married,Not-in-family,White,Male,64658,2386,40,1
36726,46,Private,273629,14,Married-civ-spouse,Husband,Other,Female,0,0,40,0
36727,46,Private,273629,7,Separated,Husband,White,Male,0,0,40,0
36728,55,Self-emp-not-inc,149168,4,Married-civ-spouse,Husband,White,Male,88029,0,30,1
36729,19,Self-emp-not-inc,149168,9,Married-civ-spouse,Husband,White,Male,77936,0,30,1
36730,21,Private,118693,10,Never-married,Own-child,White,Male,29960,0,40,1
36731,21,Private,118693,10,Never-married,Own-child,White,Male,74228,0,40,1
36732,48,Private,198727,16,Divorced,Not-in-family,White,Female,0,0,40,1
36733,33,Private,198727,9,Divorced,Not-in-family,Asian-Pac-Islander,Female,58035,0,40,1
36734,37,Local-gov,184112,15,Divorced,Own-child,White,Female,0,0,40,0
36735,37,Local-gov,184112,13,Divorced,Other-relative,White,Female,0,0,40,0
36736,41,Without-pay,164647,16,Divorced,Not-in-family,Black,Female,0,0,40,1
36737,41,Local-gov,164647,9,Divorced,Not-in-family,Black,Female,29650,0,40,1
36738,45,State-gov,213646,13,Married-civ-spouse,Husband,White,Male,1514,0,14,0
36739,45,State-gov,213646,13,Never-married,Husband,White,Male,1832,0,40,0
36740,62,Private,178745,8,Married-civ-spouse,Unmarried,White,Male,0,0,45,0
36741,39,Private,178745,9,Separated,Husband,White,Male,0,0,45,0
36742,20,Private,39478,10,Never-married,Not-in-family,White,Male,22291,0,70,1
36743,20,Private,39478,10,Never-married,Not-in-family,White,Male,41274,0,70,1
36744,49,Private,360491,9,Widowed,Unmarried,White,Female,34599,2540,40,1
36745,49,Self-emp-inc,360491,9,Widowed,Unmarried,White,Female,92877,0,40,1
36746,48,Private,102102,1,Married-civ-spouse,Husband,White,Male,0,3114,50,0
36747,48,Private,102102,5,Divorced,Husband,White,Male,0,0,50,0
36748,46,Local-gov,66934,13,Divorced,Unmarried,White,Female,28700,0,45,1
36749,46,Local-gov,66934,13,Divorced,Husband,White,Female,0,2752,45,1
36750,29,State-gov,197618,9,Never-married,Not-in-family,White,Female,86312,0,40,1
36751,29,Private,197618,9,Never-married,Not-in-family,White,Female,65949,0,40,1
36752,27,Private,214695,9,Never-married,Own-child,Black,Male,58499,0,60,1
36753,27,Private,214695,9,Never-married,Own-child,Black,Male,41432,0,60,1
36754,20,Private,293726,10,Never-married,Not-in-family,White,Male,83866,0,40,1
36755,20,Federal-gov,293726,10,Never-married,Not-in-family,White,Male,51960,0,40,1
36756,23,Private,398130,9,Divorced,Not-in-family,White,Male,71264,0,96,1
36757,23,Local-gov,398130,9,Divorced,Not-in-family,White,Male,17871,0,96,1
36758,22,State-gov,34310,10,Never-married,Own-child,White,Male,61646,0,25,1
36759,22,State-gov,34310,10,Never-married,Own-child,White,Male,99531,0,25,1
36760,56,Self-emp-not-inc,335605,9,Married-civ-spouse,Husband,White,Male,0,1305,50,0
36761,62,Self-emp-not-inc,335605,9,Married-civ-spouse,Husband,White,Male,0,1274,50,0
36762,51,Local-gov,312446,13,Married-civ-spouse,Husband,White,Male,0,818,37,0
36763,40,Private,312446,13,Married-civ-spouse,Husband,White,Male,0,0,8,0
36764,35,Private,97136,10,Married-spouse-absent,Unmarried,Black,Female,13908,0,37,1
36765,35,Private,97136,10,Never-married,Unmarried,Black,Female,47682,0,55,1
36766,24,Private,196742,9,Married-AF-spouse,Unmarried,White,Female,9800,0,40,1
36767,24,Private,196742,7,Divorced,Unmarried,White,Female,15708,0,40,1
36768,27,Private,177942,9,Divorced,Wife,White,Female,0,0,40,0
36769,52,Private,177942,9,Married-civ-spouse,Not-in-family,White,Female,0,2132,40,0
36770,80,Private,347336,8,Never-married,Own-child,White,Male,59044,0,12,1
36771,33,Private,347336,8,Never-married,Own-child,White,Male,94313,0,12,1
36772,45,State-gov,50567,9,Married-civ-spouse,Wife,White,Female,86841,0,40,1
36773,45,Without-pay,50567,15,Married-civ-spouse,Wife,White,Female,0,0,40,1
36774,20,Private,344394,10,Never-married,Not-in-family,Asian-Pac-Islander,Female,38204,0,30,1
36775,20,Private,344394,10,Never-married,Not-in-family,White,Female,13504,2987,30,1
36776,87,Local-gov,38876,9,Married-civ-spouse,Husband,White,Male,30349,0,48,1
36777,40,Local-gov,38876,9,Married-civ-spouse,Husband,White,Male,84795,0,48,1
36778,57,Private,322691,8,Married-civ-spouse,Husband,White,Male,0,0,40,0
36779,57,Federal-gov,322691,11,Married-AF-spouse,Husband,White,Male,0,0,40,0
36780,50,Self-emp-not-inc,193116,9,Married-civ-spouse,Husband,White,Male,0,3059,40,0
36781,50,Federal-gov,193116,9,Widowed,Husband,White,Male,0,0,66,0
36782,73,Private,39212,9,Widowed,Not-in-family,White,Female,98331,0,20,1
36783,73,Private,39212,9,Widowed,Not-in-family,Asian-Pac-Islander,Female,36643,0,20,1
36784,34,Local-gov,174215,7,Married-civ-spouse,Wife,White,Female,2194,0,35,0
36785,34,Local-gov,174215,7,Married-civ-spouse,Wife,White,Female,2045,0,35,0
36786,25,Private,367306,10,Never-married,Own-child,White,Female,28624,0,40,1
36787,25,Private,367306,10,Never-married,Own-child,White,Female,37723,0,40,1
36788,32,Private,185732,7,Divorced,Unmarried,White,Female,33954,0,19,1
36789,32,Private,185732,7,Divorced,Unmarried,White,Female,35928,0,40,1
36790,45,Private,157980,9,Divorced,Unmarried,White,Female,42843,0,97,1
36791,45,Private,157980,9,Divorced,Unmarried,White,Female,25685,0,32,1
36792,32,Private,160594,1,Never-married,Not-in-family,White,Male,0,1564,21,0
36793,32,Private,160594,13,Never-married,Not-in-family,White,Male,0,2294,69,0
36794,36,Private,437909,9,Married-civ-spouse,Husband,White,Male,78476,0,40,1
36795,36,Private,437909,9,Married-civ-spouse,Husband,White,Male,80372,0,40,1
36796,25,State-gov,66692,13,Never-married,Not-in-family,White,Female,90590,0,40,1
36797,25,State-gov,66692,13,Never-married,Not-in-family,White,Male,72847,0,40,1
36798,17,Private,140117,7,Never-married,Own-child,Amer-Indian-Eskimo,Female,38869,0,14,1
36799,17,Private,140117,7,Never-married,Own-child,White,Female,60490,0,14,1
36800,51,Private,135388,8,Widowed,Husband,Amer-Indian-Eskimo,Male,0,1564,40,0
36801,51,Private,135388,8,Separated,Not-in-family,White,Male,0,606,40,0
36802,53,Private,349198,4,Never-married,Own-child,White,Male,58677,0,16,1
36803,22,Private,349198,4,Separated,Own-child,White,Male,93050,0,16,1
36804,66,Private,22313,7,Married-civ-spouse,Husband,White,Male,91652,0,20,1
36805,66,Private,22313,7,Married-civ-spouse,Husband,White,Male,51947,0,20,1
36806,61,Local-gov,257105,13,Divorced,Unmarried,White,Male,90632,0,40,1
36807,61,Local-gov,257105,10,Married-civ-spouse,Unmarried,White,Male,21959,0,40,1
36808,23,Private,117779,8,Married-civ-spouse,Not-in-family,White,Male,22970,0,45,1
36809,23,Private,117779,8,Never-married,Not-in-family,White,Male,94811,0,45,1
36810,61,Self-emp-not-inc,503675,10,Married-civ-spouse,Husband,Black,Male,0,0,22,0
36811,19,Self-emp-not-inc,503675,10,Married-civ-spouse,Husband,Black,Male,0,644,60,0
36812,35,Private,159179,10,Never-married,Not-in-family,White,Male,72850,0,40,1
36813,35,Private,159179,10,Never-married,Not-in-family,White,Male,43082,0,40,1
36814,19,Private,418324,16,Never-married,Own-child,White,Male,14812,0,36,1
36815,19,Private,418324,1,Never-married,Own-child,White,Male,32245,0,36,1
36816,37,Self-emp-not-inc,192251,6,Married-civ-spouse,Own-child,White,Female,2635,2577,40,1
36817,37,Self-emp-not-inc,192251,6,Married-civ-spouse,Wife,White,Female,2635,2370,40,1
36818,23,Private,346480,9,Never-married,Not-in-family,White,Female,88032,0,50,1
36819,23,Private,346480,9,Never-married,Not-in-family,White,Male,90891,0,50,1
36820,61,Federal-gov,221943,8,Married-civ-spouse,Husband,White,Male,4211,0,40,0
36821,61,Federal-gov,221943,10,Married-civ-spouse,Husband,Amer-Indian-Eskimo,Male,834,0,40,0
36822,37,Private,174308,13,Married-civ-spouse,Husband,White,Male,0,0,61,1
36823,61,Private,174308,13,Married-civ-spouse,Husband,White,Male,0,0,45,1
36824,31,Private,403468,10,Separated,Unmarried,White,Female,80390,0,50,1
36825,31,Private,403468,10,Separated,Unmarried,White,Female,59208,0,50,1
36826,22,Private,158522,10,Never-married,Own-child,Asian-Pac-Islander,Male,52499,359,35,1
36827,22,Private,158522,10,Never-married,Own-child,Asian-Pac-Islander,Male,88547,0,5,1
36828,57,Self-emp-not-inc,87584,15,Divorced,Not-in-family,White,Female,70952,0,25,1
36829,57,Self-emp-not-inc,87584,16,Divorced,Not-in-family,White,Female,31637,0,25,1
36830,55,Private,220262,9,Divorced,Not-in-family,White,Male,28437,0,40,1
36831,35,Private,220262,9,Divorced,Not-in-family,White,Female,44890,0,40,1
36832,47,Federal-gov,239321,11,Married-civ-spouse,Unmarried,White,Male,0,0,37,0
36833,47,Federal-gov,239321,3,Married-civ-spouse,Own-child,White,Male,0,0,45,0
36834,20,Private,121568,9,Married-civ-spouse,Husband,White,Male,45921,0,50,1
36835,20,Private,121568,9,Married-civ-spouse,Husband,White,Male,65086,0,50,1
36836,60,Private,156950,9,Never-married,Own-child,White,Male,88601,0,35,1
36837,49,Private,156950,9,Never-married,Own-child,White,Male,81578,0,35,1
36838,46,Private,172581,3,Married-spouse-absent,Husband,White,Male,0,1902,50,0
36839,46,Private,172581,3,Married-civ-spouse,Husband,White,Male,0,2658,50,0
36840,43,Private,149909,9,Married-civ-spouse,Husband,Black,Male,0,0,42,0
36841,43,Federal-gov,149909,9,Married-civ-spouse,Unmarried,White,Male,0,0,42,0
36842,37,Private,48779,9,Never-married,Not-in-family,White,Male,31637,0,50,1
36843,37,Private,48779,9,Separated,Not-in-family,White,Male,76741,0,50,1
36844,52,Private,89054,9,Married-civ-spouse,Husband,White,Male,0,1936,41,1
36845,52,Federal-gov,89054,9,Married-civ-spouse,Husband,White,Male,88281,0,40,1
36846,57,Private,36091,9,Separated,Unmarried,Amer-Indian-Eskimo,Female,83808,0,72,1
36847,57,Private,36091,9,Separated,Unmarried,Amer-Indian-Eskimo,Female,66199,701,40,1
36848,18,Private,103339,6,Never-married,Own-child,White,Female,78780,2839,16,1
36849,18,Private,103339,6,Never-married,Own-child,White,Female,66763,1719,16,1
36850,82,State-gov,109735,9,Divorced,Not-in-family,White,Female,17977,0,38,1
36851,63,State-gov,109735,9,Divorced,Not-in-family,White,Female,31077,0,38,1
36852,31,Private,290964,11,Married-civ-spouse,Wife,White,Female,0,0,87,0
36853,74,Private,290964,11,Widowed,Wife,White,Female,0,0,38,0
36854,32,Private,114746,9,Separated,Unmarried,Asian-Pac-Islander,Female,78524,0,60,1
36855,32,State-gov,114746,9,Separated,Unmarried,Asian-Pac-Islander,Female,68142,0,60,1
36856,37,Private,301070,9,Divorced,Unmarried,White,Male,90977,0,45,1
36857,67,Private,301070,9,Divorced,Unmarried,White,Male,64019,0,45,1
36858,22,Private,54560,9,Married-civ-spouse,Husband,White,Male,65431,0,60,1
36859,22,Private,54560,9,Married-civ-spouse,Husband,White,Male,49421,0,60,1
36860,17,Private,132636,7,Married-civ-spouse,Own-child,White,Female,78890,0,16,1
36861,17,Private,132636,7,Never-married,Own-child,White,Female,76102,0,16,1
36862,32,Private,134679,7,Never-married,Own-child,Black,Female,85772,0,40,1
36863,32,Private,134679,7,Never-married,Own-child,Black,Female,62897,2857,40,1
36864,32,Self-emp-not-inc,24529,2,Never-married,Not-in-family,White,Male,0,0,50,0
36865,32,Self-emp-not-inc,24529,10,Never-married,Unmarried,Other,Male,0,0,50,0
36866,20,Private,278391,10,Married-AF-spouse,Own-child,White,Male,44522,0,25,1
36867,20,Private,278391,10,Never-married,Own-child,White,Male,38319,0,25,1
36868,22,Self-emp-not-inc,103277,10,Never-married,Own-child,White,Female,29314,0,20,1
36869,85,Private,103277,10,Never-married,Own-child,White,Female,14380,0,20,1
36870,48,Private,128796,12,Married-civ-spouse,Husband,Black,Female,0,0,40,0
36871,48,Local-gov,128796,12,Married-civ-spouse,Husband,Amer-Indian-Eskimo,Male,0,0,40,0
36872,39,Local-gov,357962,12,Never-married,Not-in-family,White,Male,56663,0,48,1
36873,39,Local-gov,357962,12,Never-married,Not-in-family,White,Male,0,2595,48,1
36874,58,Local-gov,368797,7,Widowed,Unmarried,White,Male,0,0,41,0
36875,58,Local-gov,368797,14,Widowed,Unmarried,White,Female,0,0,38,0
36876,28,Private,212640,15,Never-married,Own-child,White,Female,32632,0,85,1
36877,28,Private,212640,15,Never-married,Not-in-family,White,Female,26728,0,85,1
36878,36,Federal-gov,253627,6,Married-civ-spouse,Husband,White,Male,0,0,20,0
36879,36,Federal-gov,253627,10,Married-civ-spouse,Own-child,White,Male,0,0,40,0
36880,39,Private,225504,14,Never-married,Not-in-family,White,Male,77601,3544,40,1
36881,39,Private,225504,14,Never-married,Not-in-family,White,Male,72726,0,40,1
36882,40,Private,193144,9,Divorced,Unmarried,White,Female,80048,0,52,1
36883,40,Self-emp-inc,193144,9,Divorced,Unmarried,White,Female,39855,0,36,1
36884,26,Private,285004,13,Separated,Not-in-family,Asian-Pac-Islander,Male,0,3286,35,1
36885,26,Private,285004,13,Never-married,Not-in-family,Asian-Pac-Islander,Male,32010,3738,35,1
36886,37,Local-gov,172722,10,Married-civ-spouse,Husband,White,Male,72296,0,40,1
36887,37,Local-gov,172722,10,Married-civ-spouse,Husband,White,Male,6882,0,40,1
36888,53,Private,194791,9,Married-civ-spouse,Husband,White,Male,90324,0,45,1
36889,53,Private,194791,9,Married-civ-spouse,Husband,White,Male,0,1288,45,1
36890,34,Private,235124,9,Never-married,Wife,Black,Female,52392,0,35,1
36891,34,Private,235124,9,Never-married,Unmarried,Black,Female,77731,0,35,1
36892,32,Without-pay,234755,9,Separated,Unmarried,Black,Male,41580,0,40,1
36893,32,Private,234755,9,Married-spouse-absent,Unmarried,Black,Male,65381,0,40,1
36894,22,State-gov,293364,6,Never-married,Own-child,Black,Female,11379,0,40,1
36895,22,State-gov,293364,10,Never-married,Own-child,Black,Female,30090,0,40,1
36896,35,Private,186489,13,Married-civ-spouse,Husband,White,Male,80556,0,46,1
36897,35,Private,186489,5,Married-civ-spouse,Husband,White,Male,84867,0,46,1
36898,18,Private,126071,9,Never-married,Own-child,White,Male,12500,0,40,1
36899,18,State-gov,126071,9,Never-married,Own-child,White,Male,12852,0,40,1
36900,24,Private,204172,13,Never-married,Other-relative,White,Female,0,3219,40,1
36901,24,Private,204172,13,Never-married,Other-relative,White,Female,65325,0,92,1
36902,48,Private,199735,13,Divorced,Not-in-family,White,Female,0,2700,44,1
36903,48,Private,199735,13,Divorced,Not-in-family,Black,Female,71255,0,44,1
36904,26,Private,55929,14,Never-married,Not-in-family,White,Female,27279,902,48,1
36905,26,Local-gov,55929,14,Never-married,Not-in-family,White,Female,78268,0,48,1
36906,41,Private,425444,13,Married-civ-spouse,Wife,White,Female,3411,0,84,0
36907,41,Private,425444,1,Married-civ-spouse,Wife,White,Female,4434,0,50,0
36908,44,Private,217039,3,Married-civ-spouse,Husband,White,Male,1337,0,60,0
36909,44,Private,217039,14,Married-civ-spouse,Husband,White,Male,1362,0,60,0
36910,19,Self-emp-not-inc,100999,7,Never-married,Own-child,Black,Female,91199,0,30,1
36911,19,Self-emp-not-inc,100999,7,Never-married,Own-child,White,Female,66395,0,30,1
36912,37,State-gov,255454,10,Never-married,Not-in-family,Black,Male,70546,0,40,1
36913,37,Self-emp-not-inc,255454,10,Never-married,Not-in-family,Black,Male,82444,515,40,1
36914,23,Private,210053,10,Never-married,Not-in-family,Asian-Pac-Islander,Female,62137,0,28,1
36915,23,Private,210053,10,Never-married,Not-in-family,White,Female,15386,0,28,1
36916,58,Private,209423,15,Married-civ-spouse,Husband,White,Male,0,3288,38,1
36917,58,Local-gov,209423,2,Married-civ-spouse,Husband,White,Male,17094,0,38,1
36918,18,Private,577521,7,Never-married,Own-child,White,Male,10991,0,63,1
36919,82,Private,577521,7,Never-married,Own-child,White,Male,63899,0,13,1
36920,26,Private,136309,13,Never-married,Not-in-family,White,Male,94462,0,40,1
36921,26,Private,136309,13,Never-married,Not-in-family,Amer-Indian-Eskimo,Male,9059,0,40,1
36922,56,Without-pay,197114,9,Never-married,Own-child,White,Male,57683,0,28,1
36923,56,Private,197114,9,Never-married,Own-child,White,Male,69070,0,28,1
36924,44,Self-emp-not-inc,376072,9,Married-civ-spouse,Not-in-family,White,Male,0,0,45,0
36925,44,Private,376072,9,Married-civ-spouse,Husband,White,Male,0,0,37,0
36926,23,State-gov,1117718,10,Never-married,Not-in-family,Black,Male,9767,0,30,1
36927,23,State-gov,1117718,10,Never-married,Not-in-family,Black,Male,46467,3828,30,1
36928,43,Private,184625,9,Separated,Wife,White,Female,0,0,39,0
36929,68,Private,184625,9,Married-civ-spouse,Wife,White,Female,0,0,69,0
36930,55,Private,178353,5,Divorced,Not-in-family,White,Male,1433,0,60,0
36931,55,Private,178353,5,Divorced,Not-in-family,White,Male,892,0,60,0
36932,37,State-gov,103474,9,Never-married,Own-child,White,Female,83338,0,40,1
36933,37,State-gov,103474,9,Separated,Own-child,White,Female,14503,0,40,1
36934,35,Private,161141,1,Married-civ-spouse,Husband,White,Male,53830,0,40,1
36935,67,Private,161141,9,Married-civ-spouse,Husband,White,Male,38916,0,40,1
36936,61,Private,256466,13,Married-civ-spouse,Husband,White,Male,0,0,50,1
36937,51,Private,256466,13,Married-civ-spouse,Husband,Asian-Pac-Islander,Male,0,2840,50,1
36938,61,Self-emp-not-inc,39128,16,Married-civ-spouse,Husband,White,Male,0,0,87,1
36939,61,Self-emp-not-inc,39128,9,Married-civ-spouse,Husband,White,Male,82210,0,27,1
36940,53,Private,152883,9,Widowed,Not-in-family,Black,Female,53090,0,40,1
36941,85,Private,152883,9,Widowed,Not-in-family,Black,Female,64997,0,40,1
36942,40,Private,189666,9,Married-civ-spouse,Other-relative,White,Male,45857,0,45,1
36943,40,Private,189666,9,Married-civ-spouse,Husband,White,Male,66590,0,28,1
36944,44,Self-emp-not-inc,164190,15,Never-married,Wife,White,Male,0,0,40,1
36945,30,Self-emp-not-inc,164190,15,Never-married,Own-child,White,Female,0,2851,40,1
36946,28,Private,287268,10,Never-married,Not-in-family,White,Male,47435,0,35,1
36947,28,Private,287268,10,Never-married,Not-in-family,White,Male,65288,0,35,1
36948,25,Private,174545,9,Never-married,Unmarried,Amer-Indian-Eskimo,Female,97183,0,46,1
36949,51,Private,174545,9,Never-married,Unmarried,White,Female,21442,0,46,1
36950,31,Local-gov,498267,9,Separated,Own-child,Black,Male,22605,0,40,1
36951,31,Local-gov,498267,9,Separated,Own-child,Black,Male,93486,0,40,1
36952,29,Private,93662,10,Divorced,Unmarried,White,Female,14318,0,24,1
36953,29,Private,93662,10,Divorced,Unmarried,White,Female,28053,0,24,1
36954,33,Private,186977,9,Married-civ-spouse,Husband,White,Male,38683,0,40,1
36955,33,Private,186977,9,Married-civ-spouse,Husband,White,Male,29689,0,40,1
36956,27,Private,246440,7,Divorced,Unmarried,White,Female,90542,0,40,1
36957,27,Private,246440,7,Divorced,Unmarried,White,Female,35084,0,40,1
36958,62,Self-emp-not-inc,369734,9,Married-civ-spouse,Wife,White,Female,38746,1046,40,1
36959,62,Self-emp-not-inc,369734,9,Married-civ-spouse,Wife,White,Female,44458,0,40,1
36960,31,Private,355865,9,Married-civ-spouse,Husband,White,Male,0,0,50,0
36961,60,Private,355865,14,Married-civ-spouse,Husband,White,Male,0,1650,64,0
36962,60,Private,208915,9,Divorced,Other-relative,Asian-Pac-Islander,Female,61388,0,40,1
36963,60,Private,208915,9,Widowed,Other-relative,Asian-Pac-Islander,Female,52911,0,40,1
36964,23,Private,335439,8,Never-married,Not-in-family,White,Female,11453,1741,50,1
36965,23,Private,335439,13,Never-married,Not-in-family,White,Female,10861,1741,79,1
36966,39,Local-gov,236391,9,Married-civ-spouse,Unmarried,White,Male,0,0,50,0
36967,39,Local-gov,236391,9,Married-civ-spouse,Husband,White,Male,0,0,2,0
36968,47,Private,169324,4,Married-spouse-absent,Wife,Black,Female,0,0,35,0
36969,47,Private,169324,13,Divorced,Wife,Black,Female,0,225,35,0
36970,39,Federal-gov,175232,5,Married-civ-spouse,Husband,White,Male,1803,1977,60,0
36971,39,Federal-gov,175232,10,Married-spouse-absent,Husband,White,Male,0,575,60,0
36972,20,Private,180052,10,Never-married,Own-child,White,Male,85469,0,20,1
36973,20,Federal-gov,180052,10,Never-married,Own-child,White,Male,33566,0,20,1
36974,22,Private,284061,10,Never-married,Not-in-family,White,Male,18799,0,45,1
36975,25,Private,284061,10,Never-married,Not-in-family,White,Male,65159,0,45,1
36976,53,State-gov,50048,2,Married-civ-spouse,Husband,White,Male,3647,0,50,0
36977,53,State-gov,50048,1,Married-civ-spouse,Husband,White,Male,1528,0,50,0
36978,28,Local-gov,237466,10,Married-civ-spouse,Wife,White,Female,0,1641,30,0
36979,28,Self-emp-not-inc,237466,10,Separated,Wife,White,Male,0,0,30,0
36980,31,Private,236861,9,Married-civ-spouse,Husband,White,Male,93399,0,60,1
36981,74,Private,236861,16,Married-civ-spouse,Husband,White,Male,0,0,60,1
36982,33,Private,153588,9,Married-civ-spouse,Husband,White,Male,25641,0,40,1
36983,77,Private,153588,9,Married-civ-spouse,Husband,White,Male,0,0,40,1
36984,85,Private,199426,10,Never-married,Not-in-family,White,Female,99958,0,17,1
36985,22,Private,199426,10,Never-married,Other-relative,White,Female,25180,0,17,1
36986,57,Private,212041,9,Never-married,Not-in-family,White,Male,24194,0,50,1
36987,30,Private,212041,9,Never-married,Not-in-family,White,Male,0,2783,50,1
36988,36,Private,75073,10,Never-married,Not-in-family,Black,Male,91780,0,55,1
36989,36,Private,75073,10,Never-married,Not-in-family,Black,Male,92815,0,55,1
36990,60,Private,224644,6,Married-civ-spouse,Husband,Amer-Indian-Eskimo,Male,97757,0,40,1
36991,60,Private,224644,6,Married-civ-spouse,Unmarried,White,Male,60210,0,40,1
36992,18,Private,36251,6,Never-married,Own-child,White,Female,19529,0,15,1
36993,18,Private,36251,6,Never-married,Own-child,White,Female,83740,0,15,1
36994,18,State-gov,206139,13,Married-civ-spouse,Husband,White,Male,0,0,50,0
36995,43,State-gov,206139,13,Married-civ-spouse,Other-relative,White,Male,0,0,52,0
36996,38,State-gov,142282,13,Never-married,Not-in-family,White,Female,66921,1648,40,1
36997,38,State-gov,142282,15,Never-married,Not-in-family,White,Female,71610,0,40,1
36998,56,Private,101128,13,Married-spouse-absent,Not-in-family,White,Male,0,0,34,1
36999,56,Private,101128,12,Married-spouse-absent,Not-in-family,White,Male,93782,0,79,1
37000,47,Private,182177,10,Divorced,Unmarried,White,Female,60474,0,40,1
37001,47,Private,182177,10,Divorced,Unmarried,White,Female,43045,0,23,1
37002,32,Private,116055,8,Never-married,Unmarried,Black,Female,87334,0,35,1
37003,32,Private,116055,9,Never-married,Unmarried,Black,Female,39482,0,56,1
37004,33,Self-emp-not-inc,398874,13,Never-married,Own-child,Black,Male,90006,0,40,1
37005,33,Self-emp-not-inc,398874,13,Never-married,Own-child,White,Male,34736,0,9,1
37006,54,Private,38795,5,Separated,Unmarried,White,Male,26791,0,40,1
37007,54,Private,38795,5,Separated,Unmarried,Asian-Pac-Islander,Male,74949,0,40,1
37008,23,Private,125106,13,Never-married,Own-child,White,Female,0,3674,40,1
37009,23,Private,125106,13,Never-married,Own-child,White,Female,0,2653,40,1
37010,38,Private,481987,9,Married-civ-spouse,Husband,White,Male,0,297,40,0
37011,47,Private,481987,9,Married-civ-spouse,Husband,White,Female,0,0,67,0
37012,61,Private,175331,6,Married-civ-spouse,Husband,White,Male,0,1855,40,1
37013,61,Private,175331,1,Married-civ-spouse,Husband,White,Male,30122,0,40,1
37014,33,Private,156602,13,Never-married,Own-child,White,Male,41245,0,43,1
37015,33,Self-emp-not-inc,156602,13,Never-married,Own-child,White,Male,95006,0,43,1
37016,23,Private,408988,10,Never-married,Unmarried,White,Female,41956,0,38,1
37017,23,Private,408988,10,Married-civ-spouse,Unmarried,White,Female,37453,0,38,1
37018,35,Private,238342,13,Married-civ-spouse,Husband,White,Male,0,0,42,1
37019,35,Private,238342,9,Married-civ-spouse,Husband,White,Male,76104,2202,40,1
37020,32,Private,176185,9,Never-married,Wife,Asian-Pac-Islander,Male,4787,0,40,0
37021,71,Private,176185,9,Never-married,Not-in-family,White,Female,4787,0,40,0
37022,53,Local-gov,200190,14,Never-married,Husband,White,Male,0,582,55,0
37023,53,Local-gov,200190,5,Married-civ-spouse,Husband,White,Female,0,1977,55,0
37024,24,Private,179423,9,Never-married,Own-child,White,Female,35310,0,40,1
37025,24,Private,179423,9,Never-married,Own-child,White,Female,22689,0,40,1
37026,32,State-gov,72967,15,Married-civ-spouse,Husband,Asian-Pac-Islander,Male,0,0,25,0
37027,32,Private,72967,5,Married-civ-spouse,Husband,White,Male,0,1745,25,0
37028,42,Private,54611,10,Widowed,Not-in-family,White,Male,98355,0,40,1
37029,42,Self-emp-not-inc,54611,10,Divorced,Not-in-family,White,Male,67128,0,40,1
37030,27,Private,197918,7,Never-married,Unmarried,Other,Male,42624,0,47,1
37031,27,Private,197918,7,Never-married,Unmarried,Black,Male,91337,0,47,1
37032,32,Private,128002,11,Separated,Wife,White,Female,39153,0,45,1
37033,32,Private,128002,15,Widowed,Wife,White,Female,0,0,45,1
37034,64,Private,200517,9,Married-civ-spouse,Not-in-family,White,Male,96893,0,39,1
37035,64,Private,200517,9,Married-civ-spouse,Other-relative,White,Male,78438,0,39,1
37036,75,Self-emp-not-inc,106873,7,Widowed,Not-in-family,White,Male,38818,1280,40,1
37037,75,Self-emp-not-inc,106873,7,Widowed,Not-in-family,White,Male,47177,0,40,1
37038,70,Private,217718,3,Married-spouse-absent,Unmarried,Black,Female,18823,0,30,1
37039,54,Private,217718,3,Married-spouse-absent,Unmarried,Black,Female,61727,0,30,1
37040,44,Private,44006,4,Divorced,Not-in-family,White,Male,73179,0,40,1
37041,44,Private,44006,11,Married-civ-spouse,Not-in-family,White,Male,21352,0,40,1
37042,52,Private,89041,13,Married-spouse-absent,Not-in-family,White,Male,0,0,62,0
37043,52,Private,89041,13,Married-spouse-absent,Wife,White,Male,0,0,30,0
37044,23,Private,86065,8,Never-married,Not-in-family,White,Female,36220,0,30,1
37045,23,Private,86065,8,Never-married,Not-in-family,White,Female,83242,0,30,1
37046,52,Self-emp-not-inc,30008,14,Married-civ-spouse,Husband,White,Male,0,2815,45,1
37047,52,Self-emp-not-inc,30008,14,Married-civ-spouse,Wife,White,Female,0,0,45,1
37048,52,Private,194259,9,Divorced,Not-in-family,Amer-Indian-Eskimo,Female,93262,0,40,1
37049,52,Private,194259,9,Divorced,Not-in-family,White,Female,11523,0,29,1
37050,30,Private,245211,9,Married-civ-spouse,Husband,White,Male,48809,2002,43,1
37051,30,Private,245211,7,Married-civ-spouse,Husband,White,Male,40881,2002,43,1
37052,51,Private,70767,9,Married-civ-spouse,Other-relative,White,Female,90036,0,40,1
37053,51,Private,70767,9,Widowed,Other-relative,White,Female,10362,0,40,1
37054,33,Private,161745,11,Married-civ-spouse,Husband,White,Male,9622,0,45,1
37055,33,Private,161745,11,Married-civ-spouse,Husband,White,Male,93380,0,67,1
37056,51,Federal-gov,100653,9,Divorced,Not-in-family,White,Female,13106,1012,8,1
37057,51,Federal-gov,100653,9,Divorced,Wife,White,Female,80516,0,8,1
37058,65,State-gov,262664,9,Married-civ-spouse,Husband,White,Male,0,0,40,0
37059,25,State-gov,262664,13,Married-civ-spouse,Husband,White,Male,0,3296,3,0
37060,28,State-gov,225904,15,Never-married,Unmarried,White,Male,8670,0,40,1
37061,28,State-gov,225904,15,Never-married,Unmarried,White,Male,37938,0,40,1
37062,48,Federal-gov,55377,9,Married-civ-spouse,Husband,Black,Male,1692,0,3,0
37063,48,Federal-gov,55377,9,Married-civ-spouse,Husband,Black,Male,0,0,16,0
37064,32,Private,226267,10,Married-civ-spouse,Other-relative,White,Male,24381,0,40,1
37065,55,Private,226267,10,Married-civ-spouse,Husband,White,Male,0,469,40,1
37066,84,Private,161240,11,Married-civ-spouse,Husband,White,Male,64772,0,60,1
37067,43,Private,161240,11,Married-civ-spouse,Husband,White,Male,28555,2577,60,1
37068,31,Private,62165,9,Never-married,Own-child,Black,Male,13920,0,40,1
37069,31,Private,62165,9,Separated,Own-child,Black,Male,83753,0,40,1
37070,25,Private,358975,9,Never-married,Not-in-family,White,Female,44753,0,35,1
37071,25,Private,358975,9,Never-married,Not-in-family,White,Female,93319,0,35,1
37072,59,Self-emp-inc,435836,6,Never-married,Wife,White,Female,0,0,30,0
37073,59,Local-gov,435836,6,Married-civ-spouse,Own-child,White,Female,0,0,30,0
37074,22,Private,355686,10,Never-married,Husband,White,Female,37134,0,40,1
37075,22,Private,355686,10,Never-married,Not-in-family,White,Female,27154,1462,40,1
37076,56,Private,147202,10,Divorced,Not-in-family,White,Female,47981,221,45,1
37077,88,Private,147202,10,Divorced,Not-in-family,White,Female,20344,0,45,1
37078,31,Private,236599,13,Married-civ-spouse,Other-relative,White,Female,0,0,45,0
37079,31,Private,236599,13,Married-civ-spouse,Not-in-family,White,Male,0,0,54,0
37080,57,Private,250201,9,Widowed,Unmarried,White,Male,12285,0,50,1
37081,57,Private,250201,9,Widowed,Unmarried,Black,Male,29420,0,50,1
37082,48,Self-emp-not-inc,115971,2,Married-civ-spouse,Husband,White,Male,0,1110,50,1
37083,48,Self-emp-not-inc,115971,9,Married-civ-spouse,Husband,White,Male,0,3353,50,0
37084,23,State-gov,209744,9,Never-married,Not-in-family,White,Male,96739,1672,38,1
37085,23,State-gov,209744,6,Never-married,Not-in-family,White,Male,47741,0,38,1
37086,17,Self-emp-inc,174864,9,Married-civ-spouse,Husband,White,Male,0,1485,45,0
37087,59,Private,174864,9,Married-civ-spouse,Husband,White,Male,0,3228,45,0
37088,90,Self-emp-not-inc,202027,15,Married-civ-spouse,Husband,White,Male,0,0,45,0
37089,57,Private,202027,15,Married-civ-spouse,Husband,Asian-Pac-Islander,Male,0,0,45,0
37090,86,Private,83413,9,Never-married,Own-child,White,Male,72257,0,40,1
37091,31,Private,83413,9,Never-married,Own-child,Asian-Pac-Islander,Male,49532,0,40,1
37092,35,Private,38948,10,Married-civ-spouse,Not-in-family,Asian-Pac-Islander,Male,0,0,40,0
37093,57,Private,38948,10,Separated,Husband,White,Male,0,0,40,0
37094,21,Private,105803,9,Married-civ-spouse,Husband,Black,Male,3103,0,45,0
37095,39,Private,105803,9,Married-civ-spouse,Husband,Amer-Indian-Eskimo,Male,3103,0,45,0
37096,50,Self-emp-not-inc,36480,6,Divorced,Not-in-family,White,Male,61404,0,45,1
37097,50,Self-emp-not-inc,36480,6,Divorced,Not-in-family,White,Male,83677,0,51,1
37098,22,Private,134746,6,Married-civ-spouse,Wife,White,Female,11260,0,40,1
37099,22,Private,134746,10,Married-civ-spouse,Wife,White,Female,85658,0,40,1
37100,18,Private,199248,10,Married-civ-spouse,Wife,White,Female,64259,0,40,1
37101,34,Private,199248,10,Married-civ-spouse,Wife,White,Female,0,1199,40,1
37102,31,Private,169122,9,Divorced,Not-in-family,White,Male,79015,2077,28,1
37103,31,Private,169122,9,Divorced,Not-in-family,White,Male,65695,117,28,1
37104,50,Private,330142,10,Married-civ-spouse,Husband,Asian-Pac-Islander,Male,0,0,64,1
37105,50,Private,330142,10,Married-AF-spouse,Husband,White,Male,0,2401,44,1
37106,33,Private,118941,14,Divorced,Wife,White,Female,0,0,40,0
37107,33,Private,118941,9,Married-civ-spouse,Wife,Other,Female,0,0,25,0
37108,43,Private,168412,10,Married-civ-spouse,Other-relative,White,Female,26811,0,44,1
37109,43,Private,168412,14,Married-civ-spouse,Other-relative,White,Male,0,0,44,1
37110,41,Self-emp-not-inc,280005,10,Married-civ-spouse,Husband,White,Male,99061,0,39,1
37111,41,Self-emp-not-inc,280005,10,Married-civ-spouse,Husband,White,Male,73349,0,50,1
37112,31,State-gov,228446,10,Never-married,Not-in-family,White,Female,79603,0,40,1
37113,31,State-gov,228446,10,Never-married,Not-in-family,White,Male,9910,0,66,1
37114,23,Private,265148,13,Never-married,Other-relative,White,Male,8782,0,55,1
37115,23,Private,265148,13,Never-married,Other-relative,White,Male,44971,0,55,1
37116,48,Private,177775,9,Divorced,Not-in-family,White,Female,12781,0,1,1
37117,48,Private,177775,9,Divorced,Not-in-family,White,Female,81335,0,40,1
37118,43,Private,180138,9,Never-married,Husband,White,Male,0,3878,45,1
37119,43,Private,180138,9,Never-married,Not-in-family,White,Male,91142,0,45,1
37120,23,Private,176724,8,Married-civ-spouse,Husband,White,Male,64019,0,40,1
37121,53,Private,176724,11,Married-civ-spouse,Husband,White,Male,0,0,40,1
37122,57,Federal-gov,62020,15,Divorced,Not-in-family,Black,Male,0,1463,13,0
37123,57,Federal-gov,62020,7,Divorced,Not-in-family,Black,Male,0,0,55,0
37124,34,Private,96483,12,Never-married,Not-in-family,Asian-Pac-Islander,Female,4587,0,60,0
37125,34,State-gov,96483,12,Never-married,Not-in-family,Asian-Pac-Islander,Female,2901,0,60,0
37126,41,State-gov,29324,9,Divorced,Unmarried,White,Female,74134,0,45,1
37127,41,State-gov,29324,9,Divorced,Unmarried,White,Female,31101,0,45,1
37128,41,Self-emp-inc,49156,16,Married-civ-spouse,Husband,White,Male,0,0,40,1
37129,41,Private,49156,9,Married-civ-spouse,Husband,White,Male,38025,0,40,1
37130,45,Private,205100,13,Married-civ-spouse,Husband,White,Male,5064,0,60,0
37131,23,Private,205100,13,Married-civ-spouse,Husband,White,Male,860,0,60,0
