,age,job,marital,education,default,balance,housing,loan,contact,day,month,duration,campaign,pdays,previous,poutcome,y
5423,35,entrepreneur,married,secondary,no,313,yes,no,cellular,15,jul,1094,1,-1,0,unknown,1
5424,35,entrepreneur,married,secondary,yes,313,yes,no,cellular,15,jul,985,1,-1,0,unknown,1
5425,46,management,married,tertiary,no,1600,yes,yes,cellular,11,feb,177,1,-1,0,unknown,0
5426,46,management,married,tertiary,no,1600,yes,yes,cellular,11,aug,229,1,-1,0,unknown,0
5427,36,technician,married,tertiary,no,1354,no,no,cellular,18,sep,94,3,97,2,success,0
5428,36,unknown,married,tertiary,no,1354,no,no,cellular,7,sep,121,3,97,2,success,0
5429,35,technician,single,tertiary,no,52997,no,no,cellular,14,jan,187,7,-1,0,unknown,0
5430,35,technician,single,tertiary,no,2527,no,no,telephone,14,jan,187,7,-1,0,unknown,0
5431,41,management,married,primary,no,2453,yes,no,unknown,15,may,1052,12,-1,0,unknown,0
5432,41,blue-collar,married,primary,no,2453,yes,no,unknown,15,may,243,7,-1,0,unknown,0
5433,45,technician,divorced,primary,no,2657,yes,no,cellular,7,aug,895,3,-1,0,unknown,0
5434,49,technician,divorced,secondary,no,2657,no,no,cellular,7,aug,551,3,-1,0,unknown,0
5435,90,blue-collar,single,primary,no,52,yes,no,unknown,24,jun,528,2,-1,2,unknown,0
5436,25,blue-collar,single,unknown,no,52,yes,no,unknown,24,jun,528,11,-1,0,unknown,0
5437,35,unemployed,single,tertiary,no,415,no,no,cellular,4,aug,28,1,92,4,success,0
5438,35,unemployed,single,tertiary,no,415,no,no,unknown,4,aug,462,1,92,4,unknown,0
5439,31,management,divorced,tertiary,no,254,no,no,cellular,4,aug,257,8,-1,0,unknown,0
5440,62,management,divorced,tertiary,no,254,no,no,cellular,18,aug,1576,8,-1,3,unknown,0
5441,41,entrepreneur,married,secondary,no,51310,no,no,unknown,18,jun,707,1,-1,0,unknown,0
5442,41,entrepreneur,married,secondary,no,707,no,no,unknown,18,jun,74,1,-1,4,unknown,0
5443,37,management,single,tertiary,yes,3141,no,no,cellular,4,may,192,2,-1,0,unknown,0
5444,37,management,divorced,tertiary,no,4133,no,no,cellular,4,may,384,2,-1,0,unknown,0
5445,47,technician,single,secondary,no,1101,yes,no,cellular,23,jul,293,3,-1,0,unknown,0
5446,47,technician,single,secondary,no,77038,yes,no,cellular,23,jul,266,3,-1,0,unknown,0
5447,37,technician,single,tertiary,no,3943,yes,no,cellular,6,nov,1138,2,138,1,failure,0
5448,37,blue-collar,single,tertiary,no,3943,no,yes,cellular,6,apr,1138,2,138,1,failure,0
5449,59,management,divorced,tertiary,no,258,yes,no,telephone,29,feb,349,1,-1,0,unknown,0
5450,59,management,single,tertiary,no,258,yes,no,telephone,29,oct,266,3,-1,0,unknown,0
5451,54,retired,married,secondary,no,1807,no,no,telephone,20,oct,373,1,-1,0,unknown,0
5452,77,retired,married,unknown,no,49621,no,no,telephone,20,oct,233,1,-1,0,unknown,0
5453,37,management,married,secondary,no,5447,no,yes,cellular,17,nov,1789,1,-1,1,unknown,0
5454,37,self-employed,married,tertiary,no,5447,yes,yes,cellular,17,nov,1789,1,-1,0,unknown,0
5455,37,services,married,tertiary,no,2987,yes,no,cellular,31,feb,93,1,91,9,failure,0
5456,37,management,married,tertiary,no,2987,yes,no,cellular,15,feb,93,5,414,9,failure,0
5457,90,retired,divorced,secondary,no,1,no,yes,cellular,13,feb,1269,3,-1,0,unknown,0
5458,76,retired,divorced,secondary,no,1,no,no,cellular,13,feb,152,3,-1,0,failure,0
5459,36,management,single,tertiary,no,7506,yes,no,cellular,6,may,210,2,356,1,success,0
5460,36,management,married,tertiary,no,7506,yes,no,cellular,6,may,311,2,188,1,success,0
5461,53,management,married,tertiary,no,349,no,no,cellular,7,aug,725,2,-1,0,unknown,1
5462,53,management,married,tertiary,yes,349,no,no,cellular,7,aug,1164,2,-1,0,unknown,1
5463,51,services,married,secondary,yes,7180,yes,no,unknown,14,may,927,1,-1,0,unknown,0
5464,51,entrepreneur,married,secondary,no,7180,yes,no,unknown,14,may,927,1,-1,9,unknown,0
5465,57,management,married,tertiary,no,78103,no,no,cellular,14,sep,358,2,-1,0,unknown,0
5466,58,management,single,tertiary,no,0,no,no,cellular,14,sep,358,1,-1,0,unknown,0
5467,34,technician,married,tertiary,no,23076,no,no,cellular,26,may,165,2,35,6,other,0
5468,34,technician,married,tertiary,no,23076,no,no,cellular,26,may,118,2,35,6,other,0
5469,30,blue-collar,married,primary,no,1262,yes,yes,unknown,13,may,1015,11,-1,0,unknown,0
5470,60,blue-collar,married,primary,no,1262,yes,yes,unknown,13,may,701,1,-1,0,unknown,0
5471,36,admin.,single,tertiary,no,60200,no,no,cellular,4,may,322,11,-1,0,unknown,0
5472,36,admin.,married,tertiary,no,3221,no,no,cellular,4,may,322,11,243,9,unknown,0
5473,32,technician,single,tertiary,no,550,no,no,cellular,19,oct,337,9,-1,0,unknown,0
5474,38,technician,single,tertiary,no,550,no,no,cellular,19,nov,337,1,-1,0,failure,0
5475,56,blue-collar,divorced,primary,no,-9,no,yes,cellular,8,oct,728,1,-1,0,unknown,0
5476,56,blue-collar,divorced,primary,no,-9,yes,yes,cellular,8,may,209,1,-1,0,other,0
5477,23,blue-collar,divorced,secondary,no,40536,no,no,cellular,14,aug,100,2,-1,0,unknown,0
5478,23,blue-collar,married,secondary,no,68352,no,no,cellular,14,aug,100,2,-1,0,failure,0
5479,49,housemaid,married,primary,no,278,yes,no,telephone,15,jul,1103,6,-1,0,unknown,1
5480,49,housemaid,married,primary,no,278,yes,no,telephone,15,jul,2372,6,-1,0,unknown,1
5481,31,management,married,tertiary,no,0,yes,no,telephone,28,jul,664,8,-1,0,unknown,0
5482,31,management,married,tertiary,no,38756,yes,yes,cellular,28,jul,664,8,-1,0,unknown,0
5483,61,management,married,tertiary,no,61166,no,no,cellular,10,mar,106,25,-1,0,unknown,0
5484,61,management,married,tertiary,no,9110,no,no,unknown,10,mar,106,1,-1,0,unknown,0
5485,19,student,divorced,primary,no,134,no,yes,cellular,27,mar,271,2,-1,0,unknown,0
5486,51,student,single,primary,no,134,no,no,unknown,27,mar,271,2,-1,0,unknown,0
5487,38,admin.,single,secondary,no,3239,no,no,unknown,5,jun,350,5,-1,0,unknown,0
5488,71,admin.,single,secondary,no,9793,no,no,unknown,5,jun,817,2,-1,0,unknown,0
5489,30,entrepreneur,single,tertiary,no,536,no,no,cellular,2,jul,195,1,-1,0,unknown,0
5490,30,entrepreneur,single,tertiary,no,536,no,no,cellular,2,jul,309,23,-1,0,unknown,0
5491,60,admin.,married,secondary,no,106,no,no,cellular,21,aug,216,3,204,1,other,0
5492,60,admin.,married,secondary,no,106,no,no,unknown,21,aug,216,10,91,1,success,0
5493,56,blue-collar,married,primary,no,8163,no,yes,cellular,14,aug,220,4,-1,0,unknown,0
5494,56,blue-collar,married,primary,no,8163,no,no,unknown,14,aug,1231,4,-1,0,unknown,0
5495,37,admin.,divorced,secondary,no,15169,yes,no,cellular,21,nov,555,4,-1,9,unknown,0
5496,37,unknown,divorced,secondary,no,465,yes,no,cellular,21,nov,555,4,-1,0,unknown,0
5497,34,blue-collar,single,primary,no,855,yes,no,cellular,16,jul,578,13,-1,0,unknown,0
5498,34,entrepreneur,single,secondary,no,855,yes,no,cellular,16,jul,571,1,-1,0,unknown,0
5499,50,management,married,tertiary,no,414,yes,no,cellular,3,apr,153,10,302,3,failure,0
5500,50,management,married,unknown,no,414,yes,no,cellular,3,apr,707,3,302,3,failure,0
5501,35,unemployed,divorced,primary,no,118,no,no,unknown,20,jun,1490,4,187,0,unknown,1
5502,35,unemployed,divorced,primary,no,118,no,no,unknown,20,jun,1242,4,-1,0,unknown,1
5503,26,blue-collar,single,secondary,yes,494,no,no,cellular,2,feb,1353,1,-1,0,unknown,1
5504,26,blue-collar,single,secondary,no,494,no,no,cellular,2,mar,237,22,-1,0,unknown,1
5505,37,housemaid,married,unknown,no,7433,no,yes,cellular,5,feb,630,3,-1,3,unknown,0
5506,37,housemaid,married,secondary,no,7433,no,yes,cellular,5,feb,606,3,-1,0,unknown,0
5507,57,unknown,married,secondary,no,169,no,no,cellular,3,feb,369,1,-1,0,other,0
5508,57,retired,single,secondary,no,169,no,no,cellular,3,feb,369,1,-1,0,unknown,0
5509,30,management,married,tertiary,no,8089,yes,no,cellular,18,mar,544,6,294,2,failure,0
5510,30,management,married,tertiary,no,8089,yes,yes,cellular,18,mar,232,2,294,0,failure,0
5511,80,services,single,unknown,no,0,yes,no,cellular,15,may,1002,4,-1,0,unknown,0
5512,65,services,single,secondary,no,0,yes,no,cellular,15,may,1002,4,-1,5,unknown,0
5513,55,technician,divorced,tertiary,no,78224,no,no,cellular,18,aug,237,1,-1,0,unknown,0
5514,55,technician,divorced,tertiary,no,0,no,no,cellular,18,aug,237,12,-1,0,unknown,0
5515,37,services,married,secondary,no,0,yes,no,cellular,22,oct,272,1,-1,0,unknown,1
5516,37,services,married,secondary,no,0,yes,no,cellular,22,jul,1231,1,-1,0,unknown,1
5517,32,technician,single,secondary,no,58824,yes,no,unknown,3,jun,955,3,-1,0,unknown,0
5518,32,technician,single,secondary,no,1279,yes,no,unknown,3,jun,695,3,-1,0,unknown,0
5519,25,admin.,married,unknown,no,349,yes,no,unknown,22,jul,1037,8,-1,0,unknown,0
5520,25,admin.,married,unknown,no,349,yes,no,cellular,22,jul,618,8,-1,0,unknown,0
5521,48,management,married,tertiary,no,1949,yes,no,unknown,13,may,683,2,374,0,unknown,0
5522,48,management,married,tertiary,no,1949,yes,no,unknown,13,may,376,2,374,0,unknown,0
5523,42,blue-collar,married,primary,no,48111,yes,no,cellular,11,aug,88,1,103,3,success,0
5524,42,blue-collar,married,primary,no,201,yes,no,cellular,11,aug,265,1,107,3,failure,0
5525,43,blue-collar,married,secondary,no,2160,no,no,cellular,8,feb,261,1,98,1,unknown,0
5526,43,blue-collar,married,secondary,no,2160,no,yes,cellular,8,sep,261,1,98,1,unknown,0
5527,46,self-employed,single,tertiary,no,526,no,no,cellular,30,apr,81,1,87,2,other,0
5528,46,self-employed,single,secondary,no,526,no,no,cellular,30,apr,86,1,87,2,other,0
5529,42,management,single,tertiary,no,1275,yes,yes,cellular,21,nov,925,5,150,0,unknown,0
5530,42,management,married,tertiary,no,1275,yes,yes,cellular,21,nov,389,5,-1,0,unknown,0
5531,36,management,single,tertiary,no,30421,yes,yes,unknown,30,may,917,1,-1,0,unknown,0
5532,36,management,single,tertiary,no,7606,yes,no,unknown,30,may,574,1,-1,0,unknown,0
5533,69,technician,married,secondary,no,1167,yes,no,cellular,30,apr,968,11,87,5,failure,0
5534,47,technician,married,secondary,no,1167,yes,no,unknown,30,apr,211,1,87,5,failure,0
5535,57,services,married,primary,no,74381,no,yes,cellular,5,feb,620,1,196,1,success,1
5536,57,services,married,primary,no,-319,no,no,cellular,5,feb,620,1,412,1,other,1
5537,31,housemaid,divorced,secondary,no,0,no,no,telephone,13,nov,160,1,-1,0,unknown,0
5538,31,self-employed,single,secondary,no,0,yes,no,telephone,13,nov,160,1,-1,0,unknown,0
5539,36,entrepreneur,married,tertiary,no,341,yes,no,cellular,13,aug,282,1,-1,0,unknown,0
5540,36,technician,married,tertiary,no,55969,no,no,cellular,13,aug,282,1,-1,0,unknown,0
5541,76,retired,married,tertiary,no,2991,no,no,cellular,22,jun,344,22,183,1,success,0
5542,76,retired,married,tertiary,no,2991,no,no,cellular,8,oct,344,1,183,1,failure,0
5543,54,technician,married,secondary,yes,26836,no,no,telephone,5,feb,744,3,-1,0,unknown,0
5544,27,technician,single,secondary,no,0,no,no,telephone,5,feb,744,3,-1,0,unknown,0
5545,55,admin.,divorced,secondary,no,8304,no,no,telephone,1,jun,201,1,-1,0,unknown,0
5546,55,admin.,married,secondary,no,8304,no,no,cellular,15,sep,201,1,-1,0,unknown,0
5547,26,technician,single,secondary,no,354,no,no,cellular,16,jan,276,1,-1,0,unknown,0
5548,26,technician,single,secondary,no,354,no,no,cellular,16,jul,276,1,-1,0,unknown,0
5549,39,technician,married,secondary,no,4101,yes,no,cellular,18,feb,146,15,264,1,other,0
5550,39,technician,married,secondary,no,4101,yes,no,cellular,24,feb,146,2,204,1,other,0
5551,31,services,divorced,primary,no,459,yes,no,cellular,7,may,187,1,293,1,success,0
5552,31,services,divorced,primary,no,459,yes,no,cellular,7,may,623,1,1,1,failure,0
5553,48,management,married,tertiary,no,2960,no,no,unknown,5,jun,1190,1,-1,0,other,1
5554,48,management,married,tertiary,no,2960,no,no,telephone,5,jun,844,1,-1,0,unknown,1
5555,68,blue-collar,married,secondary,no,4438,yes,no,unknown,20,may,446,1,-1,0,unknown,0
5556,36,blue-collar,married,secondary,no,4438,yes,no,unknown,20,jan,446,1,-1,0,unknown,0
5557,32,admin.,single,secondary,no,61940,yes,yes,unknown,7,may,732,2,-1,0,unknown,0
5558,37,admin.,single,secondary,no,245,yes,yes,unknown,7,may,32,2,200,0,unknown,0
5559,35,blue-collar,married,secondary,no,5639,yes,no,cellular,20,nov,945,25,-1,0,success,0
5560,35,blue-collar,married,secondary,no,5639,yes,no,cellular,20,nov,330,2,-1,0,unknown,0
5561,30,management,single,tertiary,no,35270,no,no,cellular,18,aug,266,8,-1,0,unknown,0
5562,30,blue-collar,single,tertiary,no,1541,no,no,cellular,18,aug,471,22,-1,0,unknown,0
5563,54,unemployed,divorced,secondary,no,550,no,no,cellular,28,jan,872,1,-1,0,unknown,1
5564,54,unemployed,divorced,tertiary,no,550,no,no,cellular,28,jan,1074,1,-1,0,unknown,1
5565,64,housemaid,married,unknown,no,2645,no,no,telephone,8,aug,219,2,-1,0,unknown,0
5566,64,self-employed,divorced,unknown,no,2645,no,no,telephone,3,feb,219,2,-1,0,unknown,0
5567,30,admin.,divorced,secondary,no,30127,yes,no,unknown,4,jun,524,6,-1,0,unknown,0
5568,30,admin.,single,secondary,no,377,yes,no,unknown,4,jun,524,15,-1,1,unknown,0
5569,46,admin.,married,secondary,no,974,no,no,telephone,23,mar,178,1,-1,0,unknown,0
5570,23,admin.,married,secondary,no,974,no,no,telephone,17,mar,178,1,-1,0,unknown,0
5571,26,admin.,single,tertiary,no,2532,yes,yes,cellular,18,jun,269,1,-1,0,unknown,0
5572,26,admin.,single,unknown,no,2532,yes,yes,cellular,18,feb,269,1,184,0,unknown,0
5573,31,blue-collar,married,primary,no,-464,yes,yes,cellular,12,may,926,4,-1,0,unknown,1
5574,31,blue-collar,divorced,primary,no,-464,yes,yes,unknown,12,may,908,4,-1,0,unknown,1
5575,44,blue-collar,married,unknown,no,146,yes,no,unknown,15,may,965,1,-1,0,unknown,0
5576,44,blue-collar,married,unknown,no,30976,yes,no,unknown,15,may,483,1,-1,0,unknown,0
5577,38,housemaid,married,secondary,no,0,no,no,cellular,22,jul,1545,1,-1,0,unknown,0
5578,38,technician,married,secondary,no,0,yes,no,cellular,22,jul,132,1,-1,0,unknown,0
5579,26,admin.,single,secondary,yes,-930,yes,no,cellular,14,may,351,1,-1,0,unknown,0
5580,46,admin.,single,secondary,yes,-930,yes,no,unknown,14,may,786,1,-1,0,unknown,0
5581,21,student,single,secondary,no,2488,no,no,cellular,17,jun,258,6,169,3,failure,0
5582,21,student,single,secondary,no,2488,no,no,cellular,30,jun,56,6,169,3,success,0
5583,41,blue-collar,single,secondary,yes,-386,no,yes,cellular,20,nov,1541,2,-1,0,unknown,0
5584,41,blue-collar,single,secondary,yes,-386,no,yes,cellular,23,nov,477,15,-1,0,unknown,0
5585,32,technician,single,tertiary,no,6281,yes,no,unknown,3,jun,103,4,-1,0,unknown,0
5586,32,technician,single,tertiary,no,6281,yes,no,unknown,3,jun,672,4,-1,0,unknown,0
5587,53,management,married,primary,no,1777,yes,no,cellular,21,nov,796,5,154,1,failure,0
5588,31,blue-collar,married,secondary,no,1777,yes,no,cellular,15,nov,796,5,154,1,failure,0
5589,44,retired,married,tertiary,no,899,yes,no,unknown,12,nov,114,1,170,3,failure,0
5590,34,entrepreneur,married,tertiary,no,899,yes,no,unknown,12,nov,114,1,273,3,failure,0
5591,59,management,married,tertiary,no,-162,no,yes,cellular,18,mar,467,2,188,6,other,0
5592,59,management,married,tertiary,no,63095,no,no,cellular,18,mar,467,2,188,6,failure,0
5593,33,blue-collar,single,primary,no,611,no,no,telephone,16,sep,390,6,290,0,unknown,0
5594,66,blue-collar,single,primary,no,611,no,no,telephone,16,sep,390,12,-1,0,unknown,0
5595,35,blue-collar,married,secondary,no,55263,no,no,cellular,15,sep,331,1,75,7,failure,0
5596,35,blue-collar,married,secondary,no,262,no,no,cellular,15,sep,147,1,162,6,failure,0
5597,40,management,single,tertiary,no,27,no,no,cellular,27,aug,696,6,-1,0,unknown,1
5598,40,management,single,tertiary,no,1996,no,no,cellular,27,aug,1151,6,-1,0,unknown,1
5599,65,unemployed,married,secondary,no,3195,no,yes,telephone,2,feb,904,1,-1,0,unknown,0
5600,65,unemployed,divorced,secondary,no,3195,no,no,telephone,2,mar,195,1,-1,0,unknown,0
5601,42,unemployed,married,tertiary,no,576,no,no,cellular,27,jul,156,1,-1,5,unknown,0
5602,42,student,married,tertiary,no,576,no,no,cellular,27,feb,156,1,-1,5,unknown,0
5603,46,technician,married,secondary,no,9299,no,no,cellular,19,jul,164,1,276,10,other,0
5604,25,technician,married,secondary,no,9299,no,no,cellular,19,jul,105,1,276,2,other,0
5605,32,technician,single,tertiary,no,705,yes,no,cellular,7,may,414,2,35,4,failure,0
5606,32,technician,single,tertiary,no,705,yes,no,cellular,25,aug,422,2,35,4,failure,0
5607,59,management,single,tertiary,no,1,yes,yes,cellular,29,apr,210,1,-1,0,unknown,0
5608,59,student,married,tertiary,no,1,yes,no,cellular,29,apr,210,1,195,0,unknown,0
5609,29,unemployed,single,tertiary,no,1311,no,no,unknown,28,aug,622,1,-1,0,unknown,0
5610,29,unemployed,single,tertiary,no,1311,no,no,unknown,28,aug,622,5,-1,0,unknown,0
5611,84,self-employed,divorced,tertiary,no,5350,yes,yes,cellular,31,jul,612,4,-1,0,unknown,0
5612,51,self-employed,married,tertiary,no,30281,yes,yes,cellular,31,jul,121,4,-1,0,unknown,0
5613,84,retired,married,secondary,no,81204,no,yes,unknown,28,dec,679,1,313,2,other,0
5614,84,retired,married,secondary,no,81204,no,no,telephone,28,dec,128,1,313,2,other,0
5615,59,retired,married,secondary,no,3588,yes,no,cellular,10,dec,429,1,-1,0,unknown,0
5616,69,retired,married,secondary,no,30143,yes,no,cellular,10,dec,82,1,-1,0,unknown,0
5617,47,management,married,tertiary,no,3663,yes,no,cellular,29,oct,424,2,213,3,other,0
5618,47,management,married,tertiary,no,61020,no,no,cellular,29,oct,424,2,213,3,failure,0
5619,30,services,single,tertiary,no,-477,no,yes,cellular,21,aug,372,2,-1,0,success,0
5620,30,services,single,tertiary,no,-477,no,no,cellular,21,aug,524,2,-1,0,unknown,0
5621,36,student,single,unknown,no,417,no,no,cellular,10,aug,304,1,181,13,failure,0
5622,35,student,single,unknown,no,417,no,no,cellular,10,aug,304,1,181,1,unknown,0
5623,29,services,married,secondary,no,1135,yes,no,cellular,17,jul,323,1,-1,13,unknown,0
5624,29,services,married,secondary,no,1135,yes,no,cellular,8,feb,323,1,-1,0,unknown,0
5625,44,technician,married,secondary,no,2776,yes,no,cellular,27,jan,460,1,-1,0,unknown,0
5626,44,technician,married,secondary,no,2776,yes,no,cellular,4,jan,701,1,854,0,unknown,0
5627,44,management,married,tertiary,no,2383,no,no,cellular,23,jul,571,2,-1,6,unknown,0
5628,90,management,married,unknown,no,2383,no,no,cellular,1,jul,571,2,-1,0,unknown,0
5629,30,housemaid,single,tertiary,no,302,no,no,cellular,11,jul,528,3,-1,0,unknown,0
5630,30,unemployed,single,tertiary,no,302,no,no,cellular,28,feb,528,3,-1,0,unknown,0
5631,61,retired,divorced,secondary,no,927,no,no,cellular,22,dec,427,3,-1,0,unknown,0
5632,48,retired,divorced,primary,no,927,no,no,cellular,30,apr,427,3,-1,0,unknown,0
5633,35,blue-collar,married,primary,no,102,yes,no,unknown,20,may,646,1,-1,0,success,0
5634,35,blue-collar,married,primary,no,102,yes,no,unknown,20,may,788,13,-1,0,unknown,0
5635,62,services,married,secondary,no,2416,yes,no,cellular,16,apr,264,1,-1,0,unknown,0
5636,49,services,married,secondary,no,2416,yes,no,cellular,16,apr,56,1,-1,0,unknown,0
5637,60,unemployed,married,secondary,no,1047,no,no,cellular,27,may,173,3,279,9,failure,0
5638,60,unemployed,married,secondary,no,-1069,no,no,cellular,27,may,173,9,279,4,success,0
5639,34,retired,married,tertiary,no,746,no,no,cellular,25,aug,372,5,-1,0,unknown,0
5640,51,retired,married,tertiary,no,746,no,no,unknown,25,aug,372,5,-1,17,unknown,0
5641,36,admin.,divorced,secondary,no,4708,yes,no,cellular,3,dec,284,1,171,1,failure,0
5642,36,blue-collar,divorced,secondary,no,4708,no,no,cellular,3,dec,284,1,171,1,failure,0
5643,25,housemaid,single,secondary,no,61143,yes,no,unknown,19,jun,958,7,-1,0,unknown,0
5644,25,blue-collar,single,unknown,no,-191,yes,no,cellular,19,jun,958,7,-1,0,unknown,0
5645,35,admin.,divorced,secondary,no,362,no,no,cellular,13,aug,529,9,-1,0,unknown,0
5646,48,admin.,divorced,secondary,no,362,no,no,cellular,29,aug,529,1,-1,12,unknown,0
5647,41,self-employed,single,tertiary,no,-94,yes,no,cellular,4,feb,262,1,203,1,failure,0
5648,41,self-employed,single,primary,no,-94,yes,no,cellular,4,feb,1164,1,203,1,success,0
5649,50,blue-collar,married,secondary,no,253,yes,yes,cellular,5,may,2769,1,-1,0,unknown,0
5650,50,blue-collar,married,secondary,no,253,yes,yes,cellular,5,may,475,2,-1,12,success,1
5651,38,admin.,married,secondary,no,47,yes,no,cellular,4,may,288,5,234,13,unknown,0
5652,38,admin.,married,secondary,no,73639,yes,no,cellular,28,may,288,5,-1,0,unknown,0
5653,58,housemaid,married,tertiary,no,58189,no,no,cellular,5,feb,344,5,-1,0,unknown,0
5654,28,management,married,tertiary,no,3342,no,no,cellular,5,feb,344,5,-1,0,unknown,0
5655,40,management,married,tertiary,no,66,no,no,cellular,13,aug,953,10,-1,0,unknown,0
5656,40,management,married,tertiary,no,66,no,no,cellular,6,aug,234,4,-1,0,unknown,0
5657,44,management,married,tertiary,no,24382,no,no,cellular,25,jan,630,7,-1,0,unknown,0
5658,44,management,married,tertiary,no,23291,no,no,unknown,25,aug,630,7,-1,0,unknown,0
5659,55,technician,married,tertiary,no,264,yes,yes,cellular,1,jul,1150,5,-1,0,unknown,0
5660,55,technician,married,secondary,no,264,yes,yes,cellular,31,jul,496,5,-1,0,unknown,0
5661,32,self-employed,single,tertiary,no,1249,yes,no,cellular,19,oct,472,1,-1,5,unknown,0
5662,40,self-employed,single,primary,no,1249,yes,no,cellular,19,nov,472,1,-1,0,unknown,0
5663,37,management,single,primary,no,102,yes,no,cellular,6,may,445,1,258,2,other,0
5664,37,management,single,tertiary,no,102,yes,no,cellular,6,may,328,1,258,2,failure,0
5665,28,management,married,tertiary,no,3796,no,no,cellular,8,jul,315,2,-1,0,unknown,0
5666,81,management,single,tertiary,no,3796,no,no,cellular,8,jul,315,2,-1,0,unknown,0
5667,46,blue-collar,single,secondary,no,456,no,yes,cellular,18,aug,618,22,-1,0,unknown,0
5668,46,blue-collar,married,secondary,no,456,no,yes,cellular,18,aug,371,6,-1,17,unknown,0
5669,31,management,married,tertiary,no,141,yes,no,cellular,27,feb,116,2,238,7,other,0
5670,31,management,single,tertiary,no,141,yes,no,cellular,31,feb,572,2,238,7,other,0
5671,51,blue-collar,married,secondary,no,1414,yes,no,unknown,15,may,893,2,-1,0,unknown,1
5672,51,blue-collar,married,secondary,no,1414,yes,no,unknown,15,may,1584,2,350,0,unknown,1
5673,40,blue-collar,married,secondary,no,1808,yes,no,cellular,12,may,139,1,-1,0,unknown,0
5674,40,blue-collar,married,secondary,no,1808,yes,no,cellular,12,may,560,1,286,0,unknown,0
5675,43,management,married,tertiary,no,5853,no,no,unknown,15,may,1224,2,-1,0,unknown,0
5676,29,management,single,tertiary,no,10576,no,no,unknown,15,may,474,2,-1,0,unknown,0
5677,77,technician,single,secondary,no,98,no,no,cellular,30,jan,771,6,-1,0,unknown,0
5678,36,technician,single,primary,no,98,no,no,cellular,30,aug,771,1,-1,0,unknown,0
5679,46,technician,married,secondary,no,3,yes,yes,cellular,1,sep,614,3,-1,0,unknown,0
5680,46,technician,married,secondary,no,3,yes,yes,cellular,12,may,135,20,-1,0,unknown,0
5681,32,services,divorced,secondary,no,859,yes,no,unknown,9,aug,1363,1,-1,0,unknown,1
5682,32,services,married,secondary,no,859,yes,no,unknown,9,aug,1720,1,-1,0,unknown,1
5683,31,technician,single,tertiary,no,74450,yes,no,unknown,23,may,806,7,-1,0,unknown,1
5684,31,technician,single,tertiary,no,426,yes,no,unknown,25,may,766,7,-1,0,unknown,1
5685,31,self-employed,single,tertiary,no,1815,no,no,telephone,9,feb,153,1,-1,0,unknown,0
5686,31,self-employed,single,tertiary,no,1815,no,no,telephone,9,feb,319,1,-1,0,unknown,0
5687,68,retired,married,unknown,no,1146,no,no,cellular,3,mar,153,2,110,3,failure,0
5688,80,retired,married,secondary,no,1146,no,no,cellular,3,mar,153,2,110,3,failure,0
5689,52,student,married,secondary,no,94,no,no,cellular,10,feb,153,1,92,13,failure,0
5690,52,unemployed,married,secondary,no,94,yes,no,cellular,10,feb,153,1,92,13,other,0
5691,31,management,married,tertiary,yes,325,yes,no,cellular,18,jul,139,2,-1,0,unknown,0
5692,31,management,married,tertiary,no,325,yes,no,unknown,18,jul,1139,2,-1,0,other,0
5693,24,student,single,secondary,no,382,no,no,unknown,19,apr,567,2,-1,0,unknown,0
5694,24,student,single,secondary,no,382,no,no,cellular,30,apr,91,2,-1,0,unknown,0
5695,60,blue-collar,married,primary,no,5,no,no,cellular,29,jan,696,1,92,1,unknown,0
5696,60,blue-collar,married,primary,no,5,yes,no,cellular,29,jan,533,1,367,1,success,0
5697,48,unemployed,married,secondary,no,817,no,no,cellular,16,jul,223,3,183,5,unknown,0
5698,48,unemployed,married,secondary,no,817,no,no,cellular,19,jul,131,3,183,5,success,0
5699,38,admin.,married,tertiary,no,1767,yes,no,cellular,9,jul,483,4,239,7,other,0
5700,38,admin.,married,secondary,no,59079,yes,no,cellular,9,jul,483,4,239,7,unknown,0
5701,32,self-employed,divorced,tertiary,yes,3271,no,no,cellular,4,may,533,3,-1,0,unknown,0
5702,32,self-employed,divorced,tertiary,no,44028,yes,no,cellular,4,may,949,3,-1,0,unknown,0
5703,55,management,married,primary,no,2587,no,no,cellular,4,apr,328,2,94,2,unknown,0
5704,55,management,married,primary,no,2587,no,no,cellular,4,sep,41,2,275,2,success,0
5705,78,retired,married,unknown,no,3208,no,no,telephone,20,may,30,3,-1,0,unknown,0
5706,78,retired,married,unknown,no,3208,no,no,telephone,20,nov,156,3,-1,0,unknown,0
5707,31,management,single,tertiary,no,924,no,no,cellular,5,may,124,2,98,1,success,0
5708,31,management,single,tertiary,no,924,no,no,cellular,5,jun,207,2,87,1,unknown,0
5709,38,blue-collar,married,primary,no,10443,no,no,cellular,19,nov,990,1,-1,0,success,1
5710,38,student,married,primary,no,10443,no,no,cellular,19,nov,1697,1,-1,0,unknown,0
5711,43,management,married,tertiary,no,1791,no,no,cellular,5,feb,254,1,-1,0,unknown,0
5712,43,management,married,tertiary,no,1791,no,no,telephone,5,aug,254,1,292,0,unknown,0
5713,57,management,married,tertiary,no,54552,no,no,unknown,16,oct,115,1,185,2,failure,0
5714,57,management,married,tertiary,no,69555,no,no,cellular,16,oct,115,25,185,2,failure,0
5715,37,management,married,tertiary,no,238,no,no,telephone,3,feb,185,1,310,1,success,0
5716,47,management,married,tertiary,no,238,no,no,cellular,3,feb,185,1,92,1,failure,0
5717,35,unemployed,single,tertiary,no,2707,yes,no,cellular,5,feb,699,1,-1,0,unknown,0
5718,61,management,single,tertiary,no,2707,no,no,cellular,5,oct,699,1,-1,0,unknown,0
5719,58,admin.,married,secondary,no,1314,yes,no,cellular,12,feb,118,4,210,3,failure,0
5720,37,admin.,divorced,secondary,no,1314,yes,no,cellular,12,feb,118,4,210,3,failure,0
5721,35,admin.,divorced,secondary,no,70228,no,no,cellular,15,may,270,1,312,3,failure,0
5722,35,admin.,divorced,secondary,no,534,no,no,cellular,15,may,480,1,312,4,failure,0
5723,30,technician,married,tertiary,no,541,yes,no,unknown,26,may,414,7,-1,13,unknown,0
5724,30,technician,married,tertiary,no,35683,yes,no,unknown,26,may,414,2,-1,14,unknown,0
5725,46,management,married,tertiary,yes,14481,yes,no,unknown,30,may,1269,1,-1,0,unknown,0
5726,30,management,divorced,tertiary,no,14481,yes,no,unknown,30,may,257,1,-1,0,unknown,0
5727,34,blue-collar,married,primary,no,41286,yes,no,cellular,18,may,1057,6,355,17,other,0
5728,34,blue-collar,married,primary,no,35627,yes,no,cellular,18,may,502,6,355,1,other,0
5729,38,unknown,single,tertiary,no,0,no,no,cellular,11,jan,136,3,95,3,success,0
5730,38,technician,single,tertiary,no,0,no,no,cellular,11,sep,42,3,95,3,success,0
5731,26,technician,married,tertiary,no,-67,yes,no,cellular,23,may,637,1,-1,0,unknown,0
5732,26,technician,married,tertiary,no,-67,yes,no,cellular,31,may,637,1,-1,0,unknown,0
5733,31,blue-collar,married,secondary,no,0,yes,no,unknown,4,sep,97,1,782,1,other,0
5734,31,blue-collar,married,secondary,no,0,no,no,unknown,10,aug,97,1,98,1,other,0
5735,33,technician,married,secondary,yes,557,no,no,cellular,4,may,367,12,-1,0,unknown,0
5736,33,housemaid,married,secondary,no,557,no,no,cellular,4,may,758,1,-1,0,unknown,0
5737,28,admin.,single,secondary,no,127,no,no,cellular,16,oct,6,2,-1,0,unknown,0
5738,28,admin.,single,secondary,no,127,no,no,cellular,16,sep,128,2,-1,0,unknown,0
5739,71,blue-collar,single,secondary,no,833,yes,no,cellular,15,may,802,1,-1,0,unknown,0
5740,24,blue-collar,single,secondary,no,833,yes,no,cellular,15,may,183,1,-1,0,unknown,0
5741,25,housemaid,single,secondary,no,285,no,no,cellular,3,jul,422,3,-1,0,unknown,0
5742,25,admin.,single,secondary,no,21532,yes,no,cellular,3,jul,658,3,-1,0,unknown,0
5743,30,entrepreneur,single,tertiary,no,32731,no,no,cellular,6,oct,384,2,-1,0,unknown,0
5744,30,student,single,tertiary,no,655,no,no,cellular,6,oct,156,2,-1,0,unknown,0
5745,76,housemaid,divorced,primary,no,1411,no,no,cellular,15,oct,170,3,-1,0,unknown,0
5746,76,housemaid,divorced,unknown,no,1411,no,no,telephone,15,apr,170,3,235,0,unknown,0
5747,36,services,single,secondary,no,365,no,no,cellular,4,may,365,1,-1,0,unknown,0
5748,36,management,single,secondary,no,365,no,no,cellular,4,may,252,1,-1,0,unknown,0
5749,22,student,single,unknown,no,78,no,yes,cellular,4,dec,232,3,310,2,failure,0
5750,28,student,single,unknown,no,78,no,yes,cellular,4,dec,232,3,310,6,failure,0
5751,38,management,single,tertiary,no,3141,no,no,cellular,9,nov,202,4,189,2,failure,0
5752,38,management,single,tertiary,no,3141,no,no,unknown,9,nov,347,4,189,2,other,0
5753,26,management,single,secondary,no,2613,yes,no,cellular,1,apr,326,1,-1,0,unknown,0
5754,61,management,single,secondary,no,2613,no,no,cellular,1,jun,326,1,-1,0,unknown,0
5755,32,technician,single,tertiary,no,506,no,no,cellular,5,mar,63,2,308,0,unknown,0
5756,32,management,single,tertiary,no,54330,yes,no,cellular,5,mar,63,2,-1,0,unknown,0
5757,39,technician,married,unknown,no,206,yes,no,cellular,20,oct,148,2,195,2,success,0
5758,39,technician,married,tertiary,no,206,no,no,unknown,20,oct,148,2,195,2,failure,0
5759,40,blue-collar,married,primary,no,57,yes,no,cellular,31,jul,612,9,-1,0,unknown,0
5760,40,blue-collar,married,primary,no,57,yes,no,cellular,4,feb,1007,9,-1,0,unknown,0
5761,29,self-employed,single,tertiary,no,655,no,no,unknown,23,nov,273,1,-1,0,unknown,0
5762,51,self-employed,single,tertiary,no,655,no,no,cellular,23,nov,273,1,-1,0,unknown,0
5763,27,management,single,tertiary,no,67185,no,no,unknown,1,jun,220,1,28,8,other,0
5764,27,management,single,tertiary,no,1840,no,no,unknown,1,jun,220,1,28,8,unknown,0
5765,61,blue-collar,divorced,primary,no,-19,yes,no,cellular,13,may,829,1,296,0,failure,0
5766,51,blue-collar,divorced,primary,no,-19,yes,yes,cellular,13,may,610,1,296,11,failure,0
5767,53,management,married,unknown,no,2240,yes,no,cellular,2,jun,282,2,148,1,other,0
5768,53,management,married,unknown,no,2240,yes,yes,cellular,2,jun,282,2,385,1,failure,0
5769,30,management,married,tertiary,no,944,no,no,cellular,10,oct,251,2,-1,10,unknown,0
5770,30,blue-collar,married,tertiary,no,944,no,yes,cellular,29,oct,251,2,-1,0,unknown,0
5771,45,admin.,single,secondary,no,359,yes,no,unknown,18,jun,867,8,-1,0,unknown,1
5772,45,services,single,secondary,no,359,yes,no,unknown,18,jun,1468,8,-1,0,unknown,1
5773,61,management,married,tertiary,no,52850,no,no,cellular,16,oct,136,2,-1,0,unknown,0
5774,61,management,married,tertiary,no,0,no,no,cellular,16,feb,136,2,-1,0,unknown,0
5775,30,technician,single,tertiary,no,44786,yes,no,cellular,5,jul,140,5,424,8,success,0
5776,30,technician,single,tertiary,no,0,yes,no,cellular,5,jul,140,1,130,8,success,0
5777,32,admin.,single,secondary,no,678,yes,no,cellular,4,feb,118,1,246,4,failure,0
5778,32,admin.,single,secondary,no,678,yes,no,cellular,4,feb,164,1,246,4,failure,0
5779,66,management,married,unknown,no,2149,no,no,cellular,26,may,135,2,90,11,other,0
5780,35,management,married,unknown,no,2149,yes,no,cellular,26,may,135,2,75,11,success,0
5781,41,housemaid,married,primary,no,0,no,no,cellular,3,jul,32,2,389,1,other,0
5782,41,entrepreneur,married,primary,no,0,no,no,unknown,3,jul,438,2,126,1,other,0
5783,27,technician,single,tertiary,no,372,yes,yes,cellular,25,jul,271,2,-1,0,unknown,0
5784,92,technician,single,tertiary,no,65897,yes,yes,cellular,25,jul,728,2,-1,0,unknown,0
5785,77,blue-collar,single,secondary,no,161,no,yes,telephone,8,sep,298,3,-1,0,unknown,0
5786,30,blue-collar,single,secondary,no,161,no,yes,telephone,8,dec,1735,3,-1,0,unknown,0
5787,33,technician,married,secondary,no,241,no,no,cellular,13,may,1226,3,-1,0,unknown,1
5788,33,services,married,secondary,no,241,no,no,cellular,13,may,1108,3,-1,0,unknown,1
5789,28,entrepreneur,single,tertiary,no,135,yes,no,unknown,21,may,983,1,-1,0,success,0
5790,28,entrepreneur,single,tertiary,no,135,yes,no,unknown,21,may,1461,1,320,0,unknown,1
5791,79,management,single,tertiary,no,5,no,no,cellular,18,aug,411,2,-1,0,unknown,0
5792,34,management,single,tertiary,no,80808,no,no,cellular,18,aug,370,2,-1,0,unknown,0
5793,47,technician,married,secondary,no,293,no,no,cellular,1,jun,251,13,216,1,success,0
5794,47,technician,married,secondary,no,293,no,no,cellular,1,jun,251,15,286,1,success,0
5795,41,management,single,tertiary,no,1253,no,no,cellular,21,jul,284,5,-1,4,unknown,0
5796,41,management,single,tertiary,no,1253,no,no,unknown,21,jul,1134,5,-1,7,unknown,0
5797,27,student,single,secondary,no,6036,no,no,cellular,31,dec,175,1,181,11,failure,0
5798,27,student,single,secondary,no,6036,no,no,cellular,31,mar,175,1,504,1,other,0
5799,29,student,single,tertiary,no,163,no,no,cellular,3,aug,271,25,-1,0,unknown,0
5800,42,student,married,tertiary,no,163,no,no,cellular,3,aug,249,1,-1,0,unknown,0
5801,30,self-employed,single,tertiary,no,19,no,no,unknown,4,aug,139,1,92,5,success,0
5802,30,housemaid,single,tertiary,no,19,no,no,cellular,4,aug,139,6,92,5,other,0
5803,38,self-employed,married,secondary,no,775,no,no,cellular,12,feb,1835,3,182,2,other,0
5804,63,services,married,secondary,no,775,no,no,cellular,12,feb,1835,3,182,2,failure,0
5805,37,student,married,secondary,no,4151,yes,yes,cellular,30,jul,543,4,-1,14,unknown,0
5806,26,services,married,secondary,no,4151,yes,yes,cellular,30,jul,543,13,-1,0,unknown,0
5807,27,management,married,secondary,yes,2071,no,no,cellular,4,may,449,1,-1,0,unknown,0
5808,27,management,married,secondary,no,2071,yes,no,cellular,4,jan,449,1,-1,0,unknown,0
5809,54,services,married,secondary,no,812,no,no,cellular,31,jul,1735,6,-1,0,unknown,1
5810,54,services,married,secondary,no,812,no,no,cellular,31,jul,949,6,-1,0,unknown,1
5811,25,student,single,unknown,no,480,no,no,cellular,8,feb,660,1,-1,0,unknown,0
5812,25,student,single,unknown,no,480,no,no,cellular,8,sep,140,1,439,12,unknown,0
5813,36,blue-collar,married,primary,no,1925,yes,no,cellular,20,apr,850,9,-1,0,unknown,0
5814,36,blue-collar,married,primary,no,1925,yes,no,cellular,20,apr,682,20,-1,0,unknown,0
5815,30,retired,single,secondary,yes,1268,yes,no,cellular,8,apr,105,4,320,8,other,0
5816,30,services,single,secondary,no,1268,yes,no,cellular,8,apr,105,3,320,1,other,0
5817,54,self-employed,married,secondary,no,1134,yes,no,cellular,25,jul,672,3,-1,0,unknown,0
5818,54,management,married,secondary,no,1134,yes,no,unknown,25,jul,660,3,-1,0,unknown,0
5819,50,technician,married,secondary,no,3370,no,no,cellular,2,feb,160,2,-1,0,unknown,0
5820,50,retired,married,secondary,no,3370,yes,no,cellular,2,jun,160,2,-1,0,unknown,0
5821,39,blue-collar,single,primary,no,0,yes,yes,cellular,13,may,369,5,-1,0,unknown,0
5822,39,blue-collar,single,primary,no,0,yes,yes,cellular,13,may,549,5,-1,0,unknown,0
5823,28,blue-collar,single,tertiary,no,730,yes,no,cellular,3,mar,105,1,-1,0,unknown,0
5824,28,management,single,tertiary,no,730,yes,no,unknown,3,mar,631,1,293,0,unknown,0
5825,34,admin.,married,secondary,no,68598,no,no,cellular,5,feb,696,2,-1,0,unknown,0
5826,34,admin.,married,secondary,no,155,no,no,cellular,5,feb,72,2,-1,0,unknown,0
5827,50,services,married,tertiary,no,2376,yes,no,cellular,24,sep,28,1,-1,0,unknown,0
5828,50,services,married,secondary,no,2376,yes,yes,cellular,24,sep,395,23,-1,0,unknown,0
5829,42,services,divorced,tertiary,no,94,yes,no,cellular,11,may,176,2,90,4,failure,0
5830,76,services,single,tertiary,no,94,yes,no,cellular,11,dec,176,2,90,4,failure,0
5831,28,technician,single,tertiary,no,11862,no,no,cellular,21,apr,180,2,238,13,other,0
5832,28,technician,single,tertiary,no,11862,no,no,cellular,21,oct,81,2,238,13,other,0
5833,31,management,single,tertiary,no,13005,no,no,telephone,12,may,372,1,90,10,unknown,0
5834,31,management,single,tertiary,no,533,no,no,telephone,12,may,112,1,90,10,success,0
5835,63,housemaid,married,primary,no,4443,no,no,telephone,26,aug,917,3,-1,0,unknown,0
5836,38,housemaid,married,primary,no,91,no,no,telephone,26,aug,128,3,-1,0,other,0
5837,76,technician,single,tertiary,no,21047,no,no,cellular,30,jun,319,2,-1,0,unknown,0
5838,40,technician,single,tertiary,no,4071,no,no,unknown,30,jun,319,2,-1,0,unknown,0
5839,63,blue-collar,married,secondary,no,1464,yes,no,cellular,28,may,207,3,130,5,other,0
5840,34,blue-collar,married,secondary,no,1464,yes,no,cellular,29,aug,207,3,130,5,failure,0
5841,34,management,single,tertiary,no,1891,yes,no,cellular,9,may,796,5,-1,0,unknown,1
5842,34,management,single,tertiary,no,1891,yes,no,unknown,31,feb,997,5,-1,0,unknown,1
5843,42,entrepreneur,married,secondary,no,0,yes,no,cellular,9,apr,331,1,356,4,failure,0
5844,53,entrepreneur,divorced,secondary,no,0,yes,no,cellular,9,apr,331,1,140,4,failure,0
5845,71,retired,married,secondary,no,5715,no,no,cellular,17,nov,93,2,-1,0,unknown,0
5846,71,retired,single,secondary,no,5715,no,yes,cellular,17,nov,747,2,-1,0,unknown,0
5847,36,management,single,unknown,no,1511,yes,no,cellular,16,nov,270,1,340,0,unknown,0
5848,36,unknown,single,secondary,no,21984,yes,no,cellular,16,nov,270,1,-1,0,unknown,0
5849,31,management,divorced,primary,no,1145,yes,no,unknown,26,may,455,4,-1,0,unknown,0
5850,31,management,single,tertiary,no,1145,yes,no,unknown,26,may,1272,11,-1,0,unknown,0
5851,58,unemployed,single,secondary,yes,1013,yes,no,cellular,30,jul,1091,5,-1,0,unknown,1
5852,58,technician,single,secondary,no,1013,yes,no,cellular,30,jul,1970,5,-1,0,unknown,1
5853,36,management,single,tertiary,no,2646,no,no,cellular,13,oct,169,1,182,9,other,0
5854,36,management,single,tertiary,no,2646,no,no,cellular,13,oct,72,1,182,10,success,0
5855,36,entrepreneur,divorced,tertiary,no,3407,no,no,cellular,12,jun,99,4,85,4,success,0
5856,36,entrepreneur,divorced,tertiary,no,3407,yes,no,cellular,9,jun,42,4,85,4,success,0
5857,37,entrepreneur,single,secondary,no,24835,yes,no,unknown,15,may,317,1,-1,0,unknown,0
5858,37,entrepreneur,single,secondary,no,40714,yes,no,cellular,15,may,317,1,-1,0,unknown,0
5859,69,admin.,married,unknown,no,124,yes,no,telephone,14,may,604,4,366,2,other,0
5860,34,blue-collar,married,secondary,no,124,yes,no,telephone,14,may,604,10,366,2,other,0
5861,29,management,divorced,tertiary,no,2531,no,yes,cellular,19,aug,634,1,-1,0,unknown,0
5862,76,management,single,tertiary,no,2531,no,no,cellular,19,aug,634,1,78,0,unknown,0
5863,23,management,single,secondary,no,480,no,no,cellular,9,feb,178,2,182,1,failure,0
5864,23,student,single,secondary,no,480,no,no,cellular,9,feb,107,2,182,1,failure,0
5865,32,technician,single,tertiary,no,1246,yes,no,unknown,30,apr,509,1,85,2,failure,0
5866,32,technician,single,tertiary,no,1246,yes,no,cellular,30,apr,509,1,341,2,success,0
5867,44,blue-collar,married,primary,no,751,yes,no,cellular,22,jul,598,5,-1,0,unknown,0
5868,28,blue-collar,divorced,secondary,no,751,yes,no,cellular,22,jul,598,12,-1,0,unknown,0
5869,58,unemployed,married,unknown,no,1183,no,no,unknown,31,jul,1721,5,-1,0,unknown,0
5870,58,unemployed,married,tertiary,no,1183,no,no,cellular,31,nov,1721,5,-1,0,unknown,0
5871,39,admin.,married,secondary,no,248,yes,no,cellular,17,apr,649,1,854,0,success,1
5872,39,admin.,married,secondary,no,14515,no,no,cellular,17,apr,649,1,-1,0,unknown,0
5873,24,blue-collar,single,secondary,no,9883,no,no,unknown,8,jul,210,5,-1,0,unknown,0
5874,82,blue-collar,single,secondary,no,9883,no,no,cellular,8,jul,210,5,312,0,unknown,0
5875,51,unemployed,married,secondary,no,1416,no,no,cellular,9,nov,107,1,-1,0,unknown,0
5876,51,unemployed,married,secondary,no,1416,no,no,cellular,18,oct,345,1,-1,0,unknown,0
5877,24,student,single,secondary,no,4126,no,no,cellular,5,apr,128,13,185,7,failure,0
5878,24,student,single,secondary,no,4126,no,no,telephone,5,apr,292,4,185,7,failure,0
5879,34,admin.,single,tertiary,no,18,no,yes,cellular,3,apr,359,1,-1,0,unknown,0
5880,34,admin.,single,tertiary,no,27908,yes,yes,cellular,29,apr,359,1,-1,0,unknown,0
5881,52,management,married,tertiary,no,583,no,no,cellular,8,may,376,1,181,3,unknown,0
5882,52,management,married,tertiary,no,583,no,no,cellular,17,feb,376,1,181,3,failure,0
5883,41,blue-collar,single,primary,no,31628,yes,yes,unknown,2,jun,659,2,-1,0,unknown,0
5884,41,blue-collar,married,primary,no,49074,yes,yes,unknown,2,jun,659,2,-1,0,unknown,0
5885,32,blue-collar,single,secondary,no,2093,no,no,cellular,22,may,224,2,444,1,failure,0
5886,32,blue-collar,single,secondary,yes,2093,no,no,cellular,24,sep,66,2,444,1,failure,0
5887,26,management,single,tertiary,no,1646,no,no,cellular,12,apr,101,4,206,5,success,0
5888,26,management,single,tertiary,no,1646,no,yes,cellular,12,apr,524,4,206,5,failure,0
5889,22,blue-collar,single,secondary,no,682,no,no,cellular,5,jun,126,2,91,1,other,0
5890,22,blue-collar,single,secondary,no,682,no,no,cellular,5,jun,126,2,320,1,success,0
5891,27,blue-collar,single,secondary,no,3792,no,no,cellular,22,oct,504,1,92,2,failure,0
5892,27,blue-collar,single,secondary,no,3792,no,no,cellular,9,oct,129,1,183,2,success,0
5893,59,management,single,tertiary,no,2551,yes,no,cellular,29,jul,638,3,-1,0,unknown,0
5894,32,management,single,tertiary,no,2551,yes,no,cellular,21,jul,100,3,-1,8,unknown,0
5895,66,retired,married,tertiary,no,5125,no,no,cellular,6,aug,550,1,-1,0,unknown,0
5896,66,retired,married,tertiary,no,3,no,yes,cellular,10,aug,550,1,-1,0,unknown,0
5897,28,student,single,secondary,yes,67,no,yes,cellular,20,aug,329,3,199,2,other,0
5898,52,student,divorced,secondary,no,67,no,no,cellular,20,aug,329,3,199,2,other,0
5899,28,student,single,tertiary,no,3717,no,no,telephone,30,oct,742,2,-1,0,unknown,1
5900,28,student,single,tertiary,no,3717,no,no,telephone,30,oct,565,2,-1,0,unknown,0
5901,58,admin.,married,secondary,no,169,no,no,cellular,13,aug,114,1,356,8,success,0
5902,58,admin.,married,secondary,no,169,no,no,cellular,13,aug,243,1,92,8,failure,0
5903,20,blue-collar,single,secondary,no,129,yes,yes,unknown,31,may,1319,1,-1,0,unknown,0
5904,20,blue-collar,single,secondary,no,129,yes,no,unknown,13,may,911,1,-1,0,unknown,1
5905,46,admin.,married,secondary,yes,3098,yes,no,telephone,21,nov,1461,9,-1,0,unknown,1
5906,46,admin.,married,secondary,no,3098,yes,no,telephone,1,nov,1514,9,-1,0,unknown,1
5907,55,admin.,married,secondary,yes,602,no,no,cellular,4,feb,133,2,150,6,success,0
5908,55,admin.,married,tertiary,no,602,no,no,cellular,4,feb,390,2,150,6,unknown,0
5909,28,student,single,secondary,no,13035,no,no,cellular,20,apr,185,20,-1,0,unknown,0
5910,28,student,single,secondary,no,0,no,no,telephone,20,apr,185,1,85,0,unknown,0
5911,22,admin.,single,secondary,no,114,no,yes,cellular,30,mar,517,4,-1,0,unknown,0
5912,22,admin.,single,secondary,no,114,no,no,cellular,30,jan,517,4,-1,0,unknown,0
5913,54,unemployed,divorced,secondary,no,11834,no,no,cellular,15,sep,106,1,105,3,other,0
5914,29,unemployed,divorced,secondary,no,1664,no,no,cellular,15,sep,106,15,105,3,success,0
5915,47,technician,divorced,secondary,no,1013,no,no,cellular,15,dec,170,1,92,3,failure,0
5916,47,technician,divorced,secondary,no,77759,no,no,cellular,15,sep,170,1,92,3,failure,0
5917,37,student,single,tertiary,no,22,yes,no,cellular,13,may,536,2,-1,0,unknown,0
5918,28,student,single,tertiary,no,22,yes,no,cellular,15,may,237,2,63,0,unknown,0
5919,47,retired,married,secondary,no,367,yes,no,cellular,10,jul,476,4,-1,0,unknown,0
5920,47,services,single,secondary,no,367,yes,no,telephone,10,jul,476,4,-1,0,unknown,0
5921,21,unemployed,married,secondary,no,314,yes,no,cellular,20,nov,598,3,178,7,failure,0
5922,31,unemployed,married,unknown,no,314,yes,no,cellular,20,nov,384,3,178,7,failure,0
5923,74,retired,married,primary,no,1765,no,no,telephone,11,sep,6,2,-1,0,unknown,0
5924,35,retired,married,primary,no,1765,no,no,telephone,11,sep,290,4,-1,0,unknown,0
5925,37,services,divorced,secondary,no,49,yes,yes,unknown,16,may,619,2,-1,13,unknown,0
5926,37,services,divorced,secondary,no,49,yes,no,unknown,16,may,336,2,-1,0,unknown,0
5927,47,entrepreneur,married,tertiary,no,119,yes,no,unknown,13,may,568,4,-1,0,unknown,0
5928,78,management,married,tertiary,no,119,yes,no,unknown,13,may,412,4,-1,0,unknown,0
5929,34,management,married,secondary,no,1778,no,no,cellular,4,dec,358,1,162,2,failure,0
5930,34,management,married,tertiary,no,57298,no,no,cellular,4,nov,358,1,162,0,failure,0
5931,30,student,married,secondary,no,1779,yes,no,cellular,11,aug,233,1,433,1,success,0
5932,24,student,single,secondary,no,1779,no,no,cellular,11,aug,117,1,433,1,success,0
5933,27,management,single,secondary,no,843,no,yes,cellular,12,jan,187,1,-1,0,unknown,0
5934,27,management,single,secondary,no,843,no,yes,telephone,8,jan,187,1,-1,0,unknown,0
5935,24,student,single,secondary,no,822,no,yes,cellular,27,oct,184,15,91,2,failure,0
5936,24,student,single,secondary,no,822,no,no,cellular,7,oct,184,1,91,2,failure,0
5937,43,admin.,married,secondary,no,132,no,no,telephone,17,mar,220,1,-1,17,unknown,0
5938,43,admin.,married,secondary,no,132,no,no,cellular,17,jan,220,1,-1,0,unknown,0
5939,30,technician,single,tertiary,no,13215,yes,no,unknown,21,may,188,2,-1,0,unknown,0
5940,30,technician,single,tertiary,no,1289,yes,no,unknown,3,may,737,2,-1,0,unknown,0
5941,50,admin.,married,secondary,no,706,yes,no,cellular,6,aug,581,4,-1,5,unknown,0
5942,50,admin.,married,secondary,no,706,yes,no,telephone,6,aug,1250,4,-1,10,unknown,0
5943,49,technician,single,tertiary,no,523,yes,no,cellular,2,jun,72,1,60,3,failure,0
5944,90,technician,married,tertiary,no,523,yes,no,cellular,2,jun,170,1,60,3,failure,0
5945,37,management,married,tertiary,no,3236,no,no,cellular,20,may,164,2,202,5,other,0
5946,37,management,married,tertiary,no,3236,no,no,unknown,20,may,291,3,202,5,other,0
5947,40,unemployed,single,tertiary,no,68318,no,no,cellular,2,mar,91,2,180,2,success,0
5948,40,unemployed,single,tertiary,no,7968,yes,no,cellular,2,mar,263,2,180,2,other,0
5949,24,blue-collar,married,secondary,no,-389,yes,no,unknown,4,jun,1242,1,-1,12,unknown,0
5950,24,blue-collar,married,primary,no,-389,yes,yes,unknown,4,jun,686,1,-1,0,unknown,0
5951,21,technician,single,secondary,no,0,no,yes,unknown,8,jul,634,1,-1,0,unknown,0
5952,25,technician,single,secondary,no,0,yes,yes,cellular,8,jul,634,22,-1,0,unknown,0
5953,47,services,married,secondary,no,405,no,yes,unknown,8,mar,994,2,-1,0,unknown,0
5954,47,services,married,secondary,no,405,no,yes,cellular,8,jan,476,2,-1,0,unknown,0
5955,30,admin.,single,secondary,no,432,yes,no,cellular,2,feb,402,1,-1,0,unknown,0
5956,54,self-employed,single,tertiary,no,27042,yes,no,cellular,2,feb,402,1,-1,0,unknown,0
5957,79,retired,married,secondary,no,4288,no,no,telephone,9,sep,1970,1,79,3,failure,0
5958,79,retired,married,secondary,no,723,no,no,telephone,28,sep,276,25,79,3,failure,0
5959,29,management,single,tertiary,no,-1203,yes,no,cellular,30,apr,501,1,341,0,unknown,0
5960,29,management,divorced,tertiary,no,36252,yes,no,cellular,30,apr,501,3,-1,0,unknown,0
5961,27,self-employed,married,tertiary,no,1423,no,no,cellular,6,aug,304,4,-1,0,unknown,0
5962,32,self-employed,married,tertiary,yes,1423,no,no,cellular,6,aug,175,4,-1,0,unknown,0
5963,45,blue-collar,divorced,primary,no,-311,yes,no,unknown,23,may,259,1,-1,0,unknown,0
5964,45,blue-collar,divorced,primary,no,-311,yes,no,cellular,23,may,1030,10,-1,0,unknown,0
5965,48,admin.,married,primary,no,3644,yes,yes,telephone,31,jul,469,9,-1,0,unknown,0
5966,48,student,married,primary,no,3644,yes,yes,telephone,31,jul,42,9,-1,0,unknown,0
5967,43,blue-collar,single,tertiary,no,1344,yes,no,cellular,14,jul,942,2,-1,0,unknown,1
5968,43,blue-collar,single,primary,no,1344,yes,no,cellular,14,jul,707,2,-1,0,unknown,0
5969,33,technician,married,tertiary,no,76051,yes,no,cellular,27,feb,165,1,-1,0,unknown,0
5970,33,technician,single,tertiary,no,1636,yes,yes,cellular,27,feb,165,25,-1,0,unknown,0
5971,36,blue-collar,married,secondary,no,1049,yes,yes,cellular,14,may,224,12,-1,0,unknown,0
5972,46,technician,married,secondary,no,1049,yes,no,cellular,14,may,224,4,-1,0,unknown,0
5973,70,technician,married,secondary,no,0,no,no,cellular,28,aug,761,10,-1,0,unknown,1
5974,34,technician,married,secondary,no,0,no,no,cellular,28,aug,1272,10,-1,0,unknown,1
5975,40,blue-collar,married,unknown,no,1181,yes,no,cellular,4,feb,1543,2,189,2,unknown,0
5976,40,blue-collar,single,unknown,no,1181,yes,no,cellular,4,feb,86,2,189,2,success,0
5977,44,blue-collar,single,primary,no,36,yes,no,cellular,15,may,55,1,291,2,failure,0
5978,44,blue-collar,single,primary,no,22207,yes,no,cellular,15,may,551,25,371,2,failure,0
5979,33,unemployed,married,secondary,no,-144,no,no,cellular,30,feb,481,10,-1,0,unknown,0
5980,33,unemployed,married,secondary,no,-144,no,no,cellular,8,jun,481,3,-1,0,unknown,0
5981,33,blue-collar,married,secondary,no,1240,yes,no,cellular,12,may,844,11,-1,8,unknown,0
5982,33,retired,married,secondary,no,1240,yes,no,telephone,12,may,844,1,-1,0,unknown,0
5983,31,admin.,single,secondary,no,0,no,no,cellular,7,may,372,2,295,2,failure,0
5984,31,blue-collar,single,secondary,no,0,no,no,cellular,7,may,895,2,295,2,failure,0
5985,26,technician,single,tertiary,no,44,no,no,unknown,30,oct,217,1,-1,0,unknown,0
5986,26,technician,single,secondary,no,50832,no,no,cellular,30,oct,217,1,-1,0,unknown,0
5987,45,admin.,married,secondary,no,5346,yes,yes,unknown,21,apr,255,1,-1,0,unknown,0
5988,45,blue-collar,married,secondary,no,5346,yes,yes,cellular,21,oct,187,1,-1,0,unknown,0
5989,87,management,single,tertiary,no,3704,no,no,cellular,6,aug,238,4,-1,0,unknown,0
5990,26,management,single,tertiary,no,3704,no,yes,cellular,16,aug,238,4,-1,0,unknown,0
5991,29,services,married,secondary,no,6567,no,no,cellular,15,may,792,25,298,1,failure,0
5992,29,services,married,unknown,no,6567,yes,no,cellular,15,may,247,2,298,1,failure,0
5993,22,management,single,tertiary,no,104,no,yes,cellular,18,oct,509,1,342,3,unknown,0
5994,22,management,single,tertiary,no,104,no,yes,cellular,18,oct,509,1,185,3,failure,0
5995,48,entrepreneur,married,tertiary,yes,36636,no,no,cellular,31,jul,725,4,-1,0,unknown,0
5996,48,entrepreneur,married,tertiary,yes,-392,no,no,cellular,31,jan,129,4,-1,0,unknown,0
5997,29,blue-collar,married,secondary,no,940,yes,no,cellular,15,may,382,1,-1,0,unknown,0
5998,29,blue-collar,married,secondary,no,13039,yes,yes,cellular,15,may,382,1,-1,0,failure,0
5999,47,management,married,tertiary,no,53420,no,no,cellular,17,nov,434,2,-1,0,unknown,0
6000,47,management,married,tertiary,no,3505,yes,no,unknown,17,nov,434,2,-1,0,unknown,0
6001,45,management,single,tertiary,no,2048,yes,no,cellular,18,oct,310,3,64,1,failure,0
6002,45,management,single,tertiary,no,2048,yes,no,unknown,18,oct,310,1,176,1,failure,0
6003,45,blue-collar,married,primary,yes,-443,yes,yes,cellular,20,jul,691,13,-1,0,unknown,0
6004,45,blue-collar,married,primary,yes,-443,yes,yes,cellular,20,apr,449,1,-1,0,unknown,0
6005,34,admin.,single,primary,no,43,yes,no,unknown,28,sep,889,1,-1,0,unknown,1
6006,66,admin.,single,secondary,no,43,yes,no,unknown,28,sep,1051,1,-1,0,unknown,1
6007,36,entrepreneur,divorced,secondary,no,866,yes,no,cellular,11,feb,629,1,173,1,failure,0
6008,36,entrepreneur,divorced,secondary,no,866,yes,yes,cellular,11,may,629,1,173,1,failure,0
6009,60,housemaid,married,secondary,no,1163,yes,no,cellular,30,apr,470,8,-1,0,unknown,0
6010,60,housemaid,married,primary,no,1163,no,no,telephone,30,apr,470,3,-1,0,unknown,0
6011,52,self-employed,single,tertiary,no,3469,no,no,cellular,20,nov,653,1,-1,0,unknown,0
6012,52,entrepreneur,divorced,secondary,no,3469,yes,no,cellular,20,nov,653,1,-1,0,unknown,0
6013,37,technician,divorced,tertiary,no,88,no,no,cellular,6,may,195,1,182,3,other,0
6014,37,technician,married,tertiary,no,88,no,no,telephone,6,may,388,1,90,3,other,0
6015,50,services,divorced,tertiary,no,21,no,no,cellular,30,jul,566,2,-1,0,unknown,0
6016,46,self-employed,divorced,tertiary,no,21,yes,no,cellular,30,jul,566,2,-1,17,unknown,0
6017,38,technician,married,tertiary,no,557,yes,no,unknown,16,nov,1556,4,-1,0,unknown,0
6018,38,technician,married,unknown,no,557,yes,no,cellular,16,nov,265,4,-1,0,unknown,0
6019,40,management,married,tertiary,no,1666,yes,no,cellular,28,aug,833,4,-1,0,unknown,1
6020,92,management,married,tertiary,no,39677,yes,no,cellular,28,aug,271,4,-1,0,unknown,1
6021,46,management,divorced,tertiary,no,-49,no,no,unknown,20,jun,1175,23,-1,0,unknown,0
6022,54,management,divorced,tertiary,no,-49,yes,no,unknown,20,jun,1669,23,-1,0,unknown,1
6023,58,technician,divorced,secondary,no,938,no,no,cellular,3,nov,358,1,-1,0,unknown,0
6024,29,technician,single,secondary,no,938,no,no,cellular,3,nov,28,1,-1,0,unknown,0
6025,47,technician,married,secondary,no,1219,no,no,telephone,4,aug,697,4,-1,0,unknown,0
6026,47,technician,married,secondary,no,1219,no,no,cellular,18,jul,697,4,-1,6,unknown,0
6027,28,management,single,secondary,no,171,no,no,cellular,5,jun,75,9,87,1,success,0
6028,28,management,single,secondary,no,171,no,no,cellular,5,jun,83,1,87,1,success,0
6029,48,management,married,secondary,no,-1212,yes,no,telephone,8,apr,1032,3,141,7,failure,0
6030,48,management,married,secondary,no,4415,yes,yes,cellular,2,apr,1032,3,141,7,failure,0
6031,57,retired,married,secondary,no,1044,no,no,cellular,12,jul,567,1,182,3,unknown,0
6032,57,retired,married,secondary,no,1044,no,no,telephone,12,jul,567,1,182,14,other,0
6033,33,admin.,single,tertiary,no,272,yes,yes,cellular,1,sep,293,2,92,3,other,0
6034,33,admin.,single,tertiary,no,272,yes,no,cellular,1,sep,293,2,75,3,failure,0
6035,54,unknown,married,unknown,no,895,no,no,cellular,7,nov,335,13,-1,0,unknown,0
6036,54,unknown,married,unknown,no,26958,no,no,telephone,7,oct,335,1,-1,0,unknown,0
6037,40,blue-collar,divorced,secondary,no,73099,no,no,cellular,14,may,449,1,-1,0,unknown,0
6038,33,blue-collar,divorced,secondary,no,973,no,no,cellular,14,may,412,1,-1,0,unknown,0
6039,39,admin.,married,secondary,no,260,yes,no,cellular,11,feb,96,2,116,2,failure,0
6040,39,admin.,married,secondary,no,260,yes,no,cellular,11,aug,175,2,421,2,failure,0
6041,42,technician,married,secondary,no,994,yes,no,telephone,12,nov,227,3,93,6,other,0
6042,42,technician,married,secondary,no,994,yes,no,cellular,12,nov,193,3,350,6,success,0
6043,76,technician,married,secondary,no,4945,yes,no,cellular,2,oct,311,2,-1,0,unknown,0
6044,42,technician,married,secondary,no,4945,yes,no,telephone,2,mar,311,2,-1,0,unknown,0
6045,52,admin.,single,secondary,no,726,yes,no,unknown,24,may,699,1,28,9,failure,0
6046,52,admin.,single,secondary,no,726,yes,no,cellular,24,may,117,1,134,9,failure,0
6047,55,housemaid,married,unknown,no,0,yes,no,cellular,17,jul,251,2,-1,0,unknown,0
6048,55,housemaid,married,primary,no,0,yes,no,cellular,17,jul,79,2,-1,0,unknown,0
6049,30,technician,married,secondary,no,276,no,yes,cellular,25,aug,1373,5,-1,0,unknown,1
6050,30,technician,single,secondary,no,276,no,yes,cellular,25,aug,1579,5,-1,0,unknown,1
6051,43,self-employed,single,unknown,no,3173,no,no,unknown,15,may,547,1,-1,17,unknown,0
6052,43,self-employed,divorced,unknown,no,3173,no,no,unknown,15,may,429,1,-1,0,unknown,0
6053,25,services,single,secondary,no,26851,no,yes,cellular,21,jul,136,2,-1,0,unknown,0
6054,25,student,single,secondary,no,2311,no,yes,unknown,21,jul,1105,2,-1,0,unknown,0
6055,28,management,single,tertiary,no,38592,yes,no,unknown,27,may,717,1,-1,0,unknown,0
6056,65,management,single,tertiary,no,939,yes,no,unknown,27,may,101,1,-1,0,unknown,0
6057,31,management,single,tertiary,no,2016,yes,no,cellular,30,apr,209,15,-1,0,unknown,0
6058,31,management,single,tertiary,no,2016,no,yes,cellular,2,apr,209,1,-1,0,unknown,0
6059,58,technician,married,secondary,no,589,yes,no,cellular,10,feb,354,3,183,6,other,0
6060,58,technician,married,secondary,no,589,yes,no,cellular,28,feb,511,3,183,6,other,0
6061,57,retired,married,secondary,no,921,no,no,telephone,26,apr,394,2,-1,0,unknown,0
6062,60,retired,married,secondary,no,921,no,no,telephone,17,apr,209,2,-1,0,unknown,0
6063,32,services,single,secondary,no,-55,yes,no,unknown,1,apr,601,1,-1,0,unknown,1
6064,32,services,single,secondary,no,-55,yes,no,cellular,15,sep,601,1,73,0,unknown,1
6065,33,self-employed,single,secondary,no,72863,yes,no,cellular,17,jul,1584,2,-1,0,unknown,0
6066,33,self-employed,divorced,secondary,no,1904,yes,no,cellular,17,jul,331,2,-1,0,unknown,0
6067,31,unemployed,married,tertiary,no,756,no,no,cellular,20,jul,355,2,86,0,unknown,0
6068,31,unemployed,divorced,tertiary,no,29804,no,no,cellular,20,jul,355,2,-1,0,unknown,0
6069,34,housemaid,single,secondary,no,4536,yes,no,cellular,21,nov,963,25,-1,0,unknown,0
6070,37,blue-collar,single,secondary,no,4536,yes,no,unknown,21,nov,963,1,-1,0,unknown,0
6071,40,blue-collar,single,secondary,no,341,no,no,cellular,31,jul,1142,5,-1,0,unknown,0
6072,40,technician,married,secondary,no,341,no,no,unknown,31,jul,1142,5,-1,0,unknown,0
6073,46,admin.,married,secondary,no,-522,yes,no,cellular,27,may,243,3,188,13,other,0
6074,46,retired,married,secondary,no,-522,yes,no,cellular,27,sep,243,3,239,13,other,0
6075,76,retired,married,secondary,no,820,no,no,telephone,10,mar,263,4,-1,0,unknown,0
6076,35,retired,married,secondary,no,820,yes,no,telephone,23,apr,263,4,-1,0,unknown,0
6077,44,management,married,primary,no,2557,yes,no,cellular,14,apr,250,1,181,8,other,0
6078,44,services,married,primary,no,2557,yes,no,cellular,14,apr,72,1,181,8,success,0
6079,24,management,single,tertiary,no,11891,no,no,cellular,6,sep,158,1,-1,0,unknown,0
6080,42,management,single,tertiary,no,-1520,no,no,cellular,6,apr,158,1,-1,0,unknown,0
6081,36,blue-collar,single,primary,no,953,yes,no,unknown,2,jun,747,2,-1,0,unknown,0
6082,30,entrepreneur,single,secondary,no,953,yes,no,unknown,2,jun,747,2,-1,0,failure,0
6083,26,unemployed,single,secondary,no,632,no,no,cellular,12,aug,99,3,181,1,success,0
6084,26,unemployed,single,secondary,no,632,yes,no,cellular,12,aug,312,3,181,1,unknown,0
6085,30,management,married,tertiary,no,1814,yes,no,cellular,18,may,1143,4,-1,0,unknown,1
6086,37,management,married,tertiary,no,1814,yes,no,cellular,18,may,1721,4,-1,0,unknown,1
6087,36,entrepreneur,married,secondary,no,52,yes,no,cellular,7,sep,15,1,95,6,success,0
6088,36,services,married,secondary,no,52,yes,no,cellular,7,sep,351,1,95,6,failure,0
6089,62,self-employed,divorced,tertiary,no,6,yes,no,cellular,13,oct,216,1,183,4,failure,0
6090,62,self-employed,divorced,tertiary,no,67319,yes,no,cellular,13,oct,216,1,183,4,failure,0
6091,33,admin.,single,tertiary,no,41768,no,no,cellular,23,jul,351,3,-1,0,unknown,0
6092,33,admin.,single,tertiary,no,32074,no,no,cellular,3,jul,351,3,-1,0,unknown,0
6093,78,retired,married,unknown,no,4807,no,no,telephone,3,feb,892,25,104,4,other,0
6094,78,retired,married,primary,no,4807,no,no,telephone,3,feb,892,2,104,4,other,0
6095,39,blue-collar,married,unknown,no,18,no,no,cellular,7,jul,1360,3,-1,0,unknown,1
6096,39,blue-collar,married,unknown,no,18,no,no,cellular,7,jul,1392,3,-1,0,unknown,1
6097,53,retired,married,secondary,no,3962,yes,no,cellular,22,apr,371,2,-1,0,other,0
6098,53,retired,married,secondary,yes,665,yes,no,cellular,22,nov,371,2,-1,0,unknown,0
6099,34,services,married,secondary,no,-538,yes,no,unknown,10,may,682,1,257,0,unknown,0
6100,34,services,married,secondary,no,-538,yes,no,unknown,26,may,1173,1,-1,0,unknown,0
6101,56,management,divorced,tertiary,no,616,no,no,cellular,30,apr,71,1,83,1,success,0
6102,56,management,married,tertiary,no,616,yes,no,cellular,30,apr,225,1,83,1,unknown,0
6103,32,entrepreneur,married,tertiary,no,27557,no,no,cellular,19,jul,187,11,-1,0,unknown,0
6104,32,entrepreneur,married,tertiary,no,14077,no,no,cellular,19,jul,187,11,-1,0,unknown,0
6105,47,admin.,divorced,secondary,no,290,yes,no,cellular,22,jul,571,2,-1,0,unknown,0
6106,47,admin.,married,secondary,no,290,yes,no,cellular,22,jul,239,2,-1,0,other,0
6107,72,blue-collar,married,secondary,no,10287,yes,no,cellular,27,may,105,4,188,1,failure,0
6108,32,housemaid,married,secondary,no,10287,yes,no,cellular,16,may,281,4,188,1,failure,0
6109,41,management,married,primary,no,5310,yes,no,cellular,17,nov,705,1,-1,0,unknown,0
6110,41,management,married,primary,no,5310,yes,no,cellular,17,nov,614,1,-1,0,unknown,0
6111,26,student,single,secondary,no,5296,yes,no,cellular,5,sep,229,1,205,1,failure,0
6112,26,student,single,secondary,no,5296,no,no,cellular,5,mar,229,10,205,13,failure,0
6113,47,blue-collar,married,secondary,no,1996,no,yes,unknown,5,jun,598,2,-1,0,unknown,0
6114,29,blue-collar,married,secondary,no,1996,no,no,unknown,5,jun,761,2,-1,0,unknown,0
6115,31,management,divorced,tertiary,no,373,no,no,cellular,10,oct,132,6,-1,0,unknown,0
6116,31,management,divorced,tertiary,no,13363,no,no,cellular,10,apr,132,6,-1,0,unknown,0
6117,60,management,married,tertiary,no,315,no,no,cellular,1,sep,42,1,183,3,unknown,0
6118,60,management,married,tertiary,no,315,no,no,telephone,1,sep,32,1,183,3,success,0
6119,28,student,single,secondary,no,69,no,no,cellular,9,jan,532,2,-1,0,unknown,0
6120,28,student,single,secondary,no,65752,no,yes,cellular,30,jan,532,2,-1,0,unknown,0
6121,46,admin.,married,secondary,no,556,yes,yes,unknown,30,may,646,3,-1,0,unknown,0
6122,46,blue-collar,married,secondary,no,556,yes,yes,unknown,15,jul,646,3,-1,0,unknown,0
6123,46,technician,married,secondary,no,926,no,no,cellular,14,jul,385,5,-1,0,unknown,0
6124,46,unemployed,married,secondary,no,69143,no,no,cellular,7,jul,385,5,-1,0,unknown,0
6125,37,admin.,divorced,tertiary,no,4708,no,no,cellular,2,jun,238,2,181,2,failure,0
6126,37,admin.,divorced,tertiary,no,4708,no,no,telephone,2,jun,238,23,181,2,success,0
6127,35,management,single,tertiary,no,12956,yes,no,unknown,6,may,789,3,-1,0,unknown,0
6128,27,unknown,single,tertiary,no,12956,yes,no,unknown,29,may,789,15,-1,0,unknown,0
6129,29,blue-collar,married,secondary,no,7863,yes,no,cellular,14,may,389,1,-1,0,unknown,0
6130,29,blue-collar,married,secondary,no,7863,yes,no,cellular,14,may,179,22,-1,0,unknown,0
6131,36,entrepreneur,married,unknown,no,4145,no,no,unknown,20,jun,988,4,-1,0,unknown,0
6132,36,unemployed,married,tertiary,no,4145,no,no,unknown,20,jun,336,4,-1,0,unknown,0
6133,37,admin.,married,secondary,no,68,yes,yes,cellular,13,may,1543,2,351,1,failure,1
6134,37,student,married,secondary,no,68,yes,yes,cellular,13,may,1051,2,351,1,failure,1
6135,31,management,married,tertiary,no,55076,no,no,cellular,30,apr,297,1,86,3,unknown,0
6136,31,management,married,tertiary,no,1331,yes,no,cellular,30,apr,297,1,86,3,unknown,0
6137,63,admin.,married,secondary,no,1495,no,no,cellular,2,oct,389,1,195,4,other,0
6138,63,retired,married,secondary,no,1495,no,no,cellular,9,oct,389,1,457,4,other,0
6139,42,services,married,secondary,no,41730,no,no,cellular,28,jan,521,1,-1,0,unknown,0
6140,42,services,married,unknown,no,774,no,no,unknown,28,jan,997,1,-1,0,unknown,0
6141,40,entrepreneur,married,tertiary,no,3585,yes,no,cellular,23,sep,506,3,-1,0,unknown,0
6142,40,blue-collar,married,tertiary,no,3585,no,no,cellular,26,sep,506,3,-1,0,unknown,0
6143,28,technician,single,secondary,no,5763,no,yes,cellular,17,nov,196,2,-1,0,unknown,0
6144,28,technician,single,secondary,no,5763,no,yes,cellular,5,jun,196,2,189,0,unknown,0
6145,27,management,single,tertiary,no,831,no,no,cellular,30,mar,119,2,-1,0,unknown,0
6146,27,management,single,tertiary,no,831,no,no,cellular,30,dec,100,2,-1,0,unknown,0
6147,58,services,divorced,secondary,no,462,yes,no,cellular,13,nov,495,1,93,1,other,0
6148,58,services,divorced,secondary,no,61665,no,no,cellular,13,nov,495,1,93,1,unknown,0
6149,27,student,single,secondary,no,279,no,no,cellular,12,oct,323,9,-1,3,unknown,0
6150,27,student,single,secondary,no,279,no,no,unknown,12,jan,323,1,-1,0,unknown,0
6151,35,management,single,tertiary,no,-324,no,yes,cellular,21,jul,552,11,-1,0,unknown,0
6152,35,management,single,tertiary,no,31660,no,yes,cellular,21,jul,985,11,-1,0,unknown,0
6153,22,student,single,primary,no,3472,no,yes,cellular,20,oct,332,8,183,3,failure,0
6154,41,student,single,primary,no,3472,no,yes,cellular,20,oct,332,1,183,3,failure,0
6155,37,blue-collar,single,secondary,no,311,yes,no,unknown,4,jun,1359,1,-1,0,unknown,1
6156,37,blue-collar,single,secondary,no,311,yes,no,unknown,4,jun,1360,1,-1,0,unknown,1
6157,20,blue-collar,single,secondary,no,423,yes,no,telephone,16,apr,498,8,-1,0,unknown,0
6158,43,blue-collar,single,secondary,no,423,yes,no,cellular,16,apr,498,1,-1,0,unknown,0
6159,35,blue-collar,married,unknown,no,484,no,no,cellular,8,jul,344,1,87,3,unknown,0
6160,35,blue-collar,single,unknown,no,484,no,yes,cellular,8,jul,344,1,1,3,failure,0
6161,29,housemaid,single,tertiary,no,3290,no,no,cellular,23,mar,136,1,291,2,unknown,0
6162,29,self-employed,married,tertiary,no,3290,no,no,cellular,23,mar,136,1,291,2,other,0
6163,44,services,divorced,secondary,yes,-368,yes,no,cellular,5,may,159,1,-1,0,unknown,0
6164,44,services,divorced,secondary,no,-368,yes,no,cellular,5,may,376,1,-1,13,unknown,0
6165,43,management,single,tertiary,no,1304,no,no,unknown,6,aug,501,2,378,0,unknown,0
6166,43,management,single,tertiary,no,1304,no,no,cellular,6,aug,351,2,-1,0,unknown,0
6167,37,student,single,unknown,no,444,no,no,cellular,26,may,402,5,-1,0,unknown,0
6168,22,student,single,unknown,no,444,no,no,cellular,4,may,1063,9,-1,0,unknown,0
6169,49,unemployed,married,secondary,no,12,yes,no,cellular,12,oct,511,3,187,1,failure,0
6170,56,unemployed,divorced,secondary,no,12,no,yes,cellular,12,oct,511,3,187,1,failure,0
6171,72,admin.,married,tertiary,no,2321,no,no,cellular,14,jan,221,2,64,12,failure,0
6172,72,admin.,married,primary,no,2321,no,yes,cellular,28,sep,221,2,64,12,failure,0
6173,66,retired,married,secondary,no,2326,no,yes,cellular,18,feb,232,9,181,1,unknown,0
6174,68,retired,married,secondary,no,2326,no,yes,cellular,18,feb,232,1,181,1,unknown,0
6175,52,retired,divorced,primary,no,-779,yes,yes,cellular,17,feb,347,1,-1,0,unknown,0
6176,52,retired,single,primary,no,-779,yes,yes,telephone,17,apr,709,1,-1,0,unknown,0
6177,33,management,married,tertiary,no,2599,no,yes,cellular,30,apr,10,2,-1,0,unknown,0
6178,33,management,married,tertiary,no,2599,no,no,cellular,30,apr,254,2,-1,0,unknown,0
6179,68,retired,married,secondary,no,2812,no,no,telephone,3,feb,279,2,181,1,failure,0
6180,68,retired,married,tertiary,no,2812,no,no,cellular,3,jan,279,12,181,1,failure,0
6181,53,technician,single,secondary,no,10783,yes,no,cellular,20,aug,627,2,-1,0,unknown,0
6182,33,technician,single,secondary,no,78861,yes,no,cellular,20,aug,513,2,-1,0,unknown,0
6183,24,student,single,secondary,no,1250,no,no,cellular,25,mar,41,2,-1,3,unknown,0
6184,24,student,married,secondary,no,1250,no,no,cellular,25,feb,411,2,-1,0,unknown,0
6185,39,services,married,tertiary,no,276,no,no,cellular,9,jun,334,2,-1,0,unknown,0
6186,39,blue-collar,married,secondary,no,276,no,no,cellular,9,jun,1223,22,-1,0,unknown,0
6187,70,retired,married,secondary,no,0,no,no,telephone,27,oct,258,1,92,5,unknown,0
6188,70,retired,married,secondary,no,0,no,no,cellular,27,oct,88,11,92,5,success,0
6189,74,management,single,tertiary,no,830,no,no,unknown,25,aug,961,4,-1,0,unknown,0
6190,48,management,single,tertiary,no,830,no,no,cellular,25,aug,523,22,-1,0,unknown,0
6191,45,housemaid,divorced,primary,no,221,no,no,cellular,2,feb,845,1,235,1,success,1
6192,45,housemaid,divorced,primary,no,221,no,no,cellular,2,feb,978,1,235,1,failure,1
6193,31,entrepreneur,single,tertiary,yes,-405,no,yes,cellular,13,aug,217,2,-1,0,unknown,0
6194,31,entrepreneur,single,tertiary,yes,-405,yes,yes,unknown,13,aug,703,2,101,0,unknown,0
6195,35,technician,married,secondary,no,4922,yes,no,cellular,17,may,92,4,201,17,other,0
6196,80,technician,married,secondary,no,4922,yes,yes,cellular,17,nov,393,4,201,17,other,0
6197,29,technician,single,tertiary,no,2489,yes,no,cellular,3,apr,355,1,302,5,failure,0
6198,29,technician,single,tertiary,no,2489,yes,no,cellular,27,mar,355,11,86,5,failure,0
6199,59,retired,married,primary,no,0,no,no,cellular,5,oct,493,7,-1,0,unknown,0
6200,59,retired,married,primary,no,0,no,no,cellular,5,jun,28,2,-1,0,unknown,0
6201,51,technician,married,primary,no,6840,no,no,telephone,7,jul,257,1,176,0,unknown,0
6202,51,technician,married,primary,no,6840,no,no,telephone,7,may,257,1,-1,0,unknown,0
6203,28,blue-collar,single,secondary,no,643,no,no,cellular,12,jul,308,9,-1,0,unknown,0
6204,28,blue-collar,single,secondary,no,643,no,no,cellular,15,jul,308,10,-1,0,unknown,0
6205,57,admin.,married,secondary,no,752,yes,no,cellular,6,may,519,2,166,8,failure,0
6206,32,admin.,married,secondary,no,752,yes,yes,cellular,6,may,519,10,166,5,failure,0
6207,36,unemployed,divorced,tertiary,no,871,no,no,cellular,12,aug,396,13,-1,0,unknown,0
6208,26,retired,divorced,secondary,no,871,no,no,cellular,12,aug,396,3,-1,0,unknown,0
6209,29,housemaid,single,unknown,no,10332,no,no,cellular,2,nov,46,8,-1,0,unknown,0
6210,29,student,single,unknown,no,10332,no,no,cellular,22,nov,46,3,-1,0,unknown,0
6211,27,blue-collar,divorced,secondary,no,294,yes,yes,unknown,28,may,694,2,-1,7,unknown,0
6212,27,blue-collar,single,secondary,no,294,yes,yes,unknown,5,may,694,2,-1,0,unknown,0
6213,80,retired,married,primary,no,155,no,no,telephone,12,oct,290,1,93,2,other,0
6214,80,retired,married,primary,no,155,no,no,telephone,22,mar,290,1,93,2,failure,0
6215,33,technician,single,tertiary,no,317,yes,no,cellular,16,jun,71,1,80,14,other,0
6216,33,technician,single,tertiary,no,317,yes,no,cellular,4,jun,166,11,80,14,other,0
6217,44,technician,married,tertiary,no,4580,yes,no,unknown,15,may,332,2,-1,0,unknown,0
6218,44,technician,married,tertiary,no,4580,yes,no,unknown,15,mar,911,8,-1,0,unknown,0
6219,69,blue-collar,married,unknown,no,621,yes,no,telephone,20,apr,1333,5,-1,0,unknown,0
6220,39,blue-collar,married,unknown,no,621,yes,no,cellular,20,mar,657,5,-1,0,unknown,0
6221,26,admin.,single,tertiary,no,-122,yes,no,unknown,23,may,670,3,-1,0,unknown,0
6222,26,admin.,married,primary,no,-122,yes,no,unknown,23,jun,670,3,-1,0,unknown,0
6223,59,housemaid,married,tertiary,no,0,no,no,telephone,13,nov,494,23,-1,4,unknown,0
6224,59,housemaid,married,tertiary,no,0,no,no,telephone,13,nov,494,12,-1,0,unknown,0
6225,36,blue-collar,married,secondary,no,249,yes,no,cellular,15,may,709,3,-1,0,unknown,0
6226,36,blue-collar,married,secondary,no,249,yes,no,cellular,15,may,192,5,-1,0,unknown,0
6227,29,technician,married,secondary,no,3466,yes,no,cellular,21,apr,274,1,-1,0,unknown,0
6228,29,technician,single,secondary,no,3466,yes,no,cellular,21,apr,274,1,-1,14,unknown,0
6229,47,blue-collar,married,tertiary,no,1230,yes,no,cellular,30,apr,412,1,169,1,failure,0
6230,47,blue-collar,married,secondary,no,1230,yes,no,cellular,20,apr,412,1,169,1,failure,0
6231,31,management,divorced,tertiary,no,3384,no,no,cellular,16,sep,153,1,104,2,other,0
6232,31,management,single,tertiary,no,3384,no,no,cellular,16,sep,153,1,104,14,other,0
6233,40,technician,married,primary,no,0,yes,no,unknown,21,jul,1080,4,-1,0,unknown,0
6234,40,blue-collar,married,primary,no,0,yes,no,telephone,21,jul,529,4,-1,0,unknown,0
6235,40,services,married,unknown,no,1082,yes,no,unknown,30,dec,854,2,-1,0,unknown,0
6236,40,services,married,unknown,no,1082,yes,no,unknown,30,may,1226,2,-1,0,unknown,0
6237,35,management,single,tertiary,no,331,no,no,telephone,14,aug,201,2,-1,0,unknown,0
6238,35,management,single,tertiary,no,331,no,no,cellular,14,oct,291,2,-1,0,unknown,0
6239,33,management,married,secondary,no,369,no,no,cellular,25,aug,1038,1,92,3,failure,1
6240,33,management,married,secondary,no,369,no,no,cellular,25,aug,536,1,92,3,failure,1
6241,34,admin.,single,secondary,no,8132,yes,no,unknown,20,oct,137,1,-1,0,unknown,0
6242,34,services,single,secondary,no,8132,yes,no,unknown,20,may,1789,1,-1,0,unknown,1
6243,29,management,single,tertiary,no,36795,yes,no,cellular,16,nov,238,1,-1,0,unknown,0
6244,29,management,single,tertiary,no,765,yes,no,cellular,16,nov,238,13,-1,0,unknown,0
6245,57,technician,divorced,secondary,no,3197,yes,yes,unknown,7,oct,333,1,-1,0,unknown,1
6246,57,management,divorced,secondary,no,2710,yes,yes,unknown,7,may,1767,1,-1,0,unknown,1
6247,30,unemployed,single,tertiary,no,1159,no,yes,telephone,5,jun,366,1,119,0,unknown,0
6248,30,unemployed,single,tertiary,no,1159,no,no,telephone,5,nov,365,1,-1,0,unknown,0
6249,34,housemaid,divorced,tertiary,no,2240,no,no,cellular,8,sep,220,2,184,3,unknown,0
6250,34,management,divorced,tertiary,no,2240,no,no,cellular,8,may,220,2,184,3,unknown,0
6251,39,technician,married,primary,no,2983,no,no,unknown,3,dec,472,1,-1,0,unknown,0
6252,87,technician,married,secondary,no,2983,no,yes,cellular,3,dec,472,1,-1,0,unknown,0
6253,41,technician,married,secondary,no,1270,yes,no,unknown,5,may,668,1,-1,0,unknown,0
6254,41,self-employed,married,secondary,no,1270,yes,no,unknown,5,may,409,1,-1,0,unknown,0
6255,62,housemaid,married,tertiary,no,1528,no,no,cellular,14,jun,1579,1,-1,0,unknown,0
6256,62,housemaid,married,tertiary,no,1528,no,yes,cellular,14,jan,496,1,-1,0,unknown,0
6257,56,admin.,divorced,secondary,no,2087,no,no,cellular,20,nov,105,3,-1,0,unknown,0
6258,46,admin.,divorced,secondary,no,2087,no,no,unknown,20,nov,768,3,-1,6,unknown,0
6259,48,housemaid,married,secondary,no,513,no,yes,cellular,28,jul,158,3,-1,0,unknown,0
6260,48,housemaid,married,secondary,no,513,no,yes,cellular,28,jul,418,3,-1,0,unknown,0
6261,40,admin.,single,tertiary,no,47762,no,no,cellular,20,aug,429,2,-1,0,unknown,0
6262,40,admin.,single,tertiary,no,27,no,no,cellular,20,aug,177,2,-1,0,unknown,0
6263,32,housemaid,single,secondary,no,1693,yes,no,cellular,10,feb,515,1,-1,0,unknown,0
6264,35,technician,single,primary,no,1693,yes,no,cellular,10,dec,515,1,-1,0,unknown,0
6265,92,student,married,unknown,no,775,no,no,cellular,26,jan,6,4,96,3,success,0
6266,92,retired,married,unknown,no,775,no,no,cellular,26,jan,64,4,96,3,success,0
6267,22,student,single,secondary,no,0,no,no,cellular,6,feb,903,10,-1,0,unknown,0
6268,22,student,single,secondary,no,0,no,no,unknown,6,may,229,6,-1,0,unknown,0
6269,26,student,single,tertiary,no,10086,no,no,cellular,21,oct,110,13,-1,0,unknown,0
6270,26,student,single,tertiary,no,10086,no,no,cellular,21,apr,110,2,530,11,unknown,0
6271,48,technician,single,secondary,no,522,yes,no,unknown,19,may,1576,1,-1,0,unknown,1
6272,48,technician,single,secondary,no,522,yes,no,unknown,19,may,1347,1,-1,0,unknown,1
6273,26,management,married,tertiary,no,243,no,no,unknown,26,mar,482,1,-1,0,unknown,0
6274,26,management,divorced,tertiary,no,243,yes,no,cellular,26,may,482,1,-1,0,unknown,0
6275,63,blue-collar,single,primary,no,641,no,no,cellular,27,may,417,2,-1,0,unknown,0
6276,63,student,married,secondary,no,641,no,yes,cellular,27,may,417,2,-1,0,unknown,0
6277,41,blue-collar,single,secondary,no,1085,yes,yes,unknown,7,jul,599,1,-1,0,unknown,0
6278,41,blue-collar,single,secondary,yes,1085,yes,yes,unknown,7,jul,599,1,-1,2,unknown,0
6279,39,management,married,tertiary,no,494,no,no,cellular,10,mar,106,9,49,3,failure,0
6280,39,management,married,primary,no,494,no,no,cellular,10,mar,106,2,246,3,failure,0
6281,49,technician,married,secondary,no,550,yes,no,unknown,5,oct,1258,2,-1,0,unknown,1
6282,49,technician,married,secondary,no,550,yes,no,unknown,5,jun,833,2,-1,0,success,0
6283,48,management,married,tertiary,no,157,no,no,cellular,28,jan,417,2,-1,0,unknown,0
6284,48,management,married,tertiary,no,157,no,no,cellular,28,jan,94,4,-1,0,failure,0
6285,35,housemaid,divorced,primary,no,46,no,no,cellular,25,mar,115,1,-1,0,unknown,0
6286,83,retired,single,primary,no,46,no,no,cellular,1,mar,115,1,-1,0,unknown,0
6287,19,student,single,secondary,no,372,no,no,unknown,8,jul,480,3,-1,0,unknown,0
6288,19,student,single,secondary,no,372,no,no,telephone,8,jul,315,3,279,0,unknown,0
6289,55,management,married,tertiary,no,33,yes,no,cellular,30,jun,246,3,-1,0,success,1
6290,55,management,married,tertiary,no,33,yes,no,cellular,30,jul,1360,3,-1,0,unknown,1
6291,58,technician,married,primary,no,4198,no,no,telephone,15,aug,441,5,246,5,failure,0
6292,58,technician,married,primary,no,4198,yes,no,cellular,15,oct,441,5,246,1,failure,0
6293,49,technician,married,tertiary,no,53565,no,no,cellular,13,aug,354,2,-1,0,unknown,0
6294,49,technician,married,tertiary,no,1235,no,no,cellular,13,may,354,3,-1,0,unknown,0
6295,29,management,single,tertiary,no,1808,no,yes,cellular,7,jul,273,2,433,1,failure,0
6296,29,management,single,tertiary,no,1808,no,no,cellular,7,jul,158,2,433,1,other,0
6297,53,blue-collar,married,primary,no,80273,yes,no,cellular,17,nov,677,1,-1,0,unknown,0
6298,53,blue-collar,married,primary,no,19108,yes,no,cellular,20,nov,677,1,-1,0,unknown,0
6299,24,management,single,tertiary,no,2845,no,no,cellular,30,apr,115,2,-1,0,unknown,0
6300,24,management,single,tertiary,no,2845,no,yes,cellular,30,jan,779,2,-1,0,unknown,0
6301,62,management,married,secondary,no,1128,no,no,unknown,2,sep,236,1,290,1,other,0
6302,62,management,married,secondary,yes,1128,no,no,unknown,2,sep,236,1,290,3,other,0
6303,58,retired,divorced,secondary,no,1080,yes,no,cellular,29,jul,638,2,-1,0,unknown,0
6304,58,retired,divorced,secondary,no,1080,yes,no,cellular,29,may,254,2,-1,0,unknown,0
6305,25,admin.,single,secondary,no,507,yes,no,telephone,15,may,832,1,197,3,failure,0
6306,25,admin.,single,secondary,no,507,yes,no,cellular,15,may,431,1,367,3,failure,0
6307,37,blue-collar,married,secondary,yes,4321,no,no,unknown,5,jun,657,1,-1,0,unknown,0
6308,37,blue-collar,single,secondary,no,4321,no,no,unknown,5,jun,657,1,-1,0,unknown,0
6309,66,retired,married,primary,no,2883,no,no,cellular,23,apr,1142,1,-1,0,unknown,0
6310,66,retired,married,secondary,no,2883,no,no,cellular,23,may,158,1,-1,0,unknown,0
6311,35,blue-collar,married,secondary,no,698,yes,yes,cellular,30,may,326,3,-1,0,unknown,0
6312,35,housemaid,married,secondary,no,698,yes,yes,unknown,8,may,1343,3,-1,0,unknown,0
6313,26,admin.,single,tertiary,no,313,no,yes,cellular,2,jun,110,1,96,2,success,0
6314,26,admin.,single,tertiary,yes,313,no,yes,cellular,2,jun,199,1,96,2,failure,0
6315,36,management,single,unknown,no,62,yes,no,cellular,13,apr,398,2,-1,9,unknown,0
6316,36,management,single,primary,no,62,yes,no,cellular,13,apr,398,2,-1,0,unknown,0
6317,50,admin.,divorced,secondary,no,237,no,yes,telephone,19,nov,169,5,-1,0,unknown,0
6318,66,admin.,divorced,secondary,no,237,no,yes,telephone,5,nov,169,1,-1,0,unknown,0
6319,70,housemaid,divorced,primary,no,1311,no,no,cellular,11,aug,194,1,-1,0,other,0
6320,70,student,single,primary,no,1311,no,no,cellular,11,aug,651,1,-1,0,unknown,0
6321,73,retired,divorced,primary,no,5028,no,no,unknown,4,dec,696,10,-1,6,unknown,0
6322,73,unknown,married,primary,no,5028,no,no,cellular,4,dec,696,10,-1,0,unknown,0
6323,57,blue-collar,married,primary,no,3109,no,yes,unknown,2,jun,482,2,-1,0,unknown,0
6324,57,blue-collar,single,primary,no,3109,no,yes,cellular,2,jun,482,2,-1,0,unknown,0
6325,35,technician,single,tertiary,no,5301,no,no,cellular,21,nov,410,2,-1,14,unknown,0
6326,35,technician,single,tertiary,no,5301,no,no,unknown,21,nov,219,2,-1,0,unknown,0
6327,31,retired,divorced,primary,no,315,no,no,cellular,17,feb,154,1,-1,0,unknown,0
6328,33,retired,divorced,primary,no,315,no,no,cellular,17,feb,154,1,-1,12,unknown,0
6329,81,retired,single,primary,no,5220,no,no,telephone,13,nov,135,1,439,2,other,0
6330,81,retired,married,primary,no,5220,no,no,telephone,16,nov,135,1,181,2,other,0
6331,35,admin.,divorced,secondary,no,1224,yes,no,cellular,3,nov,187,1,351,0,unknown,0
6332,35,admin.,divorced,secondary,no,1224,yes,no,cellular,3,sep,187,1,-1,0,unknown,0
6333,82,retired,married,primary,no,243,no,no,cellular,26,jan,275,1,180,2,failure,0
6334,82,retired,married,primary,no,243,no,no,cellular,26,jul,107,1,180,2,success,0
6335,20,student,single,secondary,no,57673,no,yes,cellular,21,aug,228,4,183,1,other,0
6336,20,student,single,secondary,no,215,no,yes,cellular,21,aug,228,4,183,17,other,0
6337,62,management,married,secondary,no,997,no,no,cellular,22,apr,99,1,304,2,success,0
6338,62,management,married,tertiary,no,997,no,no,telephone,22,apr,96,1,304,2,success,0
6339,59,retired,divorced,tertiary,no,-46,no,no,cellular,6,feb,241,2,-1,0,unknown,0
6340,59,self-employed,divorced,tertiary,yes,3444,no,no,cellular,6,feb,241,2,-1,0,unknown,0
6341,32,management,single,tertiary,no,935,yes,no,cellular,10,aug,163,2,375,5,failure,0
6342,82,management,single,tertiary,no,935,no,no,telephone,10,aug,161,2,375,5,failure,0
6343,34,entrepreneur,single,tertiary,no,212,no,no,cellular,25,oct,278,8,-1,0,unknown,0
6344,34,management,single,tertiary,no,212,no,no,cellular,24,dec,278,8,-1,0,unknown,0
6345,60,retired,married,tertiary,no,2557,yes,no,cellular,2,feb,415,1,306,0,other,0
6346,60,retired,married,secondary,no,2557,yes,no,cellular,2,feb,415,9,-1,0,unknown,0
6347,31,services,single,secondary,no,181,no,no,cellular,12,aug,182,1,104,11,failure,0
6348,31,services,single,secondary,no,181,no,no,cellular,12,aug,17,10,104,1,success,0
6349,72,technician,married,secondary,no,2473,no,no,cellular,28,jul,965,4,-1,0,unknown,0
6350,36,self-employed,married,secondary,no,2473,no,yes,cellular,28,aug,965,4,-1,0,unknown,0
6351,39,management,divorced,tertiary,no,4558,yes,no,cellular,21,nov,648,1,-1,0,unknown,0
6352,82,management,single,tertiary,no,1968,no,no,cellular,21,nov,648,1,-1,0,unknown,0
6353,26,technician,married,secondary,no,915,no,no,unknown,2,aug,384,1,-1,0,unknown,0
6354,26,technician,divorced,secondary,no,915,no,yes,cellular,2,jun,384,1,-1,0,unknown,0
6355,59,services,divorced,secondary,no,-236,yes,no,cellular,28,jul,745,7,-1,0,unknown,0
6356,43,services,married,tertiary,no,-236,yes,no,cellular,28,jul,164,7,-1,0,unknown,0
6357,45,entrepreneur,divorced,tertiary,no,14286,yes,no,unknown,13,may,470,1,-1,0,unknown,0
6358,44,entrepreneur,divorced,tertiary,no,-395,yes,no,telephone,13,may,470,1,-1,0,unknown,0
6359,31,technician,divorced,secondary,no,470,no,no,cellular,5,aug,480,3,-1,0,unknown,0
6360,57,technician,divorced,secondary,no,470,no,no,cellular,31,aug,480,3,-1,0,unknown,0
6361,23,entrepreneur,married,tertiary,no,489,no,yes,cellular,18,aug,1447,4,-1,0,unknown,1
6362,23,entrepreneur,married,tertiary,no,489,no,yes,cellular,18,aug,1721,4,-1,0,unknown,0
6363,53,retired,single,primary,no,0,no,no,unknown,9,apr,114,1,-1,0,unknown,1
6364,40,retired,single,primary,no,0,no,no,unknown,9,apr,114,1,-1,0,unknown,1
6365,43,retired,married,primary,no,1413,no,no,cellular,25,feb,190,2,-1,0,unknown,0
6366,74,retired,married,secondary,no,1413,no,yes,cellular,25,feb,385,2,-1,0,unknown,0
6367,45,student,divorced,secondary,no,397,yes,yes,cellular,22,may,582,1,95,2,other,0
6368,45,admin.,divorced,secondary,no,72332,yes,yes,cellular,22,may,582,1,95,2,other,0
6369,31,admin.,divorced,secondary,no,217,yes,no,cellular,30,jan,458,2,-1,0,unknown,0
6370,31,technician,divorced,secondary,no,217,yes,no,cellular,30,jan,273,2,-1,0,unknown,0
6371,32,blue-collar,married,primary,no,2114,yes,no,telephone,17,oct,742,1,-1,0,unknown,1
6372,32,blue-collar,married,primary,no,2114,yes,no,telephone,17,apr,1224,1,-1,0,success,1
6373,71,retired,married,secondary,no,1712,no,no,cellular,11,apr,660,1,349,0,unknown,0
6374,71,retired,married,secondary,no,1712,no,yes,cellular,11,feb,6,1,-1,0,unknown,0
6375,53,management,divorced,tertiary,no,380,no,yes,cellular,22,jun,438,2,-1,0,unknown,0
6376,53,management,married,tertiary,no,380,no,yes,cellular,5,jun,438,2,-1,5,unknown,0
6377,36,technician,married,tertiary,no,4596,yes,no,unknown,8,jun,234,2,175,2,success,0
6378,36,technician,married,tertiary,no,4596,yes,no,cellular,20,oct,234,2,175,2,unknown,0
6379,31,admin.,single,secondary,no,410,no,no,cellular,23,nov,342,1,304,0,unknown,0
6380,31,admin.,single,secondary,no,410,no,no,cellular,23,jul,342,1,367,0,unknown,0
6381,58,entrepreneur,single,tertiary,no,853,no,no,unknown,5,may,1149,2,-1,0,unknown,0
6382,58,entrepreneur,married,tertiary,no,853,no,no,unknown,5,feb,108,2,-1,0,unknown,0
6383,44,technician,divorced,tertiary,no,1070,yes,no,cellular,11,nov,103,1,91,5,success,0
6384,44,self-employed,divorced,tertiary,no,1070,no,no,cellular,11,nov,172,1,91,5,other,0
6385,43,self-employed,divorced,secondary,no,347,no,no,cellular,19,nov,71,3,-1,0,unknown,0
6386,43,self-employed,divorced,secondary,no,347,no,no,cellular,19,nov,562,3,-1,0,unknown,0
6387,36,services,married,primary,no,92,no,no,cellular,5,jun,244,12,-1,0,unknown,0
6388,36,services,married,primary,no,92,yes,no,cellular,5,oct,244,11,-1,0,unknown,0
6389,47,unemployed,married,secondary,no,1387,yes,no,unknown,30,may,984,4,-1,0,unknown,1
6390,47,technician,married,secondary,no,1387,yes,no,unknown,30,may,1352,4,-1,8,unknown,1
6391,45,technician,single,primary,no,718,yes,no,unknown,14,may,1110,1,-1,0,unknown,1
6392,45,technician,single,primary,no,718,yes,no,unknown,14,may,939,1,-1,0,unknown,1
6393,30,technician,single,secondary,yes,-522,yes,yes,cellular,5,may,204,2,286,6,failure,0
6394,87,technician,single,secondary,no,-522,yes,yes,telephone,5,may,670,2,286,6,failure,0
6395,57,blue-collar,married,primary,no,3109,no,no,cellular,15,sep,471,2,105,2,failure,0
6396,57,blue-collar,married,primary,no,3109,no,no,cellular,15,sep,107,3,105,2,unknown,0
6397,45,unemployed,married,secondary,no,2040,no,yes,telephone,2,feb,107,1,-1,0,unknown,0
6398,45,unemployed,divorced,secondary,no,2040,no,no,telephone,2,feb,803,1,-1,9,unknown,0
6399,42,management,married,secondary,no,5310,yes,no,cellular,25,nov,66,2,97,4,success,0
6400,42,management,married,primary,no,5310,yes,yes,cellular,25,nov,101,2,97,4,success,0
6401,36,blue-collar,married,secondary,no,1193,no,no,cellular,30,feb,452,1,-1,0,unknown,0
6402,36,blue-collar,married,secondary,no,1193,no,no,cellular,30,dec,640,5,-1,0,unknown,0
6403,54,blue-collar,divorced,primary,no,4401,no,yes,telephone,13,may,129,1,183,2,success,0
6404,54,blue-collar,divorced,primary,no,4401,no,yes,telephone,13,may,414,1,183,2,failure,0
6405,26,technician,married,secondary,no,65076,yes,no,cellular,7,sep,211,1,294,1,failure,0
6406,52,technician,married,secondary,no,0,yes,no,cellular,7,sep,608,7,294,1,failure,0
6407,28,services,single,secondary,no,340,yes,no,cellular,24,jul,694,12,-1,0,unknown,0
6408,68,services,single,secondary,no,340,yes,no,cellular,24,jul,821,2,-1,0,unknown,0
6409,42,technician,married,tertiary,no,757,no,no,cellular,2,feb,154,1,-1,0,unknown,0
6410,42,technician,married,tertiary,no,757,no,no,cellular,10,feb,154,7,-1,0,unknown,0
6411,40,blue-collar,married,secondary,no,5060,yes,no,unknown,9,mar,299,1,-1,0,unknown,0
6412,40,blue-collar,married,secondary,no,5060,yes,no,telephone,9,nov,299,1,-1,0,unknown,0
6413,46,admin.,married,tertiary,no,2552,no,no,cellular,3,sep,17,1,94,8,unknown,0
6414,46,admin.,married,tertiary,no,2552,no,no,cellular,3,sep,250,1,94,8,unknown,0
6415,61,housemaid,married,primary,no,2580,yes,no,cellular,16,jun,270,3,202,7,other,0
6416,61,housemaid,married,primary,no,2580,no,yes,cellular,16,nov,270,3,202,7,other,0
6417,36,blue-collar,single,primary,no,319,yes,no,cellular,13,may,774,2,301,1,success,0
6418,36,blue-collar,divorced,primary,no,319,yes,no,cellular,13,may,774,2,301,1,other,0
6419,72,blue-collar,divorced,secondary,no,10613,no,yes,cellular,26,feb,1226,1,-1,0,unknown,0
6420,49,blue-collar,divorced,secondary,no,10613,no,yes,unknown,22,feb,1226,1,-1,0,unknown,0
6421,54,retired,married,secondary,no,1371,no,yes,cellular,25,jul,1492,2,-1,0,unknown,0
6422,67,housemaid,married,secondary,no,1371,no,no,telephone,25,jul,1492,2,-1,0,unknown,0
6423,74,retired,married,secondary,no,935,no,no,cellular,25,oct,10,1,209,3,success,0
6424,74,retired,married,secondary,no,61928,no,no,cellular,25,oct,119,1,173,3,success,0
6425,47,entrepreneur,married,tertiary,no,1639,no,no,cellular,12,jan,349,1,-1,0,unknown,0
6426,47,services,divorced,tertiary,no,1639,no,no,cellular,26,jan,349,1,-1,0,unknown,0
6427,32,technician,married,secondary,no,908,yes,no,unknown,20,may,1310,1,-1,0,failure,1
6428,32,technician,married,secondary,no,19466,yes,no,unknown,20,may,2453,1,-1,0,unknown,1
6429,23,blue-collar,married,primary,no,965,yes,no,unknown,21,may,1161,9,-1,0,unknown,1
6430,23,student,divorced,primary,no,965,yes,no,unknown,21,may,1161,4,-1,0,unknown,1
6431,39,management,married,tertiary,no,2939,no,no,cellular,6,oct,165,1,99,3,failure,0
6432,39,management,married,tertiary,no,2939,no,no,telephone,6,oct,608,7,99,3,failure,0
6433,23,services,single,secondary,no,279,yes,no,cellular,18,dec,317,1,370,1,failure,0
6434,23,services,single,secondary,no,279,yes,no,cellular,29,may,220,1,370,1,failure,0
6435,31,management,divorced,tertiary,no,16694,yes,no,cellular,12,mar,119,1,-1,0,unknown,0
6436,31,management,divorced,tertiary,no,71,no,no,unknown,9,mar,119,1,-1,0,unknown,0
6437,30,technician,married,secondary,no,776,yes,no,cellular,30,apr,861,11,-1,0,unknown,0
6438,30,technician,married,secondary,no,776,no,no,telephone,30,apr,138,2,-1,0,unknown,0
6439,30,retired,married,tertiary,no,2557,yes,no,cellular,14,sep,211,1,216,7,unknown,0
6440,49,retired,married,tertiary,no,2557,yes,no,cellular,14,sep,211,1,216,7,failure,0
6441,40,services,married,tertiary,no,39328,yes,no,unknown,15,may,920,2,-1,0,unknown,0
6442,40,services,married,secondary,no,-9,yes,no,unknown,15,may,920,23,-1,0,unknown,0
6443,28,blue-collar,single,secondary,no,1348,yes,no,unknown,6,feb,221,2,-1,0,unknown,0
6444,28,self-employed,single,secondary,no,1348,yes,no,cellular,6,aug,221,2,-1,0,unknown,0
6445,35,blue-collar,married,secondary,no,0,yes,yes,unknown,29,may,543,1,-1,10,failure,1
6446,35,blue-collar,married,secondary,no,0,yes,yes,unknown,29,may,543,1,1,0,unknown,0
6447,28,technician,married,secondary,no,37723,yes,no,cellular,20,apr,188,3,-1,0,unknown,0
6448,28,technician,married,secondary,no,1086,yes,no,cellular,20,apr,268,3,-1,3,unknown,0
6449,36,services,married,tertiary,no,203,no,no,cellular,23,jul,608,3,179,2,unknown,0
6450,36,management,married,tertiary,no,203,no,yes,cellular,23,jul,608,3,179,2,failure,0
6451,50,unemployed,married,secondary,no,19503,no,no,cellular,28,jun,239,4,-1,0,unknown,0
6452,50,unemployed,married,unknown,no,74050,no,no,cellular,9,jun,239,4,-1,0,unknown,0
6453,23,technician,single,tertiary,no,55549,yes,no,unknown,28,may,9,1,-1,0,unknown,0
6454,23,technician,single,tertiary,no,1129,yes,no,unknown,28,may,187,1,-1,6,unknown,0
6455,34,student,married,secondary,no,2374,yes,no,cellular,9,nov,161,1,209,2,failure,0
6456,34,admin.,married,primary,no,2374,yes,no,cellular,9,nov,161,1,209,2,failure,0
6457,32,entrepreneur,married,tertiary,no,284,yes,no,cellular,15,apr,717,3,-1,0,unknown,0
6458,32,admin.,married,tertiary,no,284,yes,no,unknown,28,apr,717,3,-1,0,unknown,0
6459,33,unemployed,married,secondary,no,1211,no,no,cellular,11,feb,125,1,188,1,success,0
6460,33,unemployed,married,secondary,no,18572,no,no,cellular,11,feb,535,1,188,1,failure,0
6461,30,services,divorced,primary,no,459,no,no,cellular,18,jul,494,25,-1,0,unknown,0
6462,30,services,divorced,secondary,no,459,yes,no,cellular,18,jul,494,1,-1,13,unknown,0
6463,36,services,married,secondary,yes,5000,no,no,unknown,16,jun,1584,5,-1,0,unknown,1
6464,36,services,married,tertiary,no,5000,no,no,unknown,16,jun,1007,5,-1,0,unknown,1
6465,48,admin.,married,secondary,no,368,no,no,cellular,8,oct,363,2,140,7,other,0
6466,48,admin.,married,secondary,yes,368,no,no,cellular,8,oct,363,2,140,7,other,0
6467,64,retired,single,primary,no,109,no,no,cellular,23,jun,159,1,225,2,success,0
6468,64,retired,divorced,primary,no,109,no,no,cellular,23,jun,128,1,225,2,success,0
6469,47,blue-collar,divorced,primary,no,29932,yes,no,unknown,3,jun,616,2,-1,0,unknown,0
6470,47,blue-collar,divorced,primary,no,126,yes,no,unknown,3,jun,117,2,-1,0,unknown,0
6471,44,management,married,tertiary,yes,1791,yes,no,cellular,11,feb,71,1,190,1,success,0
6472,44,self-employed,married,tertiary,no,1791,no,no,cellular,11,feb,71,1,190,1,other,0
6473,59,services,married,secondary,no,65985,yes,no,cellular,13,may,506,3,-1,0,unknown,0
6474,59,services,married,secondary,no,2965,yes,no,cellular,17,may,552,3,-1,0,unknown,0
6475,37,self-employed,married,secondary,no,1633,no,no,cellular,27,jul,629,2,-1,0,failure,0
6476,37,self-employed,married,secondary,no,1633,no,no,cellular,15,jul,629,2,-1,0,failure,0
6477,58,blue-collar,married,secondary,no,25,no,no,unknown,9,jun,486,20,-1,0,unknown,0
6478,58,blue-collar,married,secondary,no,1143,no,no,unknown,9,jun,486,3,-1,0,unknown,0
6479,38,blue-collar,divorced,secondary,no,8,yes,yes,cellular,10,jul,627,1,-1,0,unknown,0
6480,29,blue-collar,married,secondary,no,34406,yes,yes,cellular,10,mar,627,1,-1,0,unknown,0
6481,44,entrepreneur,single,unknown,no,323,yes,no,cellular,28,jul,332,23,181,2,failure,0
6482,44,entrepreneur,single,unknown,no,67787,no,no,cellular,28,nov,332,2,181,2,failure,0
6483,28,services,single,secondary,no,341,no,no,cellular,15,may,437,3,347,7,other,0
6484,28,services,single,secondary,no,341,no,no,cellular,15,may,437,20,347,3,other,0
6485,47,management,divorced,primary,no,600,no,no,cellular,19,aug,290,15,-1,0,unknown,0
6486,47,management,married,tertiary,no,600,no,no,cellular,19,aug,290,6,206,0,unknown,0
6487,39,student,married,secondary,no,167,yes,yes,cellular,12,may,612,1,-1,3,unknown,0
6488,39,technician,married,secondary,no,167,yes,yes,cellular,12,may,587,1,-1,0,unknown,0
6489,83,management,single,secondary,no,360,no,no,cellular,18,may,309,1,-1,0,unknown,0
6490,31,management,single,secondary,no,360,yes,no,cellular,18,may,1015,8,-1,0,unknown,0
6491,78,retired,married,primary,no,8556,no,no,telephone,21,apr,137,2,-1,4,success,0
6492,78,retired,married,primary,no,8556,no,no,telephone,21,feb,137,2,-1,0,unknown,0
6493,30,blue-collar,single,tertiary,no,297,no,no,cellular,7,nov,465,4,-1,13,unknown,0
6494,30,blue-collar,single,tertiary,no,297,no,no,cellular,7,jan,465,4,-1,0,unknown,0
6495,44,technician,divorced,secondary,no,1262,yes,no,cellular,26,may,788,11,-1,8,unknown,0
6496,44,technician,divorced,secondary,no,1262,yes,no,telephone,26,may,535,11,-1,0,unknown,0
6497,42,unknown,single,unknown,no,942,no,no,cellular,27,jan,332,1,92,2,failure,0
6498,42,unknown,single,unknown,no,942,no,no,cellular,27,jan,245,15,92,2,unknown,0
6499,29,self-employed,married,secondary,no,425,yes,no,unknown,5,jun,562,2,-1,0,failure,0
6500,74,retired,married,secondary,no,425,yes,no,unknown,5,jun,562,15,-1,0,unknown,0
6501,71,retired,married,tertiary,no,14220,yes,no,unknown,9,sep,397,15,-1,0,unknown,0
6502,58,retired,married,unknown,no,14220,yes,no,cellular,9,sep,397,1,-1,0,unknown,0
6503,66,management,divorced,tertiary,no,0,yes,no,telephone,18,nov,1303,2,-1,0,unknown,1
6504,63,management,divorced,tertiary,no,0,yes,no,telephone,18,nov,1148,2,-1,0,unknown,1
6505,72,admin.,divorced,secondary,no,3834,yes,no,cellular,21,may,72,1,-1,0,unknown,1
6506,37,admin.,divorced,secondary,no,3834,yes,no,unknown,21,may,1447,1,-1,0,unknown,1
6507,31,management,single,tertiary,no,5205,no,no,cellular,9,oct,529,2,-1,0,failure,0
6508,31,retired,single,tertiary,no,5205,no,yes,cellular,9,jun,529,2,-1,0,unknown,0
6509,68,unknown,married,secondary,no,1443,no,no,telephone,21,dec,2062,2,257,1,failure,0
6510,68,retired,married,secondary,no,1443,no,no,telephone,21,dec,97,2,257,1,success,0
6511,53,admin.,divorced,unknown,no,257,no,no,cellular,11,jul,151,2,-1,0,unknown,0
6512,53,admin.,divorced,unknown,no,38598,no,no,cellular,11,jul,241,2,-1,0,unknown,0
6513,72,admin.,married,secondary,no,30186,no,no,cellular,6,sep,312,1,-1,0,unknown,0
6514,72,retired,married,secondary,no,38429,no,no,cellular,6,oct,312,1,-1,0,unknown,0
6515,38,unemployed,married,primary,no,7005,yes,no,unknown,7,jul,370,1,239,1,failure,0
6516,38,unemployed,married,primary,no,7005,yes,no,cellular,24,jul,370,1,292,1,failure,0
6517,27,services,single,secondary,no,1347,no,no,unknown,28,dec,824,1,193,11,unknown,0
6518,27,technician,single,secondary,no,1347,no,no,telephone,28,dec,824,1,193,11,other,0
6519,49,self-employed,married,tertiary,yes,23917,no,no,cellular,11,aug,1186,4,-1,0,unknown,1
6520,49,self-employed,married,tertiary,no,23917,no,no,cellular,11,aug,632,4,-1,0,unknown,1
6521,61,management,married,tertiary,no,6016,no,no,telephone,21,feb,670,3,-1,0,unknown,0
6522,51,management,married,tertiary,no,6016,no,no,cellular,16,feb,670,3,-1,0,unknown,0
6523,52,management,single,tertiary,no,362,no,no,cellular,3,nov,617,2,-1,0,unknown,0
6524,54,management,single,tertiary,no,362,no,no,cellular,3,feb,617,2,-1,0,unknown,0
6525,43,technician,married,secondary,no,-1781,yes,no,unknown,13,may,1721,2,-1,0,unknown,0
6526,79,technician,married,secondary,no,3285,yes,yes,unknown,13,may,1721,2,-1,0,unknown,0
6527,63,management,married,tertiary,no,3115,no,no,cellular,16,nov,121,5,254,0,unknown,0
6528,63,management,married,tertiary,no,3115,no,no,unknown,16,nov,432,5,-1,0,unknown,0
6529,33,management,married,tertiary,no,30201,no,no,unknown,22,aug,1258,2,-1,0,unknown,0
6530,73,management,married,tertiary,no,4570,no,no,cellular,22,aug,1258,2,-1,0,unknown,0
6531,49,services,married,unknown,no,0,yes,no,cellular,6,may,445,2,166,3,failure,0
6532,49,student,married,primary,no,17545,yes,no,cellular,6,may,445,2,166,3,failure,0
6533,59,technician,divorced,secondary,no,135,yes,no,cellular,23,jul,416,4,-1,0,unknown,0
6534,59,technician,married,secondary,no,135,no,no,cellular,23,jul,416,4,-1,0,unknown,0
6535,49,admin.,single,unknown,no,1226,no,no,cellular,10,apr,257,1,-1,0,unknown,1
6536,49,admin.,single,unknown,no,1226,no,no,unknown,30,apr,400,1,-1,0,unknown,1
6537,63,retired,married,secondary,no,1612,no,yes,telephone,23,feb,233,2,-1,0,unknown,0
6538,63,unemployed,married,secondary,no,1612,no,no,telephone,17,may,233,2,-1,0,unknown,0
6539,37,management,married,tertiary,no,287,yes,no,cellular,25,jul,1058,2,-1,0,unknown,0
6540,37,management,married,tertiary,no,287,yes,no,cellular,25,jul,974,6,-1,0,unknown,1
6541,35,management,single,secondary,no,339,yes,no,unknown,23,may,1602,1,-1,0,unknown,1
6542,35,management,married,secondary,no,339,yes,no,unknown,23,may,317,1,-1,8,success,1
6543,76,housemaid,married,primary,no,-156,no,yes,cellular,30,nov,1211,2,-1,0,unknown,0
6544,44,housemaid,married,primary,no,-156,no,yes,cellular,30,jul,406,2,-1,0,unknown,0
6545,31,admin.,single,secondary,yes,690,no,no,cellular,6,feb,1143,12,-1,0,unknown,1
6546,31,admin.,single,secondary,no,690,no,no,cellular,6,feb,1030,12,-1,0,unknown,1
6547,41,technician,married,secondary,no,42803,yes,no,unknown,19,may,579,5,-1,0,unknown,0
6548,72,technician,married,secondary,no,501,yes,no,unknown,19,may,579,5,-1,17,unknown,0
6549,31,technician,single,secondary,no,846,no,no,unknown,26,may,405,3,185,2,failure,0
6550,31,technician,single,tertiary,no,846,no,no,cellular,26,may,405,12,205,2,failure,0
6551,46,services,married,secondary,no,74,yes,no,cellular,15,may,994,4,-1,0,unknown,1
6552,46,services,married,secondary,no,74,yes,no,unknown,15,may,1720,4,-1,0,unknown,0
6553,26,management,single,tertiary,no,194,no,no,cellular,3,apr,407,13,-1,0,unknown,0
6554,26,management,single,primary,no,194,yes,no,cellular,22,apr,407,2,-1,0,unknown,0
6555,31,management,single,tertiary,no,147,no,no,cellular,9,mar,41,4,181,2,success,0
6556,31,management,single,tertiary,no,147,no,no,cellular,9,may,469,1,181,2,failure,0
6557,30,technician,single,tertiary,no,-970,no,yes,cellular,21,aug,1319,2,-1,0,unknown,1
6558,28,technician,single,tertiary,no,-970,no,yes,cellular,21,aug,1319,2,-1,0,unknown,1
6559,39,admin.,divorced,secondary,no,878,yes,no,cellular,15,feb,611,4,-1,0,unknown,0
6560,39,admin.,divorced,secondary,no,878,yes,no,telephone,15,may,119,5,-1,0,unknown,0
6561,30,admin.,married,tertiary,no,346,no,no,cellular,11,oct,212,25,-1,0,unknown,0
6562,27,admin.,married,tertiary,no,346,no,no,cellular,11,oct,212,22,-1,0,other,0
6563,42,admin.,divorced,secondary,no,-172,yes,yes,unknown,8,jun,1038,1,-1,0,unknown,1
6564,42,admin.,divorced,secondary,no,-172,yes,yes,unknown,4,jun,895,13,-1,0,unknown,0
6565,60,services,single,primary,no,313,yes,no,unknown,15,may,364,2,273,0,unknown,0
6566,60,services,single,primary,no,313,no,no,unknown,15,may,920,10,-1,0,unknown,0
6567,26,blue-collar,single,secondary,no,3145,no,no,cellular,28,dec,66,1,209,1,other,0
6568,26,blue-collar,single,secondary,no,3145,no,no,cellular,28,dec,56,1,209,1,other,0
6569,48,services,divorced,unknown,no,973,no,no,cellular,8,oct,319,1,134,13,unknown,0
6570,48,services,divorced,unknown,no,973,no,no,cellular,8,oct,319,1,134,13,failure,0
6571,38,housemaid,divorced,secondary,no,70159,no,no,cellular,27,oct,255,8,148,1,success,0
6572,53,housemaid,divorced,secondary,no,70,no,no,cellular,27,oct,255,3,148,1,failure,0
6573,60,admin.,single,secondary,no,12039,no,no,telephone,12,oct,261,1,187,1,failure,0
6574,60,admin.,divorced,secondary,no,28559,no,no,telephone,12,oct,261,1,187,1,other,0
6575,81,technician,single,tertiary,no,3300,no,no,cellular,21,nov,1571,1,-1,0,unknown,0
6576,30,student,single,tertiary,no,3300,no,no,telephone,21,nov,420,1,-1,0,unknown,0
6577,40,admin.,single,secondary,no,100,yes,no,telephone,11,aug,221,1,461,1,unknown,0
6578,40,admin.,single,secondary,no,100,yes,no,cellular,11,aug,64,1,461,1,success,0
6579,50,technician,married,tertiary,no,636,yes,no,cellular,28,aug,370,1,116,4,failure,0
6580,32,technician,married,tertiary,no,636,yes,no,cellular,28,feb,370,1,116,4,failure,0
6581,54,technician,married,tertiary,no,876,no,no,cellular,27,nov,269,3,541,3,failure,0
6582,54,technician,married,tertiary,no,876,no,no,cellular,27,oct,100,7,541,3,success,0
6583,58,entrepreneur,divorced,secondary,no,670,yes,no,cellular,12,may,566,1,-1,0,unknown,0
6584,58,entrepreneur,married,secondary,no,670,yes,no,cellular,12,may,271,1,-1,10,unknown,0
6585,58,blue-collar,married,unknown,no,4871,yes,no,telephone,14,may,1030,2,-1,0,unknown,1
6586,58,blue-collar,married,unknown,no,4871,yes,no,cellular,14,may,901,2,-1,0,unknown,1
6587,52,retired,married,primary,no,1629,no,no,telephone,1,feb,585,1,-1,0,unknown,0
6588,52,retired,married,primary,no,1629,no,no,telephone,1,jun,983,1,-1,0,unknown,1
6589,36,technician,single,tertiary,no,197,yes,no,cellular,30,apr,260,1,-1,0,failure,0
6590,36,technician,single,tertiary,no,197,yes,no,cellular,30,sep,260,1,-1,0,unknown,0
6591,58,entrepreneur,married,tertiary,no,776,yes,no,telephone,9,jul,578,1,-1,0,unknown,0
6592,22,entrepreneur,married,tertiary,no,776,yes,no,telephone,16,jul,990,1,-1,0,unknown,0
6593,26,blue-collar,married,secondary,no,246,yes,no,unknown,16,may,273,22,-1,0,unknown,0
6594,26,blue-collar,married,secondary,no,246,yes,yes,unknown,16,may,1143,3,-1,7,unknown,0
6595,29,admin.,single,secondary,no,42137,yes,no,cellular,25,nov,414,1,184,1,failure,0
6596,29,admin.,single,secondary,no,265,yes,no,cellular,25,nov,414,1,94,1,other,0
6597,29,admin.,single,secondary,no,-20,no,yes,cellular,28,jul,574,1,-1,0,unknown,0
6598,29,blue-collar,single,secondary,no,-20,no,yes,cellular,21,jul,135,9,-1,0,unknown,0
6599,62,retired,married,secondary,no,569,no,no,telephone,4,aug,13,1,1,8,success,0
6600,62,retired,married,secondary,no,569,yes,no,cellular,4,aug,288,1,1,8,failure,0
6601,70,retired,married,unknown,no,14075,no,no,cellular,24,feb,694,1,184,5,failure,0
6602,70,retired,married,primary,no,2346,no,yes,cellular,24,feb,904,1,184,5,failure,0
6603,31,technician,single,tertiary,no,882,no,yes,cellular,4,sep,293,1,93,1,unknown,0
6604,31,technician,single,tertiary,no,882,no,no,cellular,4,may,293,1,93,1,unknown,0
6605,58,unemployed,married,secondary,no,4967,no,no,telephone,4,feb,1063,3,-1,0,unknown,1
6606,58,unemployed,married,primary,no,4967,no,no,telephone,4,feb,1767,3,-1,0,unknown,1
6607,77,technician,married,tertiary,no,58764,no,no,cellular,3,jun,140,2,-1,0,unknown,0
6608,39,technician,married,unknown,no,1293,no,no,cellular,3,jun,140,2,-1,0,failure,0
6609,52,self-employed,married,secondary,no,659,no,no,cellular,28,jan,390,4,93,1,other,0
6610,52,services,married,secondary,no,659,no,no,cellular,28,jan,390,4,320,1,failure,0
6611,35,self-employed,married,primary,no,22,no,no,cellular,15,may,1190,2,302,2,other,0
6612,35,entrepreneur,married,primary,no,22,yes,no,cellular,15,may,96,2,302,2,other,0
6613,81,admin.,single,secondary,no,261,yes,yes,cellular,3,jun,592,4,504,0,unknown,0
6614,27,admin.,single,secondary,no,261,yes,yes,cellular,3,jun,285,4,-1,0,unknown,0
6615,33,technician,married,secondary,no,2666,no,no,cellular,19,aug,2453,3,-1,0,unknown,1
6616,33,technician,single,secondary,no,2666,no,no,cellular,19,aug,668,3,-1,0,unknown,0
6617,38,blue-collar,divorced,secondary,no,0,yes,no,telephone,31,apr,162,1,181,5,other,0
6618,38,blue-collar,divorced,secondary,no,0,yes,no,telephone,20,apr,162,1,292,5,failure,0
6619,56,management,married,secondary,no,0,no,yes,cellular,27,oct,298,1,111,6,other,0
6620,56,management,married,tertiary,no,0,yes,no,cellular,27,oct,298,1,111,8,other,0
6621,37,services,single,secondary,no,1045,no,no,cellular,17,mar,66,2,41,1,failure,0
6622,37,services,married,secondary,no,1045,yes,no,cellular,17,mar,406,2,41,1,failure,0
6623,26,admin.,single,secondary,yes,274,no,no,cellular,1,may,351,3,-1,0,unknown,0
6624,26,admin.,single,tertiary,no,274,yes,no,cellular,1,apr,351,3,-1,0,unknown,0
6625,53,blue-collar,divorced,unknown,no,4401,yes,no,telephone,11,aug,254,1,-1,0,unknown,0
6626,53,blue-collar,divorced,primary,no,4401,no,no,unknown,11,aug,254,1,-1,5,unknown,0
6627,36,management,married,tertiary,no,2987,no,no,cellular,12,jul,307,1,-1,0,unknown,0
6628,36,management,married,tertiary,yes,2987,yes,no,cellular,12,feb,307,1,-1,0,unknown,0
6629,64,self-employed,married,primary,no,42,no,no,cellular,11,sep,264,3,-1,0,unknown,1
6630,40,self-employed,married,primary,no,42,no,no,cellular,11,jul,1735,3,-1,0,unknown,0
6631,65,retired,married,primary,no,14295,no,no,unknown,1,sep,400,1,-1,0,unknown,0
6632,82,retired,married,primary,no,308,no,no,cellular,1,sep,400,1,-1,0,unknown,0
6633,49,management,married,tertiary,no,0,no,no,cellular,27,aug,1223,6,-1,10,unknown,1
6634,49,management,divorced,tertiary,no,0,no,no,cellular,27,aug,908,6,-1,0,unknown,1
6635,38,technician,single,tertiary,no,508,yes,yes,cellular,12,apr,1103,2,-1,0,failure,0
6636,38,technician,single,tertiary,no,508,yes,yes,telephone,12,aug,1103,2,-1,0,other,0
6637,41,admin.,married,secondary,no,2498,yes,no,cellular,12,aug,411,25,-1,0,unknown,0
6638,41,admin.,married,secondary,no,2498,no,no,cellular,25,jul,411,1,-1,0,unknown,0
6639,63,entrepreneur,married,tertiary,no,51,yes,no,cellular,17,jul,1319,5,-1,0,unknown,0
6640,70,management,married,tertiary,no,51,yes,no,cellular,17,nov,1319,5,-1,0,unknown,0
6641,30,services,single,secondary,no,78297,no,no,cellular,11,feb,152,2,-1,0,unknown,0
6642,30,services,single,secondary,no,1599,no,no,cellular,11,feb,297,2,-1,0,other,0
6643,56,management,married,tertiary,no,616,no,no,cellular,6,feb,156,13,-1,0,unknown,0
6644,56,unemployed,married,tertiary,no,616,no,yes,cellular,6,feb,156,1,-1,0,unknown,0
6645,74,admin.,single,secondary,no,731,no,no,cellular,14,apr,107,3,-1,0,unknown,0
6646,29,admin.,single,secondary,no,77555,no,no,cellular,14,apr,107,3,205,0,unknown,0
6647,52,retired,divorced,tertiary,no,3687,yes,yes,cellular,16,jun,741,25,-1,0,unknown,0
6648,52,retired,divorced,tertiary,no,3687,yes,yes,unknown,16,dec,634,4,-1,0,unknown,0
6649,39,blue-collar,married,secondary,no,218,yes,no,cellular,4,may,219,6,-1,0,unknown,0
6650,36,blue-collar,divorced,unknown,no,218,yes,no,cellular,4,may,619,6,-1,0,unknown,0
6651,34,blue-collar,married,secondary,no,74940,yes,yes,unknown,23,may,924,1,-1,0,unknown,0
6652,34,blue-collar,married,secondary,no,19461,yes,yes,unknown,23,may,924,1,-1,0,unknown,0
6653,30,admin.,married,secondary,no,8781,yes,yes,unknown,18,nov,898,1,-1,0,unknown,0
6654,30,admin.,married,secondary,no,8781,yes,no,cellular,18,nov,391,1,-1,0,unknown,0
6655,44,admin.,married,secondary,no,205,no,yes,cellular,3,nov,289,1,-1,0,other,0
6656,44,admin.,married,secondary,no,75840,yes,no,cellular,3,nov,289,1,-1,0,unknown,0
6657,43,blue-collar,married,primary,no,25,no,no,cellular,12,aug,1363,2,-1,0,unknown,1
6658,43,housemaid,married,primary,no,25,no,no,cellular,6,aug,1148,2,-1,0,unknown,1
6659,72,retired,married,tertiary,no,80724,no,no,cellular,7,aug,147,2,-1,0,unknown,0
6660,38,retired,married,tertiary,no,2,no,no,cellular,7,aug,147,2,-1,0,unknown,0
6661,25,admin.,single,primary,no,760,yes,no,cellular,27,jan,223,3,89,2,failure,0
6662,25,admin.,single,tertiary,no,760,yes,no,cellular,4,may,223,3,89,2,unknown,0
6663,55,blue-collar,single,secondary,no,644,no,no,cellular,21,aug,902,3,-1,0,unknown,1
6664,55,blue-collar,divorced,secondary,no,644,no,no,cellular,21,aug,1038,3,-1,0,unknown,1
6665,34,services,single,secondary,no,528,yes,no,unknown,2,sep,108,3,100,5,other,0
6666,43,services,single,secondary,no,528,yes,no,unknown,2,sep,121,3,100,5,other,0
6667,48,services,single,primary,no,414,yes,no,cellular,18,may,493,1,370,1,other,0
6668,24,services,single,secondary,no,73467,yes,no,cellular,18,may,493,1,186,1,other,0
6669,56,management,married,tertiary,no,12356,yes,no,telephone,26,may,1057,1,551,5,other,0
6670,56,management,married,tertiary,no,7492,yes,no,cellular,26,may,410,1,213,5,other,0
6671,27,technician,single,tertiary,no,11862,no,no,telephone,25,nov,285,2,97,7,failure,0
6672,27,technician,single,primary,no,11862,no,no,cellular,25,nov,285,2,97,7,unknown,0
6673,49,technician,married,secondary,no,905,no,no,cellular,5,aug,509,1,-1,0,unknown,0
6674,49,technician,married,secondary,no,905,no,no,cellular,5,jun,174,1,-1,0,unknown,0
6675,59,retired,married,tertiary,no,1973,no,no,telephone,21,apr,259,3,-1,0,unknown,0
6676,65,retired,married,tertiary,no,1973,no,no,telephone,21,apr,162,3,-1,0,unknown,0
6677,68,retired,divorced,primary,no,2027,no,no,telephone,14,sep,113,2,91,4,success,0
6678,68,retired,divorced,primary,no,2027,no,no,cellular,14,sep,69,2,91,4,success,0
6679,46,blue-collar,married,primary,no,977,no,yes,telephone,23,feb,436,3,-1,0,unknown,0
6680,46,blue-collar,married,tertiary,no,977,no,yes,telephone,2,feb,436,3,-1,11,unknown,0
6681,32,management,single,tertiary,no,7290,yes,no,cellular,18,may,357,15,-1,3,unknown,0
6682,32,student,single,tertiary,no,7290,yes,no,cellular,18,may,357,1,-1,3,unknown,0
6683,34,retired,married,secondary,no,48,yes,no,cellular,27,may,1806,2,287,3,other,0
6684,34,admin.,married,secondary,no,48,yes,yes,cellular,7,may,374,2,287,3,other,0
6685,34,management,single,tertiary,no,61120,yes,no,cellular,13,may,469,1,-1,0,unknown,0
6686,34,management,single,tertiary,no,3050,yes,yes,cellular,13,may,469,1,-1,0,unknown,0
6687,39,management,married,tertiary,no,119,yes,no,cellular,28,sep,30,2,476,4,success,0
6688,39,management,married,tertiary,no,119,yes,no,cellular,1,feb,30,2,476,4,success,0
6689,32,management,single,tertiary,no,66034,yes,no,telephone,13,may,568,1,-1,0,unknown,0
6690,70,management,single,tertiary,no,3,yes,no,cellular,13,may,568,1,-1,14,unknown,0
6691,38,entrepreneur,married,secondary,no,1190,yes,no,cellular,4,jun,81,7,391,3,failure,0
6692,38,entrepreneur,divorced,secondary,no,1190,no,no,cellular,4,jun,81,2,391,2,failure,0
6693,25,management,single,tertiary,no,528,no,no,cellular,14,feb,201,1,-1,0,other,0
6694,25,student,single,tertiary,no,528,no,no,cellular,27,aug,201,1,-1,0,unknown,0
6695,59,retired,married,primary,no,-2043,no,no,telephone,23,oct,257,2,126,3,unknown,0
6696,59,retired,married,primary,no,3648,no,no,telephone,23,oct,257,2,306,3,unknown,0
6697,76,blue-collar,married,primary,no,26758,yes,no,cellular,15,may,611,2,-1,0,unknown,0
6698,51,blue-collar,married,primary,no,129,no,no,cellular,15,nov,611,2,-1,0,unknown,0
6699,46,management,married,secondary,no,11385,no,no,cellular,24,apr,269,3,-1,0,unknown,0
6700,46,management,married,tertiary,no,11385,no,no,cellular,24,may,269,3,-1,0,unknown,0
6701,58,retired,single,tertiary,no,1411,yes,no,cellular,13,may,705,2,-1,0,unknown,1
6702,58,self-employed,single,tertiary,no,1411,yes,no,cellular,13,may,425,2,587,0,unknown,1
6703,37,technician,married,secondary,no,0,no,no,cellular,5,aug,1555,1,-1,0,unknown,1
6704,37,technician,married,primary,no,0,no,no,cellular,5,aug,924,1,-1,0,unknown,1
6705,74,management,married,tertiary,no,589,no,no,cellular,19,apr,125,2,-1,8,unknown,0
6706,34,management,married,tertiary,no,589,no,no,cellular,19,apr,125,2,84,0,unknown,0
6707,39,blue-collar,married,secondary,no,661,yes,no,cellular,3,feb,372,4,267,4,success,1
6708,39,blue-collar,married,secondary,no,16979,yes,no,cellular,3,feb,894,4,267,4,failure,1
6709,33,entrepreneur,single,secondary,no,278,no,no,cellular,1,feb,563,2,127,0,unknown,0
6710,33,entrepreneur,single,secondary,no,25521,no,no,cellular,2,feb,563,5,-1,0,unknown,0
6711,48,housemaid,divorced,tertiary,no,5473,no,no,cellular,24,sep,232,2,-1,0,unknown,0
6712,48,housemaid,single,tertiary,no,5473,no,no,cellular,24,jan,232,2,-1,0,unknown,0
6713,55,management,divorced,tertiary,no,0,no,no,telephone,22,jul,360,5,-1,0,unknown,0
6714,55,management,divorced,tertiary,no,64936,no,no,cellular,22,oct,360,5,-1,0,unknown,0
6715,52,blue-collar,single,primary,no,-191,yes,no,unknown,15,may,755,1,235,0,unknown,0
6716,52,blue-collar,divorced,primary,no,55234,yes,no,unknown,15,may,755,1,-1,0,unknown,0
6717,52,management,married,tertiary,no,2240,yes,no,unknown,13,may,845,3,-1,0,unknown,0
6718,52,management,married,unknown,no,-1672,yes,no,unknown,13,may,845,1,-1,0,unknown,0
6719,26,student,single,secondary,no,0,no,no,cellular,2,oct,388,2,-1,0,unknown,0
6720,26,student,single,secondary,no,42830,no,no,cellular,2,feb,1223,2,-1,0,unknown,0
6721,74,self-employed,divorced,secondary,no,165,yes,no,cellular,6,feb,1160,2,192,4,failure,1
6722,27,self-employed,divorced,secondary,no,165,yes,no,cellular,10,feb,1160,2,192,4,success,1
6723,19,admin.,single,secondary,no,2854,yes,no,cellular,18,nov,354,2,169,1,success,1
6724,22,admin.,single,secondary,no,2854,yes,no,cellular,18,nov,354,2,169,1,success,1
6725,43,student,married,secondary,no,774,no,no,unknown,25,mar,101,1,421,1,success,0
6726,43,services,married,secondary,no,774,no,no,cellular,25,mar,101,1,421,8,unknown,0
6727,46,management,married,secondary,no,2836,yes,no,cellular,14,may,1211,7,358,7,other,1
6728,46,admin.,married,secondary,no,2836,yes,no,cellular,14,may,1042,7,358,7,other,1
6729,51,student,married,unknown,no,53,no,no,cellular,14,jun,270,1,-1,0,unknown,0
6730,21,student,single,unknown,no,53,yes,no,cellular,14,jun,270,1,-1,0,other,0
6731,36,management,married,tertiary,no,1113,no,no,cellular,1,sep,168,1,230,0,unknown,0
6732,36,management,married,secondary,no,1113,no,no,cellular,1,sep,212,1,-1,0,failure,0
6733,45,blue-collar,married,secondary,no,154,yes,no,unknown,7,may,612,1,378,0,unknown,0
6734,45,blue-collar,married,secondary,no,154,yes,no,unknown,7,may,524,1,-1,0,unknown,0
6735,43,management,married,tertiary,no,1258,no,no,unknown,20,jul,135,1,-1,0,unknown,0
6736,43,management,married,tertiary,no,1258,no,no,telephone,20,oct,312,1,-1,0,unknown,0
6737,25,admin.,single,secondary,no,1871,no,no,cellular,8,sep,25,1,96,1,success,0
6738,25,admin.,single,secondary,no,1871,no,no,cellular,13,sep,28,1,96,1,success,0
6739,24,management,single,secondary,no,403,no,no,unknown,17,jun,247,1,-1,0,other,0
6740,54,technician,single,secondary,no,403,no,no,unknown,17,jun,247,2,-1,0,unknown,0
6741,70,technician,single,secondary,no,4859,no,no,cellular,12,jul,227,1,-1,0,unknown,0
6742,25,technician,single,secondary,no,4859,no,yes,cellular,12,jan,227,1,179,0,unknown,0
6743,37,housemaid,single,secondary,no,792,yes,no,unknown,16,may,82,4,-1,0,unknown,0
6744,37,management,single,secondary,no,-454,yes,no,unknown,16,may,1187,4,-1,0,failure,0
6745,38,technician,single,secondary,no,2442,no,yes,cellular,16,feb,91,3,-1,0,unknown,0
6746,60,technician,single,secondary,no,2442,no,no,cellular,16,feb,91,3,201,0,unknown,0
6747,36,entrepreneur,married,secondary,no,0,no,no,cellular,30,jul,668,2,-1,0,unknown,0
6748,36,services,married,secondary,no,0,no,no,cellular,30,jul,699,2,-1,0,unknown,0
6749,37,technician,single,secondary,no,265,yes,yes,cellular,3,feb,140,1,366,1,failure,0
6750,37,technician,single,secondary,no,265,no,yes,cellular,3,feb,140,1,201,2,failure,0
6751,71,retired,married,primary,no,10394,no,no,telephone,17,dec,411,1,-1,0,unknown,0
6752,71,retired,married,primary,no,10394,yes,no,telephone,10,aug,817,1,-1,0,unknown,1
6753,51,technician,married,secondary,no,694,yes,no,unknown,3,jun,431,2,119,9,failure,0
6754,40,technician,married,secondary,yes,694,yes,no,cellular,3,feb,431,2,119,9,failure,0
6755,48,management,married,tertiary,no,1093,yes,yes,unknown,13,oct,1226,2,-1,0,failure,0
6756,48,management,married,tertiary,no,1093,yes,yes,cellular,13,oct,1226,2,200,0,failure,0
6757,36,management,divorced,tertiary,no,490,no,yes,cellular,28,aug,207,8,98,1,failure,0
6758,36,management,single,tertiary,no,490,no,no,cellular,28,aug,129,8,98,1,failure,0
6759,35,services,married,secondary,no,302,yes,no,cellular,10,may,1123,1,364,1,failure,1
6760,35,services,married,secondary,no,302,yes,no,cellular,6,may,945,1,364,1,unknown,1
6761,59,services,single,secondary,no,739,no,no,cellular,14,feb,408,1,-1,0,unknown,0
6762,59,student,single,secondary,no,739,no,no,cellular,14,jan,408,1,-1,0,unknown,0
6763,49,blue-collar,single,primary,no,566,yes,no,cellular,25,may,106,2,-1,0,unknown,0
6764,49,self-employed,single,primary,no,566,yes,no,cellular,25,jul,979,23,-1,0,unknown,0
6765,48,blue-collar,divorced,secondary,no,1405,yes,no,unknown,14,may,629,2,-1,6,unknown,0
6766,48,blue-collar,married,secondary,no,1405,yes,no,telephone,14,may,629,4,-1,0,unknown,0
6767,47,unemployed,married,secondary,no,926,no,no,cellular,14,aug,97,1,403,5,success,0
6768,47,unemployed,married,secondary,no,926,no,no,unknown,14,aug,436,1,403,5,unknown,0
6769,34,admin.,married,secondary,no,-44,yes,yes,cellular,17,apr,1233,2,-1,0,unknown,0
6770,34,admin.,married,secondary,no,-44,yes,yes,cellular,17,apr,1257,2,-1,0,unknown,0
6771,51,blue-collar,married,primary,no,656,yes,no,unknown,16,may,894,7,-1,0,unknown,0
6772,33,blue-collar,married,primary,no,656,yes,no,unknown,16,may,894,1,-1,0,unknown,0
6773,26,management,single,tertiary,no,3944,yes,no,cellular,20,may,371,2,-1,0,unknown,0
6774,26,management,married,tertiary,no,3944,yes,no,unknown,14,may,974,2,-1,0,unknown,0
6775,56,management,married,tertiary,no,1407,no,no,cellular,21,jun,659,1,-1,0,unknown,1
6776,56,management,married,tertiary,no,1407,no,no,cellular,1,mar,388,1,-1,17,unknown,1
6777,29,management,single,tertiary,no,697,no,no,cellular,4,feb,131,1,-1,0,unknown,0
6778,29,management,single,tertiary,no,56129,no,no,cellular,4,feb,206,1,-1,0,unknown,0
6779,57,management,divorced,unknown,no,2986,no,no,cellular,17,dec,175,2,35,1,failure,0
6780,57,management,divorced,unknown,no,2986,no,no,cellular,17,dec,131,2,231,1,failure,0
6781,21,student,single,secondary,no,2488,no,no,telephone,12,jan,105,2,92,1,success,0
6782,21,student,single,secondary,no,2488,no,no,telephone,12,jan,119,2,92,1,success,0
6783,60,housemaid,divorced,primary,no,182,no,no,cellular,9,aug,792,2,95,11,failure,1
6784,60,housemaid,married,primary,no,182,no,no,cellular,16,aug,618,2,95,11,failure,1
6785,27,student,single,tertiary,no,5291,no,no,telephone,11,feb,293,1,91,4,unknown,0
6786,27,student,single,tertiary,no,5291,no,yes,cellular,11,feb,293,1,91,4,unknown,0
6787,40,management,married,tertiary,no,4539,no,no,unknown,13,jul,256,3,439,1,failure,0
6788,40,management,married,unknown,no,4539,no,no,cellular,13,jul,138,3,439,1,failure,0
6789,67,retired,married,secondary,no,2048,no,no,cellular,16,sep,172,5,195,4,other,0
6790,67,retired,married,secondary,no,2048,no,no,unknown,16,jun,452,5,195,4,other,0
6791,73,retired,married,secondary,no,67407,no,no,cellular,17,jun,300,1,40,8,failure,0
6792,47,retired,married,secondary,no,2850,no,no,cellular,17,nov,300,1,40,8,failure,0
6793,81,retired,married,primary,no,243,no,no,cellular,27,oct,1143,1,-1,0,unknown,0
6794,22,retired,married,primary,no,243,no,no,cellular,27,oct,131,9,-1,0,unknown,0
6795,32,technician,single,secondary,no,51931,yes,no,unknown,20,aug,718,2,-1,0,unknown,0
6796,32,technician,single,secondary,no,116,no,no,cellular,20,aug,718,15,-1,0,unknown,0
6797,43,blue-collar,single,primary,no,3064,yes,no,cellular,20,nov,2453,2,187,0,unknown,0
6798,43,blue-collar,married,primary,no,3064,yes,no,cellular,20,jul,2453,2,-1,3,unknown,0
6799,30,management,single,tertiary,no,533,yes,no,cellular,4,may,365,4,-1,22,unknown,0
6800,30,management,single,tertiary,no,533,no,no,cellular,23,may,365,4,-1,0,unknown,0
6801,38,blue-collar,married,secondary,no,0,no,no,cellular,27,aug,297,1,75,3,failure,0
6802,38,blue-collar,single,secondary,no,0,no,no,cellular,23,jan,297,1,75,3,failure,0
6803,57,services,married,secondary,yes,6874,yes,no,unknown,14,oct,356,1,-1,0,unknown,1
6804,57,services,married,secondary,no,6874,yes,no,unknown,14,may,1410,1,-1,0,unknown,1
6805,39,management,married,tertiary,no,2939,no,no,cellular,15,jan,218,2,-1,1,unknown,0
6806,39,management,married,tertiary,no,2939,no,no,unknown,15,jan,182,2,-1,0,unknown,0
6807,87,unemployed,single,tertiary,no,7968,no,no,cellular,2,jun,596,1,-1,0,unknown,0
6808,40,unemployed,single,tertiary,no,77680,no,no,cellular,2,nov,596,1,-1,0,unknown,0
6809,35,technician,single,secondary,no,-32,no,no,cellular,9,feb,63,4,182,5,failure,0
6810,53,admin.,single,secondary,no,-32,no,yes,cellular,9,sep,63,4,182,5,failure,0
6811,47,entrepreneur,married,tertiary,no,0,no,no,cellular,2,feb,261,2,-1,0,unknown,0
6812,47,entrepreneur,married,tertiary,no,0,no,no,cellular,16,feb,898,2,-1,0,success,0
6813,30,services,single,primary,no,0,yes,yes,unknown,19,nov,686,1,-1,4,unknown,0
6814,66,services,single,primary,no,0,yes,no,cellular,19,nov,686,1,-1,0,unknown,0
6815,31,self-employed,married,tertiary,no,22492,yes,yes,telephone,21,nov,635,1,135,2,failure,0
6816,31,self-employed,single,tertiary,no,5,yes,yes,cellular,21,nov,635,1,135,6,failure,0
6817,43,admin.,married,secondary,no,132,no,yes,cellular,19,aug,574,1,84,3,unknown,0
6818,43,admin.,married,secondary,no,132,no,no,cellular,19,aug,97,4,84,3,success,0
6819,36,technician,single,secondary,no,376,no,no,cellular,13,nov,193,11,92,1,failure,0
6820,36,technician,single,unknown,no,376,no,no,cellular,13,nov,193,1,92,1,other,0
6821,50,management,married,unknown,no,8345,no,no,cellular,2,feb,194,10,261,1,failure,0
6822,50,entrepreneur,married,unknown,no,8345,no,no,cellular,9,feb,194,1,261,1,failure,0
6823,72,technician,single,unknown,no,2511,yes,no,cellular,16,apr,700,5,-1,0,unknown,0
6824,36,technician,divorced,secondary,no,11813,yes,no,cellular,16,apr,700,5,-1,0,unknown,0
6825,33,entrepreneur,married,primary,no,-3,yes,no,telephone,17,apr,1039,2,-1,0,unknown,0
6826,33,blue-collar,married,primary,no,-3,yes,no,telephone,17,apr,1208,2,-1,0,other,1
6827,51,technician,married,secondary,no,-1944,yes,no,unknown,7,may,623,1,-1,0,other,0
6828,51,technician,married,secondary,no,-1944,yes,no,cellular,7,may,378,1,-1,0,unknown,0
6829,28,management,single,tertiary,no,6784,no,yes,cellular,1,jun,502,1,115,3,other,0
6830,28,management,single,unknown,no,6784,yes,no,cellular,1,oct,502,1,115,3,other,0
6831,52,blue-collar,married,secondary,no,2087,yes,no,cellular,31,aug,116,1,474,1,failure,0
6832,52,blue-collar,married,secondary,no,2087,yes,no,cellular,31,aug,267,1,140,1,failure,0
6833,31,blue-collar,married,secondary,no,2910,yes,yes,unknown,23,may,1392,2,195,0,unknown,0
6834,31,blue-collar,married,unknown,no,2910,yes,no,unknown,23,may,246,2,-1,0,unknown,0
6835,70,technician,single,primary,no,339,no,no,unknown,4,jul,1576,3,-1,0,unknown,0
6836,29,services,divorced,primary,no,339,no,no,telephone,4,jul,1576,3,-1,0,unknown,0
6837,47,services,married,secondary,no,1568,yes,no,cellular,19,feb,388,1,262,7,failure,0
6838,47,blue-collar,married,primary,no,1568,yes,no,cellular,19,feb,388,1,262,7,other,0
6839,37,technician,married,secondary,no,4,no,no,unknown,11,aug,933,1,-1,0,unknown,0
6840,37,blue-collar,single,secondary,no,4,no,no,cellular,11,aug,467,1,-1,0,unknown,0
6841,73,admin.,married,secondary,no,396,yes,no,cellular,13,may,366,3,348,2,failure,0
6842,30,admin.,married,unknown,no,396,yes,no,cellular,13,may,366,3,79,2,failure,0
6843,40,management,married,tertiary,no,62831,no,no,telephone,3,feb,448,2,-1,0,unknown,0
6844,40,management,married,tertiary,no,1308,no,no,telephone,3,feb,32,2,-1,0,unknown,0
6845,26,blue-collar,single,secondary,no,26,yes,yes,cellular,15,may,275,1,306,0,unknown,0
6846,26,unknown,single,secondary,no,26,yes,yes,unknown,15,may,899,1,-1,0,unknown,0
6847,32,management,single,tertiary,no,64452,yes,no,telephone,30,apr,370,3,-1,0,unknown,0
6848,72,management,single,tertiary,no,0,yes,no,cellular,30,apr,370,3,-1,0,other,0
6849,31,management,single,secondary,no,726,no,no,cellular,7,jul,899,2,-1,0,unknown,0
6850,84,blue-collar,single,secondary,no,726,no,no,cellular,7,jul,719,2,-1,0,unknown,0
6851,47,admin.,single,tertiary,no,994,yes,no,cellular,30,apr,400,1,87,2,failure,0
6852,35,admin.,single,tertiary,no,994,no,no,cellular,30,apr,83,1,87,2,failure,0
6853,90,retired,married,secondary,no,6253,yes,no,cellular,9,jul,411,1,-1,0,unknown,1
6854,61,blue-collar,married,secondary,no,6253,yes,no,cellular,9,nov,411,1,-1,0,unknown,1
6855,64,admin.,married,secondary,no,0,no,no,cellular,10,nov,213,1,62,1,other,0
6856,47,admin.,married,secondary,no,0,yes,no,cellular,10,apr,213,1,190,1,other,0
6857,58,management,married,tertiary,no,256,no,no,cellular,10,dec,310,1,188,3,failure,0
6858,58,management,married,tertiary,no,256,no,no,unknown,10,dec,422,1,188,3,other,0
6859,48,housemaid,married,secondary,no,0,no,no,cellular,28,may,98,5,-1,0,unknown,0
6860,48,housemaid,married,secondary,no,48651,no,no,cellular,28,nov,270,5,-1,0,unknown,0
6861,43,blue-collar,married,secondary,no,2160,no,no,cellular,2,apr,169,1,-1,0,success,0
6862,73,blue-collar,married,secondary,no,2160,no,no,cellular,1,jun,169,1,-1,0,unknown,0
6863,46,unemployed,divorced,secondary,no,32458,yes,no,cellular,19,nov,522,1,174,1,unknown,0
6864,46,unemployed,divorced,secondary,no,3354,yes,no,cellular,19,nov,121,1,174,1,failure,0
6865,23,management,single,secondary,no,2143,no,no,cellular,30,mar,118,2,-1,0,unknown,0
6866,23,management,single,tertiary,no,2143,no,yes,cellular,30,mar,180,2,-1,0,failure,0
6867,43,management,single,tertiary,no,318,yes,no,cellular,8,apr,1190,1,141,3,failure,0
6868,33,management,single,tertiary,no,318,yes,no,cellular,8,apr,551,1,141,3,other,0
6869,25,student,single,secondary,no,125,no,no,cellular,9,may,215,1,92,2,failure,0
6870,25,student,single,primary,no,125,no,no,cellular,9,feb,55,1,92,2,success,0
6871,48,technician,married,secondary,no,133,no,no,cellular,12,may,171,2,181,3,unknown,0
6872,34,technician,married,secondary,no,21285,no,no,cellular,12,may,171,2,181,3,failure,0
6873,45,student,single,unknown,no,1527,no,no,cellular,8,mar,132,10,-1,0,unknown,0
6874,45,student,single,unknown,no,1527,no,no,cellular,6,mar,132,7,-1,0,unknown,0
6875,26,student,single,tertiary,no,294,no,no,telephone,4,dec,627,2,-1,0,unknown,0
6876,26,student,divorced,tertiary,no,294,no,no,cellular,4,dec,208,8,-1,0,unknown,0
6877,47,management,married,tertiary,no,1795,no,no,cellular,8,aug,132,7,-1,0,unknown,0
6878,39,management,married,tertiary,no,1795,no,no,cellular,8,jul,922,13,-1,0,unknown,0
6879,33,blue-collar,single,secondary,no,379,no,yes,cellular,16,jun,263,2,-1,0,unknown,0
6880,33,blue-collar,married,secondary,no,379,yes,yes,cellular,16,apr,862,2,-1,0,unknown,0
6881,56,blue-collar,married,primary,no,2765,no,no,cellular,13,apr,848,3,-1,0,unknown,1
6882,56,blue-collar,married,primary,no,2765,no,no,unknown,13,apr,222,11,-1,0,unknown,1
6883,51,blue-collar,married,primary,no,1194,yes,no,unknown,16,may,988,3,-1,0,unknown,1
6884,51,blue-collar,married,primary,no,1194,yes,no,unknown,16,may,1151,3,-1,0,unknown,1
6885,25,blue-collar,single,secondary,no,58837,no,no,cellular,5,jan,418,1,-1,0,unknown,0
6886,25,blue-collar,single,secondary,no,509,no,no,cellular,10,mar,93,1,-1,0,unknown,0
6887,34,admin.,married,tertiary,no,69,no,yes,cellular,28,nov,296,1,93,2,failure,0
6888,34,admin.,divorced,tertiary,no,69,no,yes,cellular,25,nov,296,1,205,8,failure,0
6889,32,retired,divorced,tertiary,no,979,yes,no,cellular,15,jan,295,23,347,1,failure,0
6890,60,retired,divorced,tertiary,no,979,yes,no,cellular,15,jan,152,3,347,1,failure,0
6891,28,unemployed,single,tertiary,no,497,yes,yes,unknown,24,jul,1602,6,-1,0,unknown,0
6892,28,unemployed,single,tertiary,no,497,no,no,cellular,24,jul,160,6,-1,0,unknown,0
6893,83,unemployed,divorced,primary,yes,11,no,no,cellular,13,aug,489,5,192,0,unknown,0
6894,45,unemployed,divorced,primary,yes,11,no,no,cellular,17,aug,449,5,-1,0,unknown,0
6895,78,management,divorced,tertiary,no,497,no,no,unknown,15,apr,1806,22,-1,0,unknown,1
6896,42,management,divorced,unknown,no,497,no,no,unknown,15,apr,1492,22,-1,0,unknown,1
6897,30,services,married,secondary,no,27432,no,yes,cellular,19,jul,829,5,-1,0,unknown,0
6898,79,services,married,secondary,yes,5,no,yes,cellular,10,jul,829,5,-1,0,unknown,0
6899,49,blue-collar,married,secondary,yes,0,no,yes,cellular,9,dec,625,1,-1,0,unknown,0
6900,49,blue-collar,married,secondary,no,0,yes,yes,cellular,9,jul,625,20,-1,0,unknown,0
6901,42,technician,married,secondary,no,1286,yes,no,cellular,5,may,862,3,337,1,other,0
6902,35,admin.,married,secondary,no,1286,yes,no,cellular,5,may,178,3,337,1,other,0
6903,57,housemaid,married,primary,no,2785,no,yes,cellular,11,aug,610,23,-1,0,unknown,0
6904,57,housemaid,married,primary,no,2785,no,yes,cellular,11,aug,610,7,-1,0,unknown,0
6905,45,unemployed,married,tertiary,no,2671,no,no,cellular,18,aug,94,4,-1,0,unknown,0
6906,56,management,married,tertiary,no,2671,no,no,cellular,14,aug,94,4,-1,22,unknown,0
6907,40,housemaid,single,secondary,no,7441,no,no,cellular,31,jul,640,6,-1,0,unknown,0
6908,40,housemaid,married,tertiary,no,7441,no,no,cellular,31,jul,1032,6,-1,0,unknown,0
6909,31,admin.,single,secondary,no,431,no,yes,unknown,20,may,1045,20,-1,0,unknown,0
6910,31,admin.,single,secondary,no,431,yes,yes,unknown,20,mar,1045,22,-1,0,unknown,0
6911,59,management,married,tertiary,no,315,no,yes,cellular,2,jul,591,1,176,2,failure,0
6912,59,management,married,tertiary,no,315,no,no,cellular,2,mar,185,1,176,2,failure,0
6913,60,self-employed,married,primary,no,362,no,yes,cellular,29,jul,562,6,-1,0,unknown,0
6914,30,self-employed,married,primary,no,362,no,yes,cellular,29,jul,211,6,-1,0,unknown,0
6915,33,blue-collar,married,secondary,no,86,yes,no,unknown,19,may,1138,1,439,0,unknown,1
6916,33,blue-collar,married,secondary,no,86,yes,no,unknown,19,may,1151,1,-1,0,unknown,1
6917,31,management,single,primary,no,202,yes,no,cellular,8,jul,167,13,62,1,failure,0
6918,31,management,single,secondary,yes,202,yes,no,cellular,8,jul,167,23,62,1,failure,0
6919,58,unemployed,married,secondary,no,687,yes,no,telephone,30,apr,341,2,-1,0,failure,0
6920,58,unemployed,married,secondary,no,687,yes,no,telephone,30,mar,341,2,-1,0,unknown,0
6921,35,technician,married,tertiary,no,7050,no,no,cellular,10,feb,278,3,187,9,unknown,0
6922,35,technician,married,tertiary,no,7050,no,no,cellular,10,feb,278,3,187,1,failure,0
6923,33,services,married,secondary,no,478,yes,no,cellular,30,apr,475,12,-1,0,unknown,0
6924,33,blue-collar,married,secondary,no,478,no,no,cellular,30,apr,475,2,-1,0,other,0
6925,42,admin.,married,secondary,no,9420,no,no,unknown,11,jun,1159,4,-1,0,unknown,0
6926,42,admin.,married,secondary,no,105,no,no,unknown,11,jun,162,4,-1,0,unknown,0
6927,29,management,divorced,tertiary,no,572,no,no,cellular,4,jun,224,9,-1,0,unknown,0
6928,29,management,single,tertiary,no,572,yes,no,cellular,4,jun,224,1,-1,0,other,0
6929,32,student,married,secondary,no,1536,no,no,cellular,1,apr,289,2,-1,0,unknown,0
6930,32,student,single,secondary,no,1536,no,no,cellular,7,aug,289,23,-1,0,unknown,0
6931,84,services,married,secondary,no,0,no,no,telephone,30,sep,421,2,-1,0,unknown,0
6932,84,entrepreneur,married,secondary,no,0,no,yes,telephone,30,sep,992,2,130,0,unknown,0
6933,87,retired,divorced,primary,no,6746,no,no,telephone,21,oct,108,1,-1,0,unknown,0
6934,28,retired,divorced,primary,no,6746,no,no,telephone,2,oct,749,1,-1,0,unknown,0
6935,30,admin.,single,secondary,no,-213,yes,yes,unknown,5,may,751,1,-1,0,unknown,0
6936,30,admin.,single,secondary,no,-213,yes,yes,unknown,27,may,238,1,-1,0,unknown,0
6937,42,management,single,tertiary,no,11008,no,no,cellular,28,jul,81,6,405,1,success,0
6938,42,management,single,tertiary,no,11008,no,no,cellular,21,jul,99,6,405,1,success,0
6939,31,management,divorced,unknown,no,883,yes,no,cellular,19,nov,1492,1,-1,0,unknown,1
6940,31,management,divorced,tertiary,no,883,yes,no,cellular,19,mar,168,1,96,0,unknown,1
6941,53,blue-collar,married,primary,no,5603,no,no,cellular,28,aug,578,6,-1,0,unknown,0
6942,42,blue-collar,married,primary,no,5603,no,no,cellular,28,aug,32,6,-1,0,unknown,0
6943,27,entrepreneur,married,tertiary,no,139,no,no,cellular,15,aug,448,5,-1,0,unknown,0
6944,27,entrepreneur,married,tertiary,no,139,no,no,cellular,15,jul,79,5,-1,0,other,0
6945,51,technician,married,tertiary,no,1347,yes,yes,cellular,10,jun,160,1,342,1,failure,0
6946,51,technician,married,tertiary,no,1347,yes,yes,telephone,10,feb,160,1,243,1,unknown,0
6947,41,services,married,secondary,no,-700,no,yes,cellular,12,jun,939,1,-1,0,unknown,1
6948,41,services,married,secondary,no,-700,no,yes,cellular,12,jun,309,1,-1,0,success,1
6949,40,management,married,tertiary,no,9366,yes,no,cellular,11,nov,69,3,243,0,unknown,0
6950,40,management,married,tertiary,no,1483,no,no,telephone,11,nov,69,3,-1,0,unknown,0
6951,55,technician,married,secondary,no,1938,no,yes,cellular,18,aug,517,1,386,3,unknown,0
6952,55,technician,married,secondary,no,1938,no,yes,cellular,4,aug,193,1,386,3,other,0
6953,80,technician,married,secondary,no,10596,no,yes,cellular,19,aug,195,1,197,4,other,0
6954,78,technician,single,secondary,no,10596,no,no,cellular,19,aug,195,1,197,4,other,0
6955,37,management,divorced,tertiary,no,488,no,yes,cellular,17,sep,328,1,854,2,failure,0
6956,37,management,divorced,tertiary,no,9332,yes,no,cellular,17,sep,328,1,258,2,failure,0
6957,84,management,single,tertiary,no,2,yes,no,cellular,8,aug,848,1,-1,0,unknown,0
6958,31,management,divorced,tertiary,no,2,no,no,cellular,8,aug,418,1,-1,0,unknown,0
6959,69,management,married,tertiary,no,2570,no,no,cellular,18,nov,273,2,-1,0,success,1
6960,74,management,married,tertiary,no,2570,no,no,cellular,18,nov,273,2,-1,0,unknown,1
6961,46,unknown,single,primary,no,0,yes,no,telephone,11,may,1387,4,389,2,other,1
6962,46,blue-collar,married,primary,no,61846,no,no,telephone,11,sep,614,4,304,2,other,1
6963,38,technician,married,secondary,no,5115,yes,no,cellular,27,feb,265,1,102,6,failure,0
6964,38,technician,married,secondary,no,5115,no,no,cellular,20,feb,99,1,102,6,success,0
6965,36,technician,married,secondary,yes,15485,no,no,cellular,14,feb,461,1,-1,0,unknown,0
6966,34,technician,married,secondary,no,15485,no,no,cellular,14,aug,461,1,-1,0,unknown,0
6967,52,housemaid,married,primary,no,3798,yes,no,cellular,17,jul,133,1,-1,0,unknown,0
6968,52,housemaid,married,primary,no,3798,yes,no,cellular,17,jul,786,22,-1,0,unknown,0
6969,47,unknown,married,unknown,no,397,no,no,telephone,7,may,300,9,-1,0,unknown,0
6970,77,unknown,married,unknown,no,397,no,no,cellular,7,may,696,3,-1,0,unknown,0
6971,33,management,married,tertiary,no,1064,yes,no,cellular,13,jan,562,1,-1,4,unknown,0
6972,33,management,married,tertiary,no,1064,yes,no,cellular,13,may,200,1,-1,0,unknown,0
6973,43,blue-collar,single,unknown,no,18338,no,no,cellular,9,jul,1242,1,-1,0,unknown,0
6974,43,blue-collar,single,primary,no,0,no,no,unknown,9,jul,1242,1,154,0,unknown,0
6975,41,self-employed,married,secondary,no,-1792,yes,no,cellular,17,jan,949,2,254,6,other,0
6976,41,self-employed,married,secondary,no,323,yes,yes,cellular,17,jan,949,2,254,6,other,0
6977,33,management,married,tertiary,no,1323,no,yes,cellular,1,sep,327,1,-1,0,unknown,0
6978,33,management,married,tertiary,no,1323,yes,no,cellular,1,jun,327,1,-1,0,failure,0
6979,57,management,married,tertiary,no,1227,no,yes,cellular,5,jun,232,1,78,0,unknown,0
6980,57,management,married,tertiary,no,1227,no,no,cellular,5,nov,232,1,-1,5,unknown,0
6981,49,management,divorced,primary,no,3371,no,no,cellular,11,apr,269,2,-1,0,unknown,0
6982,49,management,married,primary,no,3371,no,yes,cellular,11,nov,269,15,-1,0,unknown,0
6983,35,admin.,married,secondary,no,2374,yes,no,cellular,11,sep,69,2,183,5,success,0
6984,35,admin.,married,secondary,no,2374,yes,no,cellular,11,aug,69,2,183,5,success,0
6985,72,admin.,married,secondary,no,3608,yes,no,cellular,13,nov,176,2,197,2,failure,0
6986,50,admin.,married,secondary,no,3608,no,no,cellular,13,nov,176,23,197,2,success,0
6987,84,blue-collar,divorced,secondary,no,740,yes,no,unknown,20,jun,585,2,-1,0,unknown,0
6988,43,blue-collar,single,secondary,no,740,yes,no,unknown,20,jun,265,2,-1,0,unknown,0
6989,38,housemaid,married,secondary,no,316,no,no,cellular,22,aug,365,4,854,0,unknown,1
6990,38,housemaid,married,secondary,no,2188,no,no,cellular,22,aug,1173,4,-1,0,unknown,0
6991,26,blue-collar,single,secondary,no,-29,yes,no,unknown,10,jul,998,4,690,0,unknown,0
6992,26,blue-collar,single,secondary,no,-29,yes,no,cellular,10,jul,267,4,-1,0,unknown,0
6993,41,admin.,single,secondary,no,-109,yes,yes,cellular,11,may,525,13,370,1,failure,0
6994,41,admin.,single,secondary,no,-109,yes,yes,cellular,11,may,159,1,230,1,failure,0
6995,56,retired,married,tertiary,no,1044,no,no,telephone,3,jul,323,2,-1,0,unknown,0
6996,56,retired,married,secondary,no,1044,no,no,telephone,22,jul,353,2,148,0,unknown,0
6997,61,retired,married,secondary,no,56,no,no,telephone,7,sep,288,3,-1,0,unknown,0
6998,61,retired,married,primary,no,56,no,yes,cellular,6,sep,288,3,-1,0,unknown,0
6999,53,blue-collar,married,primary,no,343,yes,no,cellular,25,jul,427,5,-1,0,unknown,0
7000,53,blue-collar,divorced,primary,no,343,yes,no,cellular,25,jul,616,5,206,0,unknown,0
7001,32,technician,single,primary,yes,491,no,no,cellular,9,jul,474,7,-1,0,unknown,0
7002,32,technician,single,unknown,no,491,no,no,unknown,17,jul,474,7,-1,0,unknown,0
7003,62,blue-collar,single,unknown,no,734,yes,yes,cellular,30,apr,259,1,296,1,other,0
7004,29,blue-collar,single,secondary,no,-994,yes,yes,cellular,30,apr,259,1,296,1,other,0
7005,25,management,married,tertiary,no,247,no,no,cellular,16,jun,143,2,587,3,failure,0
7006,69,management,married,tertiary,no,247,no,no,cellular,16,sep,143,2,306,3,failure,0
7007,35,management,single,secondary,no,2646,no,no,cellular,14,apr,133,8,183,2,other,0
7008,35,management,single,tertiary,no,-2258,no,no,cellular,14,apr,119,8,183,2,success,0
7009,44,technician,single,tertiary,no,643,no,no,cellular,16,nov,324,1,143,3,failure,0
7010,44,technician,single,tertiary,no,643,no,no,unknown,16,oct,324,1,356,3,failure,0
7011,43,services,married,tertiary,no,4216,no,no,cellular,24,jan,150,2,195,2,unknown,0
7012,43,services,married,tertiary,no,4216,no,no,cellular,24,sep,150,2,195,2,other,0
7013,46,blue-collar,married,secondary,no,1353,no,no,cellular,7,aug,528,5,-1,0,unknown,0
7014,46,technician,married,secondary,no,1353,no,yes,cellular,18,aug,528,5,-1,0,failure,0
7015,34,blue-collar,single,tertiary,no,-303,yes,no,cellular,18,may,719,2,355,2,failure,1
7016,34,blue-collar,single,tertiary,no,-303,yes,no,cellular,18,may,1340,5,355,2,failure,1
7017,34,management,married,unknown,no,2037,no,no,cellular,15,oct,324,2,-1,0,unknown,0
7018,34,management,married,tertiary,no,2037,no,no,cellular,15,aug,324,2,279,0,unknown,0
7019,67,unemployed,married,tertiary,no,29562,no,no,cellular,13,feb,706,1,-1,0,unknown,0
7020,46,retired,divorced,tertiary,no,1341,no,no,cellular,13,feb,706,1,-1,0,unknown,0
7021,34,admin.,married,tertiary,no,79,yes,no,cellular,5,aug,203,12,92,5,unknown,0
7022,34,admin.,married,tertiary,no,79,yes,no,cellular,5,aug,124,1,198,5,success,0
7023,27,services,single,secondary,no,-195,yes,no,cellular,18,may,160,1,-1,0,unknown,0
7024,27,services,single,secondary,no,7472,yes,no,cellular,18,may,391,1,-1,0,success,0
7025,37,blue-collar,single,unknown,no,1508,no,yes,unknown,6,jun,381,3,-1,0,unknown,0
7026,37,blue-collar,married,unknown,no,-221,no,yes,unknown,6,jun,381,2,-1,0,unknown,0
7027,45,blue-collar,married,primary,no,75538,yes,no,unknown,12,may,1151,5,-1,0,unknown,0
7028,45,blue-collar,divorced,primary,no,101,yes,no,telephone,12,may,460,5,-1,0,unknown,0
7029,27,admin.,married,secondary,no,897,no,no,cellular,5,jun,40,1,-1,0,unknown,0
7030,27,admin.,married,secondary,no,897,no,no,cellular,5,jan,397,1,-1,12,unknown,0
7031,42,blue-collar,married,secondary,no,366,yes,yes,cellular,22,may,324,1,130,1,failure,0
7032,42,technician,married,secondary,no,366,yes,no,cellular,22,may,324,1,106,1,failure,0
7033,27,services,single,tertiary,no,536,yes,no,cellular,15,may,1244,3,-1,0,unknown,1
7034,27,services,divorced,tertiary,no,536,yes,no,cellular,11,may,1532,3,-1,0,unknown,1
7035,62,housemaid,married,unknown,no,2021,yes,no,telephone,26,feb,192,1,-1,0,unknown,0
7036,62,housemaid,married,unknown,no,55498,yes,no,telephone,26,feb,361,1,-1,0,unknown,0
7037,66,student,single,unknown,no,1506,no,no,cellular,14,sep,340,1,-1,0,unknown,0
7038,62,retired,single,unknown,no,1506,no,no,cellular,14,sep,340,1,-1,0,unknown,0
7039,46,technician,married,secondary,no,3434,no,yes,cellular,8,jun,148,2,472,1,failure,0
7040,46,technician,single,secondary,no,3434,no,yes,unknown,8,jun,148,2,101,1,success,0
7041,68,blue-collar,divorced,primary,no,-207,no,no,cellular,15,jul,425,2,-1,0,unknown,0
7042,45,blue-collar,divorced,primary,no,-207,no,no,cellular,15,jul,224,2,-1,0,unknown,0
7043,56,services,married,secondary,no,-229,no,yes,cellular,23,jul,902,10,-1,0,unknown,0
7044,56,services,married,secondary,no,-229,no,yes,cellular,23,jul,1149,10,94,0,unknown,1
7045,47,admin.,married,secondary,no,34381,no,no,cellular,5,apr,144,4,374,2,success,0
7046,47,services,married,secondary,no,70,yes,no,cellular,25,apr,144,4,374,2,success,0
7047,32,technician,single,secondary,no,-114,no,no,cellular,19,aug,1392,2,-1,0,unknown,1
7048,32,technician,single,secondary,no,-114,no,no,cellular,12,aug,1344,2,-1,5,unknown,1
7049,60,unknown,married,secondary,no,0,no,no,telephone,19,oct,1745,3,62,3,success,1
7050,60,management,married,secondary,no,0,no,no,telephone,19,oct,1745,3,62,3,success,1
7051,38,technician,divorced,secondary,no,902,yes,no,cellular,4,jun,301,3,347,1,success,0
7052,38,technician,single,secondary,no,902,yes,no,cellular,4,may,131,3,90,1,success,0
7053,38,technician,single,secondary,no,16,yes,no,cellular,8,apr,261,1,-1,0,unknown,0
7054,35,technician,married,secondary,no,16,yes,no,cellular,8,apr,903,1,-1,12,unknown,0
7055,31,management,married,secondary,no,81111,no,no,cellular,16,jul,455,1,-1,0,unknown,0
7056,50,management,married,secondary,no,70683,no,no,cellular,16,jul,455,1,-1,0,unknown,0
7057,45,unknown,married,primary,no,879,no,no,cellular,7,jul,621,2,-1,0,unknown,0
7058,45,technician,divorced,secondary,no,879,no,no,cellular,7,jul,224,2,-1,0,unknown,0
7059,33,self-employed,single,tertiary,no,94,no,no,telephone,5,may,955,2,-1,0,unknown,0
7060,33,self-employed,single,tertiary,no,64724,yes,no,cellular,5,apr,955,2,-1,0,unknown,0
7061,37,admin.,married,secondary,no,1110,yes,no,telephone,22,jul,307,11,-1,0,unknown,0
7062,37,admin.,married,secondary,no,1110,no,yes,telephone,22,jul,802,11,-1,0,unknown,0
7063,74,management,married,tertiary,no,527,yes,yes,cellular,15,may,1138,2,359,1,failure,1
7064,31,management,married,tertiary,no,527,yes,yes,cellular,15,may,1030,2,359,1,failure,1
7065,64,retired,married,secondary,no,1612,yes,no,cellular,18,may,336,1,78,5,failure,0
7066,64,retired,married,secondary,no,1612,no,no,cellular,18,may,336,1,179,5,failure,0
7067,41,unemployed,single,tertiary,no,79,no,no,telephone,9,nov,284,1,390,2,failure,0
7068,41,unemployed,single,tertiary,no,79,no,no,telephone,9,nov,394,1,262,2,failure,0
7069,35,management,single,tertiary,no,55199,no,no,cellular,17,aug,343,2,316,1,failure,0
7070,35,management,single,primary,no,431,no,no,cellular,17,aug,343,2,35,1,failure,0
7071,33,technician,single,secondary,no,73941,yes,no,cellular,9,apr,448,2,316,6,failure,0
7072,33,technician,single,secondary,no,51617,yes,no,cellular,9,apr,448,2,316,6,failure,0
7073,43,admin.,single,secondary,no,733,yes,no,cellular,19,nov,314,3,-1,0,success,0
7074,43,management,single,secondary,no,26121,yes,no,cellular,19,nov,1102,3,-1,0,unknown,0
7075,47,services,married,tertiary,no,367,yes,no,cellular,12,may,309,1,306,4,other,0
7076,47,services,married,secondary,no,367,yes,no,cellular,12,apr,309,1,306,4,failure,0
7077,52,admin.,married,secondary,no,3923,yes,no,unknown,14,may,620,3,-1,0,unknown,0
7078,52,housemaid,married,secondary,no,3923,yes,yes,unknown,14,may,942,3,478,0,unknown,0
7079,57,management,married,tertiary,no,2640,no,no,cellular,21,nov,314,4,-1,0,unknown,0
7080,43,management,married,tertiary,no,2640,no,no,cellular,21,apr,314,20,-1,0,unknown,0
7081,49,technician,single,tertiary,no,1071,no,no,cellular,17,jun,169,1,-1,3,unknown,0
7082,49,technician,married,tertiary,no,1071,no,no,unknown,17,jun,169,3,-1,0,unknown,0
7083,37,admin.,married,tertiary,no,29,yes,no,cellular,14,may,523,2,183,2,other,0
7084,37,admin.,married,primary,no,47885,no,no,cellular,14,may,404,2,183,2,other,0
7085,34,blue-collar,married,secondary,no,1454,no,no,cellular,11,feb,231,2,257,2,failure,0
7086,34,blue-collar,married,secondary,no,1454,yes,no,cellular,11,feb,677,20,297,2,failure,0
7087,30,unemployed,single,secondary,no,380,no,no,cellular,17,nov,696,2,-1,0,unknown,0
7088,54,unemployed,married,tertiary,no,380,no,no,cellular,17,nov,696,2,-1,0,unknown,0
7089,39,management,single,tertiary,no,0,yes,no,cellular,22,may,105,1,93,3,success,0
7090,39,management,single,tertiary,no,49775,yes,no,cellular,22,may,271,1,150,3,success,0
7091,30,student,single,secondary,no,358,yes,no,cellular,16,nov,330,1,-1,0,unknown,0
7092,25,student,single,secondary,no,358,yes,no,cellular,16,nov,330,1,246,0,unknown,0
7093,47,admin.,married,secondary,no,3480,no,yes,cellular,16,apr,443,23,-1,0,unknown,0
7094,47,admin.,married,secondary,no,-2077,no,no,cellular,16,apr,443,1,-1,4,unknown,0
7095,31,technician,divorced,unknown,no,0,no,no,cellular,27,aug,581,6,366,0,unknown,0
7096,31,technician,divorced,tertiary,no,61726,no,no,cellular,27,jul,581,6,-1,0,unknown,0
7097,41,technician,single,secondary,no,5329,no,no,unknown,14,jul,653,2,-1,0,unknown,0
7098,41,technician,single,secondary,no,5329,yes,no,cellular,14,jul,397,2,-1,0,unknown,0
7099,38,technician,married,secondary,no,0,yes,no,cellular,22,dec,315,20,-1,0,unknown,0
7100,38,technician,married,secondary,no,72524,yes,no,cellular,22,apr,315,1,-1,0,unknown,0
7101,38,technician,married,secondary,no,1919,no,no,cellular,4,nov,846,25,-1,0,unknown,0
7102,38,technician,married,secondary,no,1919,no,no,cellular,4,aug,299,1,-1,0,unknown,0
7103,34,admin.,single,secondary,no,673,yes,no,cellular,14,jan,707,1,260,2,failure,1
7104,34,admin.,single,secondary,no,673,yes,no,cellular,29,jan,957,1,260,2,unknown,1
7105,40,services,married,secondary,no,15056,yes,no,cellular,5,jul,430,4,-1,0,unknown,0
7106,40,self-employed,married,secondary,no,471,yes,no,cellular,24,jul,686,4,-1,0,unknown,0
7107,35,admin.,divorced,unknown,no,1085,no,no,cellular,5,jun,199,1,86,7,failure,0
7108,35,admin.,single,secondary,no,1085,no,no,cellular,5,jun,28,1,86,7,success,0
7109,53,management,single,secondary,no,1088,yes,no,unknown,8,apr,575,2,-1,0,unknown,0
7110,31,management,single,secondary,no,1088,yes,no,telephone,8,apr,575,2,-1,4,unknown,0
7111,30,technician,single,tertiary,no,2325,no,yes,cellular,10,aug,263,1,127,10,failure,0
7112,30,technician,single,tertiary,no,2325,no,yes,cellular,19,aug,263,1,127,7,failure,0
7113,40,technician,married,primary,no,2266,yes,no,cellular,16,oct,447,1,147,5,failure,0
7114,40,technician,married,secondary,no,2266,no,no,cellular,16,jan,447,1,147,4,failure,0
7115,32,technician,married,unknown,no,14533,yes,no,cellular,10,dec,646,3,198,2,success,1
7116,32,technician,married,unknown,no,14533,no,yes,cellular,31,jul,646,3,198,2,success,1
7117,79,retired,single,secondary,no,668,no,no,telephone,2,jul,363,6,-1,0,unknown,0
7118,79,retired,married,tertiary,no,668,no,no,telephone,2,jun,363,1,-1,0,unknown,0
7119,37,management,married,unknown,no,22477,no,no,cellular,30,apr,244,1,-1,0,unknown,0
7120,37,management,married,tertiary,no,5106,no,no,cellular,30,apr,244,8,-1,11,unknown,0
7121,78,management,married,primary,no,1167,yes,yes,cellular,25,jun,213,6,150,8,failure,0
7122,49,management,married,tertiary,no,1167,yes,yes,unknown,25,jan,213,6,150,8,failure,0
7123,37,blue-collar,single,primary,no,48344,yes,no,cellular,12,may,637,3,328,22,other,0
7124,37,admin.,single,primary,no,912,yes,no,cellular,12,may,376,3,328,2,other,0
7125,61,retired,married,tertiary,no,32685,no,no,cellular,2,aug,453,2,-1,0,unknown,0
7126,61,retired,married,tertiary,no,32685,no,no,unknown,2,jun,1447,2,-1,0,unknown,0
7127,26,blue-collar,married,secondary,no,5795,yes,no,cellular,14,may,79,2,-1,0,unknown,0
7128,26,blue-collar,married,secondary,no,5795,yes,no,cellular,14,may,588,2,-1,0,unknown,0
7129,22,technician,single,tertiary,no,3411,no,no,unknown,19,aug,225,2,-1,0,unknown,0
7130,25,technician,divorced,tertiary,no,3411,yes,no,cellular,19,aug,225,2,-1,0,unknown,0
7131,26,blue-collar,single,tertiary,no,567,no,no,unknown,25,may,421,1,92,0,unknown,0
7132,26,blue-collar,single,tertiary,no,567,no,no,unknown,25,may,421,1,94,0,unknown,0
7133,34,self-employed,married,tertiary,no,263,no,no,cellular,4,may,3025,1,78,8,other,1
7134,34,self-employed,married,tertiary,no,263,no,no,cellular,4,may,1037,12,78,8,other,1
7135,63,management,married,tertiary,no,2785,no,no,cellular,2,aug,162,2,392,3,other,0
7136,63,management,married,tertiary,no,2785,no,no,unknown,2,aug,341,2,392,3,other,0
7137,27,technician,single,secondary,yes,13391,no,yes,cellular,8,jul,732,23,-1,0,unknown,0
7138,27,technician,single,secondary,no,0,no,yes,cellular,8,jul,549,1,-1,0,unknown,0
7139,73,technician,married,secondary,no,1478,no,no,cellular,12,aug,926,4,648,0,unknown,0
7140,38,unemployed,married,secondary,no,1478,no,no,cellular,12,aug,391,4,-1,0,unknown,0
7141,32,technician,married,secondary,no,1995,yes,no,cellular,20,apr,371,1,-1,0,unknown,0
7142,32,technician,single,secondary,no,1995,yes,no,cellular,20,apr,121,15,-1,17,unknown,0
7143,53,retired,divorced,primary,no,0,no,no,cellular,25,sep,210,1,-1,0,unknown,0
7144,77,retired,divorced,secondary,no,0,no,yes,cellular,25,sep,425,1,-1,0,unknown,0
7145,58,admin.,divorced,primary,no,3337,no,no,telephone,8,oct,369,2,690,3,failure,0
7146,58,admin.,divorced,secondary,no,3337,yes,no,telephone,8,oct,369,2,85,3,failure,0
7147,34,blue-collar,married,primary,no,262,yes,no,cellular,1,jun,339,1,-1,0,unknown,0
7148,34,blue-collar,married,secondary,no,262,no,yes,cellular,1,jan,339,1,-1,0,unknown,0
7149,42,unemployed,married,unknown,no,190,no,no,cellular,11,aug,56,2,-1,0,unknown,0
7150,42,student,married,unknown,no,190,no,no,cellular,11,aug,704,25,-1,0,unknown,0
7151,33,management,divorced,secondary,no,5,yes,no,unknown,13,may,350,1,-1,0,unknown,0
7152,33,management,divorced,secondary,no,41953,yes,no,unknown,13,may,618,1,-1,0,unknown,0
7153,82,retired,divorced,secondary,no,0,no,no,telephone,12,nov,226,1,-1,0,other,0
7154,82,retired,divorced,tertiary,no,0,no,yes,telephone,12,feb,226,1,-1,0,unknown,0
7155,46,admin.,single,tertiary,no,2889,no,no,cellular,5,may,494,1,-1,3,unknown,0
7156,46,admin.,single,tertiary,no,2889,yes,no,cellular,5,oct,556,1,-1,0,unknown,0
7157,46,management,married,tertiary,no,4693,no,yes,cellular,7,aug,79,1,337,2,failure,0
7158,46,management,married,tertiary,no,4693,no,yes,unknown,7,nov,79,1,394,2,failure,0
7159,22,admin.,single,tertiary,no,897,yes,no,cellular,4,feb,133,4,347,0,unknown,0
7160,22,management,single,tertiary,yes,897,yes,no,cellular,4,feb,133,4,-1,0,unknown,0
7161,30,services,single,secondary,no,-2529,yes,no,telephone,21,nov,641,1,-1,0,unknown,0
7162,30,services,single,secondary,no,495,yes,yes,cellular,21,jul,641,1,-1,0,unknown,0
7163,34,services,married,secondary,no,1337,no,no,cellular,12,aug,41,7,104,1,success,0
7164,34,services,married,secondary,no,1337,no,no,cellular,12,aug,100,2,104,1,success,0
7165,43,technician,single,unknown,no,11115,no,no,cellular,23,sep,291,1,182,3,failure,0
7166,43,technician,single,unknown,no,11115,no,yes,cellular,23,apr,291,1,182,3,other,0
7167,21,technician,married,secondary,no,335,no,no,unknown,17,feb,226,1,-1,0,unknown,0
7168,47,management,married,secondary,no,335,no,no,cellular,17,feb,384,1,-1,0,unknown,0
7169,57,technician,divorced,tertiary,no,75238,no,no,telephone,4,jun,166,2,180,0,unknown,0
7170,57,technician,divorced,secondary,no,38703,no,no,telephone,4,jun,166,2,-1,0,unknown,0
7171,64,management,married,tertiary,no,3951,no,yes,cellular,29,oct,164,22,-1,0,unknown,0
7172,64,management,married,primary,no,3951,no,no,cellular,29,oct,164,12,-1,0,unknown,0
7173,32,blue-collar,married,primary,no,51196,yes,no,unknown,23,may,2372,2,-1,0,unknown,1
7174,87,blue-collar,married,primary,no,827,yes,no,cellular,23,may,230,2,-1,0,unknown,1
7175,61,self-employed,married,tertiary,no,10861,no,no,cellular,26,jul,32,20,259,3,success,0
7176,61,self-employed,married,tertiary,no,10861,no,no,cellular,26,jul,235,2,259,3,unknown,0
7177,37,services,married,secondary,no,4017,yes,no,cellular,16,oct,156,1,-1,0,unknown,0
7178,37,self-employed,married,secondary,no,4017,no,yes,cellular,16,oct,156,1,-1,0,unknown,0
7179,32,blue-collar,single,primary,no,121,yes,no,telephone,20,nov,758,1,-1,8,unknown,0
7180,32,blue-collar,single,primary,yes,121,yes,no,unknown,20,nov,758,1,-1,0,unknown,0
7181,34,student,single,tertiary,no,2159,no,yes,unknown,18,feb,386,1,-1,0,unknown,0
7182,41,management,single,tertiary,no,2159,no,no,unknown,18,nov,386,1,-1,0,unknown,0
7183,26,services,single,secondary,yes,1445,no,no,telephone,23,oct,56,1,-1,0,unknown,0
7184,26,services,single,secondary,no,1445,no,no,telephone,19,aug,171,1,-1,0,unknown,0
7185,38,student,married,unknown,no,0,no,no,cellular,8,jul,341,1,170,1,failure,0
7186,38,student,married,unknown,no,0,yes,no,cellular,8,jul,341,20,385,1,failure,0
7187,45,technician,married,secondary,yes,144,yes,yes,cellular,14,jul,1263,4,-1,0,unknown,1
7188,45,technician,married,secondary,no,144,yes,yes,cellular,14,jul,1346,4,-1,0,failure,1
7189,27,blue-collar,single,primary,no,535,no,no,cellular,16,aug,265,3,95,4,unknown,0
7190,27,blue-collar,single,secondary,no,535,no,no,cellular,16,aug,265,11,95,4,other,0
7191,40,blue-collar,divorced,secondary,no,1954,no,no,cellular,31,jul,543,2,-1,0,unknown,0
7192,40,blue-collar,married,secondary,no,1954,no,no,cellular,31,jul,317,2,-1,0,unknown,0
7193,29,management,single,tertiary,no,92,no,yes,cellular,2,mar,175,5,126,0,unknown,0
7194,43,management,single,tertiary,no,92,no,no,telephone,2,mar,175,5,-1,0,unknown,0
7195,81,admin.,married,secondary,no,1662,no,no,cellular,4,jun,94,2,-1,0,unknown,0
7196,55,admin.,married,secondary,no,1662,no,no,telephone,4,jun,668,2,-1,0,unknown,0
7197,54,blue-collar,married,secondary,no,1291,yes,no,telephone,5,may,939,1,-1,0,unknown,1
7198,54,blue-collar,married,secondary,no,1291,yes,no,unknown,5,may,1410,1,-1,0,unknown,1
7199,35,technician,married,secondary,no,3490,yes,no,cellular,29,jan,643,2,-1,0,unknown,0
7200,25,technician,married,secondary,no,3490,yes,no,cellular,29,aug,643,2,-1,0,unknown,0
7201,31,blue-collar,married,secondary,no,2,yes,no,unknown,21,may,182,2,-1,0,unknown,0
7202,21,blue-collar,married,secondary,no,2,yes,no,unknown,20,may,182,2,-1,0,unknown,0
7203,35,management,single,tertiary,no,916,yes,no,cellular,31,may,460,2,93,0,unknown,0
7204,35,management,single,tertiary,no,74723,yes,no,cellular,14,may,460,2,-1,0,failure,0
7205,25,student,single,unknown,no,3,no,no,telephone,20,may,170,1,-1,0,unknown,0
7206,25,student,single,unknown,no,3,no,no,cellular,26,may,170,10,-1,0,unknown,0
7207,42,blue-collar,divorced,primary,no,301,no,no,cellular,17,jul,1175,12,-1,0,unknown,0
7208,42,blue-collar,divorced,primary,no,22680,no,no,cellular,17,jul,1175,2,-1,0,unknown,0
7209,30,student,single,tertiary,no,2539,no,no,telephone,5,mar,99,5,-1,0,unknown,0
7210,30,student,single,unknown,no,71993,no,no,telephone,5,mar,199,5,-1,0,unknown,0
7211,35,unemployed,married,primary,no,3285,no,no,unknown,23,nov,1555,2,-1,0,unknown,0
7212,66,unemployed,married,primary,no,3285,no,no,telephone,21,nov,1555,2,-1,0,unknown,0
7213,72,retired,married,primary,no,3856,no,yes,cellular,10,dec,582,4,115,1,failure,0
7214,72,retired,married,primary,no,3856,no,no,cellular,10,dec,28,4,115,1,unknown,0
7215,57,unemployed,married,tertiary,no,209,no,no,telephone,19,jun,1541,1,-1,0,unknown,1
7216,57,unemployed,married,tertiary,no,209,no,no,unknown,19,apr,453,1,-1,0,unknown,1
7217,30,services,single,secondary,no,-271,yes,no,cellular,7,jun,609,1,337,1,other,0
7218,30,services,single,secondary,no,-271,yes,no,telephone,7,may,609,1,337,1,unknown,0
7219,58,admin.,divorced,secondary,no,102,no,yes,cellular,8,jul,658,2,-1,0,unknown,0
7220,26,admin.,single,secondary,no,102,no,yes,cellular,8,jul,153,2,-1,0,unknown,0
7221,28,technician,single,secondary,no,759,yes,no,unknown,9,may,710,23,-1,0,unknown,0
7222,28,unemployed,single,secondary,no,42115,yes,no,unknown,9,may,710,1,-1,0,unknown,0
7223,57,entrepreneur,divorced,secondary,no,-37,yes,no,unknown,5,may,1211,1,-1,0,unknown,1
7224,57,entrepreneur,divorced,secondary,no,-37,no,no,unknown,9,apr,173,1,-1,0,unknown,1
7225,26,services,married,secondary,no,77,yes,no,cellular,15,may,69,1,340,9,failure,0
7226,57,self-employed,married,secondary,no,77,yes,no,cellular,15,may,619,1,340,4,failure,0
7227,41,admin.,married,tertiary,no,231,no,no,cellular,26,aug,428,2,-1,0,unknown,0
7228,41,technician,married,tertiary,yes,231,no,no,cellular,26,aug,75,2,-1,0,unknown,0
7229,29,management,single,tertiary,no,62,yes,no,telephone,18,may,473,3,-1,0,unknown,0
7230,33,management,single,tertiary,no,62,no,no,cellular,18,oct,473,3,-1,0,unknown,0
7231,26,blue-collar,married,secondary,no,191,yes,no,cellular,6,may,550,1,-1,22,unknown,0
7232,26,blue-collar,single,secondary,no,191,yes,no,cellular,6,may,355,1,-1,0,unknown,0
7233,55,housemaid,single,primary,no,2152,no,no,unknown,4,jun,922,2,-1,0,unknown,0
7234,69,housemaid,married,primary,no,2152,no,no,unknown,19,may,922,2,-1,0,unknown,0
7235,31,admin.,married,secondary,no,879,no,no,cellular,13,may,394,1,-1,0,failure,0
7236,31,admin.,married,secondary,no,9784,yes,no,cellular,13,may,394,1,-1,0,unknown,0
7237,31,blue-collar,divorced,tertiary,no,72690,yes,no,cellular,16,jul,873,2,-1,0,unknown,0
7238,31,unemployed,divorced,tertiary,no,71028,yes,no,cellular,16,jul,873,2,-1,0,unknown,0
7239,22,self-employed,divorced,primary,no,1389,no,no,cellular,8,apr,335,1,-1,0,unknown,0
7240,78,retired,single,primary,no,1389,no,no,cellular,8,apr,335,13,-1,0,unknown,0
7241,42,admin.,single,secondary,no,684,yes,no,cellular,4,jun,207,1,-1,13,unknown,0
7242,32,admin.,single,secondary,no,684,no,no,cellular,4,jun,207,4,-1,0,unknown,0
7243,33,student,single,unknown,no,1170,no,yes,cellular,30,apr,352,1,201,0,unknown,0
7244,33,student,single,unknown,no,1170,no,no,cellular,30,jul,352,1,-1,0,unknown,0
7245,68,retired,married,primary,no,451,no,yes,cellular,5,apr,373,1,-1,0,unknown,0
7246,58,retired,married,primary,no,451,no,no,cellular,26,mar,373,1,-1,0,unknown,0
7247,33,technician,married,unknown,no,189,no,no,cellular,1,oct,238,1,107,2,failure,0
7248,37,blue-collar,married,unknown,no,189,no,no,cellular,1,oct,238,1,107,2,failure,0
7249,49,management,married,tertiary,no,0,no,no,telephone,17,oct,223,1,391,0,other,0
7250,49,management,married,tertiary,no,0,no,no,telephone,17,oct,223,15,-1,12,unknown,0
7251,61,housemaid,divorced,primary,no,211,no,no,cellular,31,aug,208,2,186,3,failure,0
7252,61,housemaid,married,primary,no,211,no,no,cellular,31,aug,121,2,186,3,failure,0
7253,26,technician,single,tertiary,no,80286,no,no,cellular,5,may,188,2,-1,0,unknown,0
7254,26,student,single,tertiary,no,58311,no,no,cellular,5,may,188,2,-1,0,unknown,0
7255,47,admin.,divorced,secondary,no,1693,yes,no,cellular,22,may,608,2,92,4,other,0
7256,56,admin.,single,secondary,no,1693,yes,no,cellular,22,oct,131,2,92,4,other,0
7257,36,services,married,secondary,no,11462,yes,no,unknown,26,nov,993,1,-1,0,unknown,0
7258,36,services,married,secondary,no,11462,yes,no,cellular,20,nov,252,1,-1,8,unknown,0
7259,25,management,single,tertiary,no,1,yes,no,cellular,13,may,633,5,-1,0,unknown,1
7260,25,management,single,tertiary,no,1,yes,no,cellular,13,may,622,5,230,0,unknown,1
7261,32,retired,married,primary,no,6538,no,no,cellular,9,sep,394,1,-1,0,unknown,0
7262,70,retired,married,primary,no,6538,no,no,cellular,24,sep,394,20,-1,0,unknown,0
7263,74,retired,married,tertiary,no,1843,no,no,cellular,15,jul,192,1,185,2,unknown,0
7264,74,retired,married,tertiary,no,1843,no,no,cellular,10,mar,192,1,185,2,other,0
7265,37,management,married,tertiary,no,203,no,yes,cellular,21,oct,759,1,90,5,other,0
7266,37,management,married,tertiary,no,65049,no,no,cellular,21,oct,759,1,90,5,unknown,0
7267,26,unemployed,single,tertiary,no,814,no,no,cellular,28,jan,355,1,-1,5,unknown,0
7268,26,unemployed,single,tertiary,no,814,no,no,cellular,28,jan,630,1,-1,0,unknown,0
7269,52,technician,married,tertiary,no,2557,no,no,cellular,3,jan,134,5,169,2,success,0
7270,52,technician,married,secondary,no,2557,no,no,cellular,4,jan,134,5,204,2,success,0
7271,40,admin.,single,secondary,no,664,no,no,cellular,11,jul,333,2,-1,0,unknown,0
7272,40,admin.,single,secondary,no,664,no,no,cellular,21,jul,113,2,-1,0,unknown,0
7273,54,technician,divorced,secondary,no,1252,yes,no,cellular,11,may,428,1,648,1,failure,1
7274,54,technician,divorced,secondary,no,1252,no,no,cellular,11,may,1541,1,350,1,failure,1
7275,32,self-employed,single,tertiary,no,658,yes,no,cellular,27,jan,283,8,-1,0,unknown,0
7276,32,self-employed,single,unknown,no,658,yes,no,cellular,27,mar,283,6,-1,0,unknown,0
7277,60,retired,married,primary,no,72258,no,no,cellular,14,aug,391,3,106,1,failure,0
7278,60,management,married,unknown,no,209,no,yes,cellular,14,aug,391,3,106,1,failure,0
7279,31,admin.,divorced,secondary,no,163,yes,no,cellular,14,jul,420,2,-1,0,unknown,0
7280,44,admin.,divorced,secondary,no,163,yes,no,cellular,14,jul,407,2,-1,0,unknown,0
7281,55,entrepreneur,married,secondary,no,27624,yes,no,telephone,3,jun,437,1,79,0,unknown,0
7282,55,entrepreneur,married,secondary,no,27624,no,yes,telephone,3,jun,437,7,-1,0,unknown,0
7283,36,unemployed,married,tertiary,no,32830,yes,no,cellular,26,aug,556,7,-1,0,unknown,0
7284,36,unemployed,married,tertiary,no,44141,no,no,cellular,26,aug,556,7,-1,0,unknown,0
7285,52,entrepreneur,married,secondary,no,1306,yes,no,cellular,15,jun,355,1,-1,0,unknown,0
7286,52,entrepreneur,married,unknown,no,19855,no,no,cellular,15,jun,288,1,-1,0,unknown,0
7287,39,management,single,unknown,no,307,no,no,cellular,22,may,182,2,-1,0,unknown,0
7288,39,management,single,tertiary,no,44434,no,no,cellular,22,may,182,2,-1,0,failure,0
7289,35,technician,single,tertiary,no,670,yes,no,cellular,13,apr,531,4,182,2,success,0
7290,35,technician,single,tertiary,no,670,no,no,cellular,13,apr,278,4,356,2,unknown,0
7291,27,technician,single,unknown,no,667,no,no,unknown,29,jan,866,2,-1,0,unknown,0
7292,27,technician,married,tertiary,no,16158,no,no,cellular,29,jan,866,2,-1,0,unknown,0
7293,30,technician,single,secondary,no,3286,yes,no,telephone,9,apr,949,1,-1,0,unknown,0
7294,30,technician,single,secondary,no,3286,yes,no,cellular,9,apr,529,1,-1,0,unknown,0
7295,31,management,single,tertiary,no,3283,no,no,cellular,2,feb,188,1,73,1,failure,0
7296,31,management,single,tertiary,no,3283,yes,no,cellular,2,feb,258,10,73,1,failure,0
7297,50,technician,married,unknown,no,72,no,no,telephone,5,dec,619,1,-1,0,unknown,1
7298,50,technician,married,primary,no,72,no,no,telephone,5,dec,1112,1,-1,0,unknown,1
7299,33,management,single,tertiary,no,87,no,no,cellular,21,aug,184,1,-1,0,unknown,0
7300,33,management,single,tertiary,no,87,no,no,cellular,12,aug,298,1,-1,0,unknown,0
7301,84,blue-collar,married,primary,no,1852,yes,no,cellular,13,may,127,1,-1,0,unknown,0
7302,38,blue-collar,married,primary,no,1852,yes,no,cellular,13,jul,606,1,-1,0,failure,0
7303,59,self-employed,married,tertiary,no,28466,no,no,cellular,17,nov,409,7,-1,0,unknown,0
7304,59,self-employed,married,secondary,no,2013,no,no,cellular,17,nov,409,4,-1,0,unknown,0
7305,32,self-employed,married,tertiary,no,1657,yes,yes,cellular,28,jan,872,1,-1,0,unknown,0
7306,31,self-employed,single,tertiary,no,1657,yes,yes,unknown,28,jan,872,1,90,0,unknown,0
7307,36,management,married,tertiary,no,1318,yes,no,cellular,7,aug,741,2,-1,0,unknown,1
7308,36,management,married,tertiary,no,1318,yes,no,cellular,7,aug,1835,2,-1,0,unknown,1
7309,49,self-employed,divorced,secondary,yes,168,yes,yes,unknown,8,may,513,1,-1,0,unknown,0
7310,49,admin.,divorced,secondary,no,168,yes,no,unknown,8,may,513,1,28,0,unknown,0
7311,36,management,married,tertiary,no,1133,yes,yes,cellular,4,apr,293,1,181,2,other,0
7312,36,management,married,secondary,no,1133,yes,no,cellular,4,aug,293,1,181,2,unknown,0
7313,53,entrepreneur,single,primary,no,27,yes,no,unknown,10,sep,230,3,-1,0,unknown,0
7314,53,entrepreneur,married,primary,no,27,yes,no,telephone,10,sep,617,3,-1,0,unknown,0
7315,32,management,single,tertiary,no,718,yes,no,cellular,19,oct,155,1,197,1,success,0
7316,32,management,single,tertiary,no,718,yes,no,cellular,29,dec,155,8,197,1,other,0
7317,34,admin.,married,tertiary,no,69,no,yes,cellular,4,aug,471,3,1,6,unknown,0
7318,34,admin.,married,tertiary,no,69,no,yes,cellular,22,aug,120,3,40,6,success,0
7319,42,admin.,divorced,secondary,no,527,no,yes,cellular,20,apr,112,13,-1,0,unknown,0
7320,51,admin.,divorced,secondary,no,527,no,yes,cellular,20,apr,112,1,-1,6,unknown,0
7321,34,unknown,single,secondary,no,859,no,no,cellular,28,jan,829,25,-1,0,unknown,0
7322,34,unknown,single,secondary,no,859,no,no,unknown,28,jan,517,1,-1,0,unknown,0
7323,28,management,married,tertiary,no,1425,yes,no,cellular,12,may,405,3,-1,0,unknown,0
7324,39,management,married,tertiary,no,1425,yes,no,cellular,12,may,206,3,-1,13,unknown,0
7325,27,management,single,tertiary,no,37374,yes,no,cellular,30,jul,764,4,-1,0,unknown,0
7326,27,management,single,tertiary,yes,16293,yes,no,cellular,30,jul,764,4,-1,0,unknown,0
7327,52,self-employed,married,secondary,no,1228,yes,yes,cellular,4,aug,218,1,99,0,unknown,0
7328,52,admin.,married,secondary,no,1228,yes,yes,cellular,4,aug,218,15,-1,0,success,0
7329,32,blue-collar,married,secondary,no,3780,yes,no,cellular,17,apr,574,1,150,1,failure,0
7330,48,blue-collar,married,secondary,no,77637,yes,no,cellular,17,apr,574,1,150,1,failure,0
7331,71,unemployed,single,tertiary,no,3561,no,no,telephone,15,mar,577,7,-1,0,unknown,0
7332,71,retired,married,tertiary,no,3561,no,no,unknown,12,mar,577,7,-1,0,unknown,0
7333,61,retired,divorced,unknown,no,3624,no,no,cellular,25,jul,342,1,-1,0,unknown,0
7334,61,retired,divorced,unknown,no,3624,yes,no,cellular,25,nov,342,1,-1,0,unknown,0
7335,80,retired,married,primary,no,155,no,no,unknown,4,may,209,1,391,3,success,0
7336,80,retired,married,primary,no,155,no,no,telephone,4,may,137,1,53,3,success,0
7337,44,blue-collar,married,secondary,no,215,no,yes,cellular,28,jul,180,5,189,0,success,1
7338,44,blue-collar,married,secondary,no,215,no,yes,cellular,28,jul,829,5,-1,0,success,1
7339,67,management,married,tertiary,no,41765,no,no,cellular,20,aug,345,2,-1,0,unknown,0
7340,49,management,married,tertiary,no,405,no,no,telephone,7,aug,345,2,-1,0,unknown,0
7341,31,technician,single,secondary,no,271,yes,no,cellular,5,jan,917,1,-1,0,unknown,1
7342,32,technician,single,secondary,no,271,yes,no,cellular,5,mar,269,1,-1,0,unknown,1
7343,42,services,married,secondary,no,1376,yes,no,cellular,22,mar,174,4,-1,0,unknown,0
7344,90,services,married,secondary,no,1376,yes,no,cellular,2,nov,712,4,-1,0,unknown,0
7345,35,self-employed,single,tertiary,no,5462,yes,no,cellular,2,nov,188,1,179,1,success,0
7346,52,self-employed,single,tertiary,no,5462,no,no,cellular,2,nov,13,1,186,1,success,0
7347,44,self-employed,divorced,tertiary,no,1070,yes,no,cellular,12,aug,137,2,104,3,failure,0
7348,44,self-employed,divorced,tertiary,no,1070,yes,no,telephone,12,aug,137,2,104,3,other,0
7349,78,retired,married,primary,no,680,no,no,telephone,24,jun,838,1,89,9,success,1
7350,78,retired,married,secondary,no,680,no,no,telephone,24,may,838,1,89,9,success,1
7351,36,management,married,tertiary,no,625,yes,no,cellular,18,jul,256,9,-1,0,unknown,0
7352,36,management,married,primary,no,625,yes,no,cellular,18,jul,672,9,-1,0,unknown,0
7353,30,blue-collar,single,primary,no,253,yes,no,cellular,5,may,259,1,348,0,unknown,0
7354,78,blue-collar,single,unknown,no,253,yes,no,cellular,5,may,259,1,-1,0,unknown,0
7355,53,admin.,divorced,secondary,no,315,yes,no,unknown,5,may,1150,2,-1,0,unknown,1
7356,53,admin.,divorced,secondary,no,315,yes,no,unknown,5,may,1319,2,-1,0,unknown,1
7357,38,services,married,secondary,no,7208,yes,no,cellular,13,may,1159,1,-1,0,other,1
7358,38,services,married,secondary,no,7208,yes,no,cellular,13,may,672,1,-1,2,unknown,1
7359,32,self-employed,divorced,tertiary,no,883,yes,no,cellular,10,may,798,1,185,5,other,0
7360,32,management,divorced,tertiary,no,883,yes,no,cellular,10,oct,798,8,185,5,other,0
7361,54,technician,divorced,secondary,no,2156,yes,no,telephone,3,feb,261,5,195,4,failure,0
7362,54,retired,divorced,secondary,no,2156,yes,no,cellular,3,feb,261,1,195,4,failure,0
7363,39,admin.,married,secondary,no,1767,yes,no,cellular,12,nov,213,7,-1,0,unknown,0
7364,38,blue-collar,married,secondary,no,1767,no,no,cellular,12,nov,893,7,-1,0,unknown,0
7365,57,technician,married,tertiary,no,6822,no,no,cellular,29,aug,236,2,-1,0,unknown,0
7366,57,technician,married,tertiary,no,6822,no,no,telephone,7,sep,797,2,-1,0,unknown,0
7367,47,unemployed,married,secondary,no,817,no,no,cellular,7,apr,231,4,-1,0,unknown,0
7368,47,unemployed,married,secondary,no,49821,no,no,cellular,7,jul,721,4,-1,0,unknown,0
7369,45,admin.,married,secondary,no,205,no,no,cellular,4,may,552,12,90,2,unknown,0
7370,45,admin.,married,secondary,no,205,no,yes,cellular,4,may,30,1,90,2,success,0
7371,50,management,married,secondary,no,388,no,no,cellular,15,sep,566,2,99,4,failure,0
7372,50,housemaid,married,secondary,no,388,no,yes,cellular,15,sep,173,2,205,4,failure,0
7373,37,management,married,tertiary,no,238,no,no,cellular,3,dec,149,1,-1,0,unknown,0
7374,37,management,married,tertiary,no,238,yes,no,cellular,3,nov,656,1,-1,0,unknown,0
7375,60,retired,married,primary,no,523,no,no,cellular,11,feb,467,1,182,3,unknown,0
7376,60,retired,married,secondary,no,523,no,no,cellular,11,feb,467,15,182,3,failure,0
7377,32,technician,married,secondary,no,696,yes,no,unknown,2,jun,158,1,-1,0,unknown,0
7378,32,technician,married,secondary,no,696,no,no,unknown,2,jun,815,22,-1,0,unknown,0
7379,39,management,married,tertiary,no,481,no,yes,cellular,7,dec,929,5,189,0,other,0
7380,39,management,married,tertiary,no,481,no,no,unknown,7,dec,929,5,189,7,other,0
7381,40,unemployed,single,tertiary,no,7968,no,no,cellular,3,sep,6,15,93,1,success,0
7382,40,retired,single,tertiary,no,7968,no,no,cellular,3,sep,14,1,93,1,success,0
7383,49,unknown,married,primary,no,53796,yes,yes,unknown,15,may,520,2,-1,0,unknown,0
7384,87,unknown,married,primary,no,341,yes,yes,unknown,15,may,520,2,-1,0,unknown,0
7385,59,retired,single,secondary,no,1574,no,no,telephone,29,jul,301,3,-1,0,unknown,0
7386,64,retired,married,secondary,no,1574,no,no,telephone,29,jul,64,3,-1,0,unknown,0
7387,59,technician,married,secondary,no,1,no,no,cellular,15,apr,1015,6,378,3,failure,0
7388,59,technician,married,secondary,no,9180,no,no,cellular,15,apr,159,2,363,3,failure,0
7389,38,student,single,unknown,yes,9669,no,no,unknown,20,jun,1148,3,-1,0,unknown,0
7390,38,student,single,unknown,no,9669,no,no,unknown,20,apr,210,3,-1,0,unknown,1
7391,28,services,married,secondary,no,510,no,yes,cellular,8,jul,239,2,-1,0,unknown,0
7392,66,services,married,tertiary,no,510,yes,yes,cellular,8,jul,1767,2,-1,0,unknown,0
7393,35,technician,single,tertiary,no,1880,no,no,cellular,20,may,116,1,-1,14,unknown,0
7394,84,technician,divorced,tertiary,no,1880,no,no,cellular,20,may,154,1,-1,0,unknown,0
7395,33,technician,married,secondary,no,133,no,no,cellular,4,may,218,6,-1,0,unknown,0
7396,33,technician,married,primary,no,133,no,no,cellular,4,may,218,1,-1,0,unknown,0
7397,27,management,single,tertiary,no,2648,no,no,cellular,5,feb,522,5,-1,0,unknown,0
7398,27,management,single,tertiary,no,2648,no,no,cellular,5,feb,228,1,-1,0,unknown,0
7399,32,student,single,tertiary,no,64,no,yes,cellular,30,jun,598,4,179,5,failure,0
7400,32,student,single,tertiary,no,64,no,no,unknown,30,jun,598,15,105,5,failure,0
7401,30,services,divorced,secondary,no,436,yes,no,cellular,17,jun,155,1,-1,0,unknown,0
7402,30,services,divorced,secondary,no,436,yes,no,cellular,17,jun,268,1,-1,0,unknown,0
7403,27,blue-collar,single,tertiary,no,-230,yes,no,cellular,25,nov,238,2,184,1,success,0
7404,27,technician,single,tertiary,no,567,yes,no,cellular,25,nov,238,2,184,1,success,0
7405,33,services,single,tertiary,no,395,yes,no,cellular,23,jul,108,6,-1,0,unknown,0
7406,33,services,divorced,tertiary,no,395,yes,no,cellular,23,jul,472,6,-1,0,unknown,0
7407,39,technician,married,tertiary,no,-3058,yes,yes,cellular,17,apr,264,3,-1,0,unknown,0
7408,39,self-employed,married,tertiary,no,-3058,yes,yes,cellular,17,apr,279,3,-1,22,unknown,0
7409,64,management,married,tertiary,no,7135,no,yes,cellular,19,aug,1032,3,-1,0,unknown,0
7410,73,management,married,tertiary,no,7135,no,no,unknown,19,aug,1032,3,-1,0,unknown,0
7411,28,admin.,married,secondary,no,-393,yes,yes,cellular,7,may,792,2,349,2,failure,1
7412,28,admin.,married,secondary,no,-393,yes,yes,cellular,7,may,1613,2,349,2,failure,1
7413,22,student,single,secondary,no,78204,no,no,cellular,8,jul,153,1,-1,0,unknown,0
7414,22,student,single,secondary,no,23970,no,no,unknown,8,jul,153,1,-1,0,unknown,0
7415,28,self-employed,single,tertiary,no,442,no,yes,cellular,24,jun,474,3,95,3,other,0
7416,22,self-employed,single,tertiary,no,442,no,yes,cellular,19,jun,474,3,95,3,other,0
7417,53,management,married,tertiary,no,241,yes,no,cellular,19,nov,899,1,-1,13,unknown,1
7418,92,management,married,tertiary,no,241,yes,no,cellular,19,nov,137,1,-1,0,unknown,1
7419,37,management,single,tertiary,no,698,no,no,cellular,8,sep,415,2,-1,0,unknown,0
7420,37,management,single,tertiary,no,698,no,yes,cellular,8,sep,103,2,-1,0,unknown,0
7421,41,management,married,tertiary,no,0,no,no,telephone,11,aug,534,5,-1,0,unknown,0
7422,41,management,married,tertiary,no,0,no,no,cellular,11,aug,309,5,-1,0,unknown,0
7423,28,services,single,tertiary,no,128,no,yes,cellular,27,may,460,9,414,1,failure,0
7424,28,services,single,tertiary,no,128,no,no,cellular,27,may,86,1,414,1,failure,0
7425,46,blue-collar,married,secondary,no,668,yes,no,unknown,15,may,356,2,-1,0,unknown,0
7426,46,blue-collar,married,secondary,no,668,yes,yes,unknown,15,may,1263,2,-1,0,failure,0
7427,34,unknown,single,secondary,no,1475,yes,no,cellular,16,sep,1166,3,530,12,other,1
7428,67,blue-collar,single,secondary,no,1475,yes,no,cellular,16,aug,1166,3,530,12,other,1
7429,33,management,married,secondary,no,3935,yes,yes,cellular,6,may,476,1,342,2,failure,0
7430,33,management,married,secondary,no,3935,yes,no,unknown,6,may,765,1,342,2,unknown,0
7431,36,management,married,tertiary,no,254,no,yes,cellular,7,feb,303,2,-1,0,unknown,0
7432,36,management,single,secondary,no,254,no,no,cellular,3,feb,303,2,-1,0,unknown,0
7433,47,retired,single,primary,no,3033,no,no,unknown,8,sep,293,1,-1,0,other,0
7434,65,retired,single,primary,no,3033,no,yes,cellular,8,sep,293,1,-1,0,unknown,0
7435,58,blue-collar,married,primary,no,3501,yes,no,unknown,15,may,1336,3,-1,13,unknown,1
7436,58,blue-collar,married,primary,no,3501,yes,no,unknown,15,may,1025,3,-1,9,unknown,1
7437,48,management,divorced,tertiary,no,17964,yes,no,unknown,1,sep,120,6,98,5,success,0
7438,48,management,divorced,secondary,no,17964,yes,no,cellular,1,may,120,1,98,5,success,0
7439,61,retired,divorced,unknown,no,4243,no,no,cellular,30,apr,315,1,182,2,failure,0
7440,61,retired,divorced,secondary,no,4243,no,no,cellular,3,apr,315,1,182,2,failure,0
7441,41,management,divorced,tertiary,no,5037,no,no,cellular,23,apr,252,9,185,5,failure,0
7442,41,management,divorced,tertiary,no,5037,yes,yes,cellular,23,apr,252,9,185,5,other,0
7443,46,blue-collar,divorced,secondary,no,168,yes,no,cellular,20,sep,255,1,90,4,other,1
7444,46,unemployed,divorced,secondary,no,168,yes,no,cellular,20,apr,255,1,421,4,other,1
7445,31,management,single,tertiary,no,59,yes,yes,cellular,6,may,342,2,363,1,failure,0
7446,31,management,single,tertiary,no,59,yes,yes,cellular,6,may,84,2,363,1,failure,0
7447,44,admin.,single,tertiary,no,558,yes,no,cellular,31,feb,262,2,-1,0,unknown,0
7448,44,admin.,divorced,tertiary,no,558,yes,no,cellular,31,mar,120,6,-1,0,unknown,0
7449,59,admin.,married,secondary,no,3735,no,no,cellular,17,jun,94,3,91,6,unknown,0
7450,59,admin.,married,secondary,no,3735,no,no,cellular,17,jun,97,3,301,6,success,0
7451,62,self-employed,divorced,tertiary,no,6,yes,no,unknown,13,apr,103,1,182,3,failure,0
7452,62,self-employed,divorced,tertiary,no,6,no,no,cellular,13,apr,103,1,182,0,success,0
7453,22,services,single,secondary,no,129,no,yes,unknown,16,oct,258,1,-1,0,unknown,0
7454,22,services,single,secondary,yes,129,no,no,cellular,16,may,258,1,-1,0,unknown,0
7455,78,management,married,tertiary,no,2455,yes,no,cellular,21,jul,553,1,-1,0,unknown,0
7456,51,management,married,tertiary,no,2455,yes,yes,cellular,21,jul,622,1,-1,0,unknown,0
7457,56,retired,married,primary,no,9367,no,no,cellular,4,may,88,2,-1,0,unknown,0
7458,56,technician,married,primary,no,9367,no,no,cellular,4,oct,617,2,-1,0,unknown,0
7459,30,technician,single,primary,no,2544,no,no,telephone,8,apr,108,2,-1,0,unknown,0
7460,30,technician,single,secondary,no,2544,no,no,cellular,8,apr,108,2,541,0,unknown,0
7461,33,self-employed,married,tertiary,no,-355,yes,no,cellular,23,may,911,2,310,0,unknown,1
7462,33,self-employed,divorced,tertiary,no,52572,yes,no,unknown,23,may,911,2,-1,0,unknown,1
7463,44,self-employed,married,tertiary,no,51592,no,no,telephone,14,aug,552,2,-1,0,unknown,0
7464,44,services,married,tertiary,no,624,no,yes,telephone,14,aug,552,2,-1,0,unknown,0
7465,26,management,married,tertiary,no,240,yes,no,cellular,16,apr,453,1,-1,9,unknown,0
7466,43,management,married,tertiary,no,240,yes,no,cellular,23,apr,453,1,-1,0,unknown,0
7467,46,admin.,married,secondary,no,849,yes,no,unknown,5,oct,508,2,-1,0,unknown,0
7468,46,admin.,married,secondary,no,849,yes,no,unknown,5,jan,508,2,-1,0,unknown,0
7469,43,housemaid,single,primary,no,800,yes,no,cellular,13,may,382,1,-1,0,unknown,0
7470,43,housemaid,single,primary,no,800,yes,no,cellular,13,may,176,1,-1,0,unknown,0
7471,30,unknown,single,secondary,yes,255,no,no,cellular,27,jan,143,1,-1,0,unknown,0
7472,30,admin.,single,secondary,no,255,no,no,cellular,27,jan,417,1,-1,0,unknown,0
7473,31,technician,single,tertiary,no,-167,yes,no,unknown,2,mar,1150,5,-1,0,unknown,1
7474,31,technician,single,tertiary,no,22477,yes,no,unknown,2,jun,1342,5,-1,0,unknown,1
7475,72,entrepreneur,married,secondary,no,0,no,no,unknown,8,jun,1025,7,-1,0,unknown,0
7476,43,entrepreneur,married,secondary,no,0,no,no,unknown,3,jun,276,7,378,0,unknown,0
7477,28,blue-collar,married,primary,no,54,yes,no,cellular,14,may,427,1,371,1,other,0
7478,28,blue-collar,single,primary,no,73503,yes,no,cellular,14,may,533,1,371,1,other,0
7479,33,admin.,single,secondary,no,315,yes,yes,cellular,14,may,39,3,199,0,unknown,0
7480,33,admin.,single,secondary,no,315,yes,yes,cellular,14,may,522,3,328,0,unknown,0
7481,28,admin.,married,secondary,no,330,no,yes,cellular,2,jun,226,2,182,4,failure,0
7482,28,admin.,married,secondary,no,37446,no,no,cellular,2,jun,226,2,182,4,unknown,0
7483,83,student,single,primary,no,44681,yes,no,cellular,11,may,819,2,-1,0,unknown,0
7484,25,student,single,primary,no,373,yes,no,cellular,11,may,316,2,-1,0,unknown,0
7485,37,entrepreneur,married,tertiary,no,189,yes,no,cellular,2,jun,253,2,-1,0,failure,0
7486,37,entrepreneur,married,tertiary,no,189,no,no,telephone,2,apr,253,2,-1,0,unknown,0
7487,73,technician,single,secondary,no,674,no,no,cellular,17,apr,170,5,-1,3,unknown,0
7488,57,technician,single,secondary,no,674,no,yes,cellular,17,apr,170,5,-1,0,unknown,0
7489,25,blue-collar,single,secondary,no,1857,yes,no,cellular,13,jul,195,2,91,4,unknown,0
7490,25,blue-collar,single,secondary,no,1857,yes,no,cellular,3,jul,195,2,91,10,other,0
7491,42,admin.,single,secondary,no,-247,yes,yes,telephone,21,oct,187,1,166,1,other,0
7492,42,admin.,single,secondary,yes,-247,yes,yes,telephone,21,oct,254,1,166,1,other,0
7493,59,retired,divorced,tertiary,yes,3444,no,no,cellular,10,aug,252,1,185,2,failure,0
7494,59,retired,divorced,tertiary,no,3444,no,no,cellular,10,aug,252,1,185,4,unknown,0
7495,61,retired,married,secondary,no,11,no,no,cellular,19,sep,84,1,92,3,success,0
7496,61,retired,married,secondary,no,11,no,no,cellular,29,sep,232,1,28,3,other,0
7497,39,technician,single,secondary,no,2321,no,yes,cellular,16,jun,861,2,-1,0,unknown,1
7498,39,technician,single,secondary,no,2321,no,no,unknown,16,apr,203,2,-1,0,unknown,1
7499,35,technician,married,tertiary,no,7050,no,no,cellular,11,aug,126,3,182,4,success,0
7500,35,technician,single,tertiary,no,7050,no,no,cellular,11,aug,222,3,182,4,other,0
7501,59,unemployed,married,primary,no,0,no,no,cellular,30,jan,3025,2,275,0,success,1
7502,59,unemployed,single,primary,no,0,no,no,cellular,30,jan,3025,2,-1,0,unknown,0
7503,48,blue-collar,divorced,secondary,no,1230,yes,no,cellular,12,nov,169,1,196,2,failure,0
7504,48,blue-collar,married,secondary,no,1230,yes,no,cellular,12,nov,169,1,341,0,success,0
7505,40,admin.,divorced,secondary,yes,2129,no,no,cellular,30,nov,452,1,-1,0,unknown,0
7506,40,admin.,divorced,secondary,no,2129,no,no,cellular,30,apr,186,1,-1,0,other,0
7507,39,management,married,tertiary,no,-17,yes,yes,telephone,28,aug,625,1,-1,0,unknown,0
7508,39,management,married,tertiary,no,-17,yes,yes,cellular,28,aug,550,1,-1,0,unknown,0
7509,39,technician,married,secondary,no,2266,no,no,cellular,18,feb,208,8,-1,22,unknown,0
7510,39,admin.,married,secondary,no,2266,no,no,unknown,18,feb,208,4,-1,0,unknown,0
7511,49,management,married,tertiary,no,0,no,no,cellular,17,feb,294,4,63,11,other,0
7512,41,management,divorced,tertiary,no,0,no,yes,cellular,17,sep,294,4,63,11,other,0
7513,58,unknown,single,unknown,no,1547,no,no,telephone,5,aug,1186,4,-1,11,unknown,0
7514,72,unknown,single,unknown,no,1547,no,no,telephone,5,aug,1186,4,-1,0,unknown,0
7515,33,management,divorced,tertiary,no,2240,no,no,telephone,13,jun,198,1,-1,0,unknown,0
7516,33,management,divorced,tertiary,no,6848,no,no,unknown,3,jun,198,1,-1,0,unknown,0
7517,70,retired,married,primary,no,324,no,no,cellular,11,aug,632,10,308,6,failure,0
7518,70,retired,married,primary,no,324,yes,no,cellular,11,aug,200,1,308,6,other,0
7519,49,admin.,single,secondary,no,-2709,yes,no,unknown,8,may,1257,3,-1,0,unknown,0
7520,49,admin.,single,secondary,no,52001,no,no,unknown,15,may,1257,3,-1,0,unknown,0
7521,37,management,married,tertiary,no,21,yes,no,cellular,5,feb,187,2,252,2,success,1
7522,37,management,married,tertiary,no,21,yes,no,cellular,5,feb,1231,2,252,2,other,1
7523,49,blue-collar,married,secondary,no,1730,yes,yes,cellular,4,aug,605,2,92,4,unknown,0
7524,49,blue-collar,married,secondary,no,1730,yes,no,cellular,4,jan,605,2,92,4,other,0
7525,66,blue-collar,married,secondary,no,271,yes,no,cellular,17,nov,979,2,172,2,failure,1
7526,41,blue-collar,married,secondary,no,271,no,no,cellular,17,nov,148,2,172,2,success,1
7527,30,services,single,secondary,no,140,yes,no,cellular,15,may,556,1,187,0,unknown,0
7528,30,services,single,secondary,no,140,yes,no,unknown,15,may,760,15,-1,0,unknown,0
7529,35,blue-collar,single,tertiary,no,470,yes,no,unknown,25,jul,743,13,-1,0,unknown,0
7530,35,technician,single,tertiary,no,470,yes,yes,unknown,25,jul,743,13,-1,0,unknown,0
7531,25,student,single,secondary,no,4147,no,no,unknown,14,aug,211,3,-1,0,other,0
7532,25,technician,single,secondary,no,4147,no,no,cellular,14,aug,211,3,-1,0,unknown,0
7533,25,student,single,secondary,no,22728,yes,no,cellular,24,may,323,2,353,3,other,0
7534,25,student,single,primary,no,3713,yes,no,cellular,24,may,323,2,353,3,other,0
7535,39,blue-collar,divorced,secondary,no,649,yes,no,cellular,15,jul,668,1,-1,0,unknown,0
7536,39,blue-collar,single,secondary,no,649,yes,no,cellular,15,apr,325,1,-1,8,unknown,0
7537,51,technician,single,secondary,no,354,no,no,cellular,11,aug,444,10,-1,0,unknown,0
7538,35,services,single,secondary,no,354,yes,no,cellular,11,aug,444,3,-1,0,unknown,0
7539,41,self-employed,married,secondary,yes,0,yes,no,cellular,17,nov,447,1,-1,0,failure,0
7540,41,self-employed,married,secondary,yes,0,yes,no,cellular,17,nov,454,1,-1,11,unknown,0
7541,39,management,married,tertiary,no,285,yes,no,cellular,15,jul,691,3,-1,0,unknown,0
7542,39,management,married,tertiary,no,285,yes,no,telephone,15,jul,838,3,-1,10,unknown,0
7543,55,services,married,secondary,no,2944,no,no,unknown,27,aug,672,6,-1,0,unknown,0
7544,55,services,married,unknown,no,2944,no,no,cellular,27,aug,322,6,-1,0,unknown,0
7545,46,management,married,tertiary,no,3301,no,no,unknown,17,may,2621,3,-1,0,unknown,0
7546,60,management,married,tertiary,no,3301,no,no,unknown,17,jun,572,3,-1,2,unknown,0
7547,22,student,single,secondary,no,246,yes,no,cellular,12,may,993,1,-1,0,unknown,1
7548,22,student,single,secondary,no,246,yes,no,telephone,24,may,1160,1,-1,0,unknown,0
7549,53,retired,married,tertiary,no,2269,no,no,telephone,17,nov,1091,2,150,1,unknown,0
7550,53,retired,married,tertiary,no,2269,no,no,cellular,17,nov,845,2,150,1,unknown,0
7551,50,management,single,tertiary,no,3537,no,no,unknown,18,oct,305,11,-1,0,unknown,0
7552,69,management,single,tertiary,no,3537,no,no,unknown,24,dec,305,1,-1,0,unknown,0
7553,43,management,single,tertiary,no,1046,no,yes,unknown,9,jun,41,1,-1,0,unknown,0
7554,43,management,single,unknown,no,1046,yes,no,unknown,9,jun,901,1,-1,0,unknown,0
7555,58,self-employed,married,primary,no,1013,yes,no,cellular,11,aug,701,1,60,1,failure,0
7556,58,self-employed,divorced,primary,no,1013,yes,no,cellular,11,aug,206,1,334,1,failure,0
7557,43,management,divorced,tertiary,no,580,yes,no,cellular,11,may,284,1,284,2,failure,0
7558,43,management,divorced,tertiary,no,580,yes,no,cellular,11,may,436,1,284,2,failure,0
7559,41,admin.,married,secondary,no,3126,yes,no,cellular,29,jun,137,1,91,7,failure,0
7560,41,admin.,married,secondary,no,3126,yes,no,cellular,29,nov,263,1,91,7,failure,0
7561,42,unemployed,married,unknown,no,970,no,no,telephone,17,nov,725,3,119,10,success,1
7562,42,unemployed,married,unknown,no,970,yes,no,telephone,17,nov,725,1,541,10,success,1
7563,37,services,married,secondary,no,-107,yes,no,unknown,28,may,1571,2,-1,0,unknown,1
7564,37,admin.,divorced,secondary,no,-107,yes,no,unknown,28,may,953,2,-1,0,unknown,1
7565,50,technician,divorced,secondary,no,-54,yes,yes,cellular,13,may,301,2,292,1,failure,0
7566,50,technician,divorced,secondary,no,-54,no,yes,cellular,13,sep,698,2,292,1,failure,0
7567,28,student,single,secondary,no,1377,no,no,telephone,14,may,688,2,-1,0,unknown,0
7568,28,student,single,secondary,no,59528,yes,no,cellular,1,may,688,2,-1,0,unknown,0
7569,35,management,divorced,tertiary,no,1723,yes,no,unknown,25,jul,649,1,-1,0,unknown,0
7570,35,management,divorced,tertiary,no,1723,yes,no,cellular,25,jul,462,8,-1,0,unknown,0
7571,32,management,single,tertiary,no,4465,no,no,cellular,14,aug,245,2,-1,0,unknown,0
7572,32,unemployed,single,tertiary,no,20,no,no,cellular,14,aug,149,2,-1,0,unknown,0
7573,77,retired,married,primary,no,2590,no,no,telephone,13,apr,212,20,277,12,failure,0
7574,31,retired,married,primary,no,2590,no,no,telephone,13,nov,212,3,277,12,failure,0
7575,32,blue-collar,single,primary,no,611,yes,no,unknown,20,may,1344,3,-1,0,unknown,0
7576,32,blue-collar,single,primary,no,35486,yes,no,unknown,8,may,541,3,140,0,unknown,0
7577,32,student,single,tertiary,no,8405,no,no,cellular,4,feb,233,3,276,2,failure,0
7578,32,student,single,tertiary,no,0,no,yes,cellular,4,feb,296,3,276,2,failure,0
7579,66,technician,married,secondary,no,0,no,no,cellular,6,feb,127,1,-1,0,unknown,0
7580,66,technician,married,secondary,no,0,no,no,cellular,6,feb,751,15,782,0,unknown,0
7581,50,technician,divorced,secondary,yes,0,no,yes,cellular,29,sep,159,1,120,2,failure,0
7582,50,technician,divorced,secondary,no,4465,no,no,cellular,29,sep,159,1,107,2,failure,0
7583,31,admin.,single,tertiary,no,4041,no,no,cellular,28,apr,81,2,-1,0,unknown,0
7584,31,technician,single,tertiary,no,4041,no,no,cellular,30,apr,192,2,-1,0,unknown,0
7585,26,management,single,tertiary,no,3,yes,yes,cellular,1,jul,149,1,350,1,failure,0
7586,26,management,single,tertiary,no,27724,yes,yes,cellular,1,apr,149,1,350,1,other,0
7587,34,blue-collar,single,secondary,no,1759,no,yes,cellular,25,jul,445,4,-1,0,unknown,0
7588,34,blue-collar,single,secondary,no,1759,no,yes,cellular,25,aug,256,1,-1,0,unknown,0
7589,33,services,married,secondary,no,207,no,no,cellular,14,may,629,8,-1,0,unknown,0
7590,33,services,divorced,unknown,no,207,yes,no,cellular,14,may,629,4,-1,0,unknown,0
7591,49,management,married,tertiary,no,1093,yes,yes,cellular,15,sep,316,1,246,4,other,0
7592,49,management,married,tertiary,no,1093,yes,no,cellular,15,sep,316,1,246,4,other,0
7593,36,entrepreneur,married,tertiary,no,3057,no,no,telephone,16,jun,2769,22,-1,0,unknown,0
7594,36,management,married,tertiary,no,3057,no,no,unknown,16,jun,400,4,-1,0,unknown,0
7595,36,management,married,tertiary,no,-115,yes,no,cellular,16,apr,297,3,235,2,other,0
7596,36,management,married,tertiary,no,-115,yes,no,cellular,7,apr,297,4,277,2,other,0
7597,42,blue-collar,single,secondary,no,583,no,no,cellular,28,jan,1123,3,-1,3,unknown,1
7598,42,blue-collar,single,secondary,no,583,no,no,cellular,28,mar,567,3,782,0,unknown,1
7599,57,technician,married,secondary,no,629,yes,no,unknown,30,may,1571,2,-1,0,unknown,1
7600,57,technician,married,secondary,no,54336,yes,no,unknown,14,may,1543,2,-1,0,unknown,1
7601,49,technician,married,tertiary,no,3726,no,no,cellular,5,mar,13,2,-1,0,unknown,0
7602,49,technician,married,tertiary,no,3726,no,no,cellular,5,aug,84,2,-1,0,unknown,0
7603,67,housemaid,married,secondary,no,5275,no,no,cellular,13,aug,222,13,-1,0,unknown,0
7604,67,housemaid,married,secondary,no,5275,no,no,cellular,13,aug,222,1,-1,0,unknown,0
7605,48,management,married,tertiary,no,0,no,no,cellular,29,jan,1249,3,-1,0,failure,0
7606,48,self-employed,married,tertiary,no,0,no,no,telephone,29,oct,1249,3,-1,0,unknown,0
7607,38,management,married,tertiary,no,-405,yes,no,unknown,29,may,1363,2,-1,0,unknown,0
7608,38,management,divorced,secondary,no,4692,yes,no,unknown,29,may,96,2,-1,0,unknown,0
7609,29,admin.,single,secondary,no,306,yes,no,cellular,18,may,323,4,-1,0,unknown,0
7610,29,admin.,single,secondary,no,306,yes,no,cellular,18,may,389,4,-1,0,unknown,0
7611,47,admin.,divorced,secondary,no,225,no,no,cellular,28,aug,226,4,62,0,unknown,0
7612,47,admin.,divorced,secondary,no,79914,no,no,cellular,28,aug,638,4,-1,0,unknown,0
7613,30,technician,single,tertiary,no,178,no,no,cellular,17,jul,225,3,-1,0,unknown,0
7614,30,technician,single,tertiary,no,178,yes,no,cellular,26,jul,656,3,-1,0,unknown,0
7615,71,management,married,tertiary,no,2987,no,no,cellular,23,jun,156,1,85,3,failure,0
7616,43,management,married,tertiary,no,2987,yes,no,cellular,13,jun,156,1,85,3,failure,0
7617,59,retired,divorced,secondary,no,46800,no,no,cellular,3,feb,261,1,-1,0,unknown,0
7618,59,unemployed,divorced,secondary,no,514,no,no,cellular,3,feb,261,23,-1,0,unknown,0
7619,36,admin.,single,secondary,no,11174,yes,no,cellular,15,apr,94,1,-1,0,unknown,0
7620,36,admin.,single,secondary,no,11174,yes,no,cellular,15,apr,230,1,-1,0,unknown,0
7621,44,admin.,single,secondary,no,1534,yes,no,cellular,10,nov,95,1,262,3,success,0
7622,44,admin.,single,secondary,no,1534,no,no,cellular,10,nov,124,1,364,3,success,0
7623,32,unemployed,divorced,primary,no,0,no,no,cellular,15,jul,908,4,55,0,unknown,1
7624,32,unemployed,divorced,primary,no,0,no,no,cellular,15,jul,758,4,-1,0,unknown,1
7625,29,technician,single,secondary,no,1165,no,no,cellular,24,jun,245,1,-1,0,unknown,0
7626,29,technician,single,secondary,no,1165,no,no,cellular,24,jun,245,1,-1,9,unknown,0
7627,32,technician,married,tertiary,no,63566,yes,no,unknown,21,may,860,2,-1,0,unknown,0
7628,32,technician,single,tertiary,no,4665,yes,no,unknown,21,may,511,2,-1,0,unknown,0
7629,47,technician,married,secondary,no,568,yes,no,cellular,12,aug,319,1,-1,0,unknown,0
7630,47,technician,married,secondary,no,568,yes,no,cellular,12,aug,565,1,-1,0,unknown,0
7631,76,management,married,tertiary,no,260,no,no,cellular,7,aug,358,2,-1,13,unknown,1
7632,35,management,married,tertiary,no,260,no,no,cellular,7,aug,974,2,-1,0,unknown,1
7633,42,technician,single,secondary,yes,-1129,yes,no,unknown,2,jun,407,5,-1,0,success,0
7634,42,technician,single,secondary,yes,19878,yes,no,unknown,2,jun,555,5,-1,0,unknown,0
7635,30,management,single,tertiary,no,102,yes,no,cellular,18,nov,364,3,-1,14,unknown,0
7636,30,management,single,tertiary,no,48311,yes,no,telephone,18,dec,364,3,-1,0,unknown,0
7637,41,technician,married,tertiary,no,1646,yes,no,cellular,5,may,258,1,90,7,unknown,0
7638,41,technician,single,tertiary,no,1646,yes,no,cellular,6,may,258,1,90,7,unknown,0
7639,27,unemployed,single,secondary,no,771,no,no,cellular,21,jun,181,1,302,3,other,0
7640,27,services,single,secondary,no,771,no,no,cellular,21,jul,181,1,302,3,other,0
7641,35,technician,married,secondary,no,545,yes,no,cellular,16,apr,128,1,94,4,failure,0
7642,35,technician,married,secondary,no,545,yes,no,unknown,16,apr,1579,11,234,4,failure,0
7643,42,admin.,married,tertiary,no,254,no,no,cellular,9,dec,118,7,183,4,success,0
7644,42,management,married,tertiary,no,254,no,no,cellular,9,dec,288,7,183,11,other,0
7645,46,entrepreneur,divorced,secondary,no,-563,no,yes,telephone,15,jul,769,9,-1,0,unknown,0
7646,46,entrepreneur,divorced,secondary,no,-563,no,yes,cellular,15,nov,769,4,374,0,unknown,0
7647,46,admin.,married,secondary,no,368,no,no,unknown,20,nov,293,1,90,4,other,0
7648,46,admin.,married,secondary,no,60328,no,no,cellular,20,aug,293,1,90,4,failure,0
7649,26,student,single,secondary,no,3676,no,no,cellular,7,apr,148,1,-1,0,success,0
7650,26,retired,single,secondary,no,3676,no,no,cellular,7,mar,148,1,-1,0,unknown,0
7651,81,blue-collar,married,secondary,no,139,yes,yes,cellular,18,may,732,9,291,5,failure,0
7652,33,blue-collar,married,secondary,no,139,yes,yes,unknown,18,may,732,2,202,5,failure,0
7653,29,technician,single,secondary,no,45075,no,no,cellular,25,may,124,1,366,0,unknown,0
7654,29,admin.,single,secondary,no,590,no,no,cellular,25,may,124,1,-1,0,failure,0
7655,44,technician,single,unknown,no,2033,yes,no,cellular,3,sep,444,1,99,1,failure,0
7656,44,technician,single,tertiary,no,2033,no,no,cellular,3,jul,235,1,99,1,failure,0
7657,48,management,married,tertiary,no,4060,no,no,cellular,19,aug,1541,2,-1,0,unknown,1
7658,48,management,married,tertiary,no,4060,no,no,cellular,8,apr,331,2,-1,0,unknown,1
7659,43,technician,married,tertiary,no,4333,yes,no,telephone,8,nov,1490,3,-1,0,unknown,0
7660,43,technician,married,tertiary,no,4333,no,no,cellular,20,nov,1490,1,-1,0,unknown,0
7661,37,management,married,tertiary,no,0,no,no,cellular,16,jan,268,2,182,3,unknown,0
7662,37,management,married,unknown,no,0,no,no,cellular,16,jul,268,2,182,3,failure,0
7663,19,technician,single,unknown,no,779,no,no,cellular,1,apr,125,4,-1,0,unknown,0
7664,19,student,single,unknown,no,779,no,no,cellular,23,apr,184,4,-1,0,unknown,0
7665,44,technician,divorced,secondary,no,982,yes,no,unknown,11,may,650,3,-1,0,other,0
7666,44,technician,divorced,tertiary,no,982,yes,no,unknown,20,nov,650,3,-1,0,unknown,0
7667,30,management,single,secondary,no,9226,yes,no,cellular,17,mar,325,2,-1,0,unknown,0
7668,30,management,single,unknown,no,201,yes,no,cellular,17,oct,325,2,-1,0,unknown,0
7669,39,technician,single,secondary,no,3867,yes,no,cellular,26,aug,963,12,-1,0,unknown,1
7670,39,services,single,secondary,no,3867,no,no,cellular,26,aug,751,12,-1,0,unknown,1
7671,30,technician,married,secondary,no,2326,no,no,cellular,14,dec,420,23,175,2,failure,0
7672,30,technician,married,unknown,no,2326,no,no,cellular,14,dec,420,11,175,2,failure,0
7673,53,unemployed,married,secondary,no,4718,no,no,cellular,10,aug,493,1,181,14,failure,0
7674,53,blue-collar,married,secondary,no,94,no,no,cellular,10,aug,493,1,181,14,unknown,0
7675,60,retired,married,secondary,no,523,no,no,cellular,13,aug,192,20,378,0,unknown,0
7676,60,retired,married,secondary,no,523,no,no,cellular,13,aug,192,22,-1,0,other,0
7677,48,management,married,tertiary,no,1600,no,no,cellular,18,apr,448,1,-1,10,unknown,1
7678,48,management,married,tertiary,no,1600,no,no,cellular,18,apr,448,1,-1,0,unknown,1
7679,39,management,married,primary,no,1880,no,no,telephone,12,aug,768,2,-1,0,unknown,0
7680,39,management,married,secondary,no,1880,no,yes,cellular,24,aug,768,2,-1,0,unknown,0
7681,52,self-employed,married,secondary,no,992,yes,no,cellular,27,oct,424,1,238,1,failure,0
7682,52,services,married,secondary,no,73981,yes,no,cellular,27,oct,424,1,100,1,failure,0
7683,32,admin.,single,tertiary,no,291,no,no,telephone,23,jan,223,6,275,5,success,1
7684,32,admin.,single,tertiary,no,291,no,no,telephone,28,jan,223,7,275,5,success,1
7685,92,management,single,tertiary,no,0,no,no,cellular,22,aug,174,1,-1,0,success,1
7686,34,services,single,tertiary,no,0,no,no,cellular,22,aug,895,1,-1,0,unknown,1
7687,59,management,married,tertiary,no,474,no,no,cellular,21,aug,79,1,-1,0,unknown,0
7688,59,management,married,secondary,no,474,no,no,cellular,21,aug,252,1,-1,0,unknown,0
7689,58,management,divorced,tertiary,no,5701,no,no,cellular,2,feb,125,1,541,0,unknown,0
7690,58,management,divorced,tertiary,no,5701,no,no,telephone,2,feb,41,1,-1,0,unknown,0
7691,44,retired,married,secondary,no,2469,yes,no,telephone,15,jul,552,2,-1,0,other,0
7692,68,retired,married,secondary,no,76986,yes,no,unknown,15,jul,552,2,-1,0,unknown,0
7693,24,unknown,married,secondary,no,556,yes,no,cellular,8,feb,278,1,94,4,unknown,0
7694,24,entrepreneur,married,secondary,no,556,yes,no,cellular,8,feb,278,1,94,4,unknown,0
7695,46,management,single,primary,no,357,yes,yes,unknown,19,may,1410,2,-1,0,unknown,1
7696,46,management,married,primary,no,357,yes,yes,cellular,19,may,1175,2,-1,0,unknown,1
7697,52,services,married,secondary,no,1000,no,no,cellular,5,aug,274,2,-1,0,unknown,0
7698,28,services,married,secondary,no,1000,no,no,unknown,5,aug,766,2,-1,0,unknown,0
7699,51,retired,divorced,secondary,no,1679,no,no,telephone,12,aug,417,1,385,9,other,0
7700,51,unemployed,divorced,secondary,no,1679,yes,no,cellular,12,aug,417,1,365,9,other,0
7701,60,self-employed,married,tertiary,no,132,yes,no,cellular,27,apr,444,1,-1,0,unknown,0
7702,72,self-employed,married,tertiary,no,42396,no,no,cellular,27,apr,183,1,-1,0,unknown,0
7703,35,blue-collar,divorced,primary,no,1792,yes,no,cellular,31,jul,376,6,-1,0,unknown,0
7704,35,blue-collar,single,primary,no,1792,yes,no,cellular,31,jul,630,6,206,0,unknown,0
7705,37,retired,divorced,tertiary,no,1775,no,no,cellular,15,jul,514,5,-1,0,unknown,0
7706,37,management,divorced,tertiary,no,1775,no,no,cellular,15,jul,620,22,-1,0,unknown,0
7707,39,blue-collar,single,secondary,no,1672,yes,no,cellular,20,apr,462,1,101,1,failure,0
7708,39,blue-collar,single,secondary,no,1672,yes,no,cellular,10,apr,66,1,648,1,failure,0
7709,51,retired,married,primary,no,3324,no,no,cellular,11,feb,309,1,90,4,failure,0
7710,76,retired,married,primary,no,3324,no,no,cellular,11,feb,66,1,90,4,success,0
7711,54,retired,single,secondary,no,129,yes,yes,cellular,28,jul,140,2,-1,0,unknown,0
7712,54,retired,single,secondary,no,129,no,yes,cellular,28,jul,344,2,-1,0,unknown,0
7713,61,admin.,married,secondary,no,1633,no,no,cellular,11,jan,210,1,192,2,other,0
7714,55,admin.,married,secondary,no,1633,no,no,cellular,31,jan,210,1,192,2,other,0
7715,45,blue-collar,single,secondary,no,0,no,no,cellular,5,aug,83,2,472,1,success,0
7716,45,blue-collar,single,secondary,no,0,no,no,cellular,5,aug,374,2,472,12,failure,0
7717,36,services,married,primary,no,0,yes,no,unknown,2,dec,376,1,-1,0,unknown,0
7718,36,services,married,tertiary,no,79432,yes,no,unknown,2,jun,1036,1,-1,0,unknown,0
7719,46,technician,married,secondary,no,0,no,yes,cellular,25,may,641,4,-1,0,unknown,0
7720,60,technician,married,secondary,no,0,no,no,unknown,25,may,1045,4,-1,0,unknown,0
7721,35,management,married,tertiary,no,482,no,no,unknown,18,jun,949,2,-1,0,unknown,1
7722,35,management,married,secondary,no,482,no,no,unknown,6,apr,129,2,-1,0,unknown,1
7723,30,admin.,single,secondary,no,2568,no,no,cellular,4,sep,171,1,100,4,other,0
7724,30,admin.,single,secondary,no,2568,no,no,cellular,4,nov,563,22,100,4,other,0
7725,29,management,single,tertiary,no,572,no,no,cellular,16,apr,314,1,195,1,failure,0
7726,29,management,single,tertiary,no,572,no,yes,cellular,16,dec,314,1,195,1,failure,0
7727,38,admin.,single,unknown,no,262,no,no,cellular,3,feb,315,20,180,6,failure,0
7728,38,admin.,single,secondary,no,68264,no,no,telephone,3,feb,315,2,180,6,failure,0
7729,37,unknown,single,tertiary,no,0,no,no,cellular,3,aug,64,1,-1,0,unknown,0
7730,37,unknown,single,tertiary,no,0,no,no,cellular,3,mar,84,1,-1,13,unknown,0
7731,51,technician,married,secondary,no,196,yes,yes,cellular,17,feb,565,1,-1,0,unknown,0
7732,74,technician,married,secondary,no,196,yes,yes,cellular,17,feb,88,1,-1,0,unknown,0
7733,29,blue-collar,single,primary,no,16244,yes,no,cellular,15,jul,860,4,-1,0,unknown,0
7734,34,blue-collar,single,primary,no,-109,yes,no,cellular,15,jul,174,4,-1,0,unknown,0
7735,56,admin.,married,secondary,no,602,no,no,telephone,14,jun,458,1,130,8,other,0
7736,56,admin.,married,secondary,no,602,no,no,unknown,14,jun,458,1,130,8,unknown,0
7737,31,unknown,single,primary,no,216,yes,no,unknown,22,may,565,1,-1,0,unknown,0
7738,31,blue-collar,single,tertiary,no,216,yes,no,unknown,21,may,565,1,-1,0,failure,0
7739,58,blue-collar,married,primary,no,6762,no,no,cellular,28,aug,1080,25,-1,0,unknown,1
7740,58,blue-collar,married,primary,no,6762,no,no,cellular,28,aug,857,25,-1,0,other,1
7741,31,technician,single,tertiary,no,22,yes,no,unknown,9,aug,483,1,-1,0,unknown,0
7742,31,technician,divorced,tertiary,no,22,yes,no,unknown,9,may,483,5,-1,0,unknown,0
7743,33,unemployed,married,unknown,no,2780,no,no,cellular,19,nov,485,1,-1,0,unknown,0
7744,33,admin.,married,unknown,no,2780,no,no,cellular,19,nov,485,1,-1,11,unknown,0
7745,34,entrepreneur,married,primary,yes,7279,yes,no,cellular,12,may,17,1,-1,0,unknown,0
7746,34,entrepreneur,married,primary,no,7279,yes,no,cellular,12,may,431,1,-1,0,unknown,0
7747,33,blue-collar,married,tertiary,no,0,no,no,cellular,29,jul,382,6,-1,0,unknown,0
7748,40,blue-collar,married,secondary,no,0,no,yes,cellular,29,jul,454,6,-1,0,unknown,0
7749,33,blue-collar,single,tertiary,no,700,no,no,cellular,30,apr,55,5,80,2,success,0
7750,33,blue-collar,single,tertiary,no,700,yes,no,cellular,30,apr,169,6,80,2,success,0
7751,54,admin.,married,secondary,no,68707,yes,no,cellular,11,nov,167,1,-1,0,unknown,0
7752,54,admin.,married,secondary,no,42365,yes,no,cellular,11,nov,167,1,-1,0,unknown,0
7753,27,technician,single,secondary,no,2,yes,yes,cellular,6,may,431,1,356,1,failure,0
7754,32,technician,single,secondary,no,2,yes,yes,cellular,6,may,554,2,254,1,failure,0
7755,35,services,married,secondary,no,4170,yes,no,unknown,20,may,485,1,-1,0,unknown,0
7756,35,services,married,secondary,no,26166,yes,no,unknown,20,may,758,1,-1,0,unknown,0
7757,45,services,married,secondary,no,-406,yes,yes,cellular,10,jul,994,2,-1,0,unknown,1
7758,45,services,married,secondary,no,-406,yes,yes,cellular,21,jul,1835,2,-1,0,failure,1
7759,36,management,single,tertiary,no,579,yes,yes,unknown,12,apr,481,1,-1,0,unknown,0
7760,36,management,single,tertiary,no,579,no,no,unknown,12,apr,30,1,-1,0,unknown,0
7761,27,blue-collar,married,primary,no,-413,no,yes,unknown,27,feb,422,20,-1,0,unknown,0
7762,27,blue-collar,married,primary,no,-413,no,yes,unknown,27,jun,188,6,-1,0,unknown,0
7763,31,management,divorced,tertiary,no,414,no,yes,cellular,16,sep,241,1,-1,9,unknown,0
7764,83,management,divorced,tertiary,no,414,no,yes,cellular,16,jul,241,1,-1,0,unknown,0
7765,23,technician,single,secondary,no,589,yes,no,unknown,29,may,535,2,-1,0,unknown,0
7766,56,technician,divorced,secondary,no,55432,yes,no,unknown,29,may,535,2,-1,0,unknown,0
7767,52,blue-collar,married,secondary,no,-519,yes,no,unknown,9,jun,745,8,-1,0,unknown,0
7768,52,unemployed,married,secondary,no,-519,yes,no,unknown,9,jun,442,8,356,0,unknown,0
7769,58,management,married,secondary,no,3161,no,no,telephone,30,jul,542,2,-1,0,unknown,0
7770,77,management,divorced,secondary,no,3161,no,no,unknown,30,jul,542,2,-1,0,unknown,0
7771,55,admin.,married,secondary,no,602,no,no,cellular,7,sep,64,1,98,5,success,0
7772,55,admin.,married,secondary,no,602,no,no,telephone,7,sep,350,1,98,5,other,0
7773,40,technician,married,unknown,no,11766,no,no,cellular,13,apr,218,2,242,9,failure,0
7774,40,technician,married,tertiary,no,11766,yes,no,cellular,13,apr,218,2,242,5,unknown,0
7775,33,technician,divorced,secondary,no,9,no,no,cellular,21,aug,789,2,-1,12,unknown,1
7776,33,technician,divorced,secondary,no,9,no,no,cellular,10,aug,1353,2,-1,0,unknown,1
7777,28,blue-collar,single,secondary,no,-46,yes,no,cellular,2,feb,525,6,89,11,failure,0
7778,28,blue-collar,single,secondary,no,-46,yes,no,telephone,2,mar,525,7,89,11,failure,0
7779,56,student,single,secondary,no,329,no,no,cellular,30,apr,169,1,190,2,other,0
7780,19,student,single,secondary,no,329,no,no,cellular,30,apr,64,1,190,2,success,0
7781,40,blue-collar,single,secondary,no,1451,no,no,cellular,1,jun,314,5,-1,0,unknown,0
7782,40,blue-collar,married,secondary,no,1451,yes,no,cellular,1,jun,314,1,166,0,unknown,0
7783,48,blue-collar,married,secondary,no,863,yes,no,telephone,4,may,412,5,96,2,failure,0
7784,48,blue-collar,married,secondary,no,863,yes,no,cellular,4,may,99,5,350,2,success,0
7785,24,admin.,single,primary,no,674,yes,no,cellular,6,jul,267,1,175,0,unknown,0
7786,24,admin.,single,tertiary,no,674,yes,no,cellular,9,jul,267,1,-1,0,unknown,0
7787,68,retired,married,tertiary,no,2820,no,no,cellular,3,apr,154,1,97,6,failure,0
7788,50,retired,married,tertiary,no,2820,no,no,cellular,4,dec,154,1,97,2,failure,0
7789,29,management,single,tertiary,no,1026,no,no,cellular,12,feb,113,2,515,2,success,0
7790,29,management,single,tertiary,no,1026,no,no,cellular,12,aug,138,2,92,2,unknown,0
7791,29,blue-collar,single,secondary,no,77829,no,yes,unknown,10,jul,1097,3,-1,0,unknown,0
7792,29,blue-collar,single,secondary,no,482,no,yes,cellular,10,jan,489,3,-1,0,unknown,0
7793,25,admin.,single,tertiary,no,364,no,yes,cellular,31,aug,185,1,123,1,unknown,0
7794,36,admin.,married,tertiary,no,364,no,yes,cellular,31,aug,213,1,123,1,failure,0
7795,28,blue-collar,single,secondary,no,-46,yes,no,cellular,1,sep,199,22,92,14,other,0
7796,28,blue-collar,single,secondary,no,-46,yes,no,unknown,1,sep,105,1,92,14,success,0
7797,31,management,single,tertiary,no,47,no,no,cellular,22,aug,1166,4,-1,0,unknown,1
7798,31,management,single,tertiary,no,47,no,no,cellular,22,apr,361,4,-1,0,unknown,1
7799,25,unknown,single,unknown,no,329,yes,no,unknown,14,may,992,2,-1,0,other,0
7800,25,unknown,single,unknown,no,329,yes,no,unknown,14,may,1151,2,84,0,unknown,0
7801,44,admin.,divorced,secondary,no,2999,yes,no,cellular,14,apr,717,1,126,0,unknown,0
7802,44,admin.,divorced,secondary,no,2999,yes,no,cellular,14,may,151,1,-1,0,unknown,0
7803,53,blue-collar,married,tertiary,no,3754,no,no,cellular,22,apr,307,1,89,2,failure,0
7804,20,management,married,tertiary,no,3754,yes,no,cellular,22,apr,307,1,278,2,failure,0
7805,55,retired,divorced,primary,no,2027,yes,no,cellular,15,mar,161,2,-1,0,unknown,0
7806,67,retired,divorced,primary,no,28569,no,no,cellular,15,dec,161,2,-1,0,unknown,0
7807,44,technician,single,secondary,no,244,no,no,unknown,12,aug,1735,4,-1,0,unknown,0
7808,44,unemployed,single,secondary,no,16763,yes,no,cellular,12,aug,1735,4,-1,0,unknown,0
7809,32,blue-collar,divorced,secondary,no,759,yes,no,telephone,9,apr,317,5,-1,0,unknown,0
7810,32,technician,married,secondary,no,759,yes,no,cellular,9,apr,317,5,-1,11,unknown,0
7811,19,student,single,unknown,no,108,no,no,cellular,10,aug,168,1,182,1,unknown,0
7812,19,management,single,unknown,no,108,no,no,cellular,10,aug,168,1,182,2,other,0
7813,45,unknown,divorced,unknown,no,37454,no,no,cellular,21,apr,278,3,-1,0,unknown,0
7814,45,unknown,divorced,unknown,no,0,no,yes,cellular,21,apr,533,3,-1,0,unknown,0
7815,71,entrepreneur,married,secondary,no,2850,no,yes,cellular,17,feb,185,1,-1,0,unknown,0
7816,71,retired,married,tertiary,no,2850,no,no,cellular,17,feb,101,1,-1,0,unknown,0
7817,31,blue-collar,single,unknown,no,6281,no,no,cellular,22,jan,257,1,128,12,other,0
7818,31,blue-collar,single,unknown,no,51487,no,no,cellular,22,jan,257,1,128,3,other,0
7819,39,technician,single,secondary,no,1022,yes,no,unknown,20,may,237,9,-1,0,unknown,0
7820,39,technician,single,secondary,no,1022,yes,no,unknown,14,may,1051,2,-1,0,unknown,0
7821,19,admin.,married,secondary,no,106,no,no,cellular,22,may,186,1,-1,11,unknown,0
7822,59,admin.,single,primary,no,106,no,no,cellular,22,may,186,1,-1,0,unknown,0
7823,38,admin.,single,secondary,no,5085,yes,no,unknown,7,mar,786,1,-1,0,unknown,0
7824,38,admin.,single,secondary,no,34606,yes,no,unknown,7,may,378,1,-1,0,unknown,0
7825,38,admin.,married,tertiary,no,49773,no,no,telephone,7,aug,206,2,-1,0,unknown,0
7826,38,admin.,married,tertiary,no,4297,no,no,cellular,7,aug,72,2,-1,0,unknown,0
7827,31,technician,single,secondary,no,53,yes,yes,cellular,6,may,140,1,-1,0,unknown,0
7828,62,technician,single,secondary,no,53,yes,yes,telephone,6,may,530,1,-1,0,unknown,0
7829,42,technician,single,unknown,no,11115,no,no,cellular,30,aug,328,12,-1,0,unknown,0
7830,42,services,single,unknown,no,11115,no,no,cellular,30,apr,328,1,231,0,unknown,0
7831,35,services,single,tertiary,no,0,no,yes,cellular,29,jul,704,1,-1,0,unknown,0
7832,35,services,single,tertiary,no,0,no,no,cellular,23,jul,704,5,-1,0,unknown,0
7833,46,admin.,married,secondary,no,974,no,no,cellular,5,jun,174,2,140,1,unknown,0
7834,74,admin.,married,secondary,no,974,no,no,cellular,5,jun,174,2,80,1,failure,0
7835,44,admin.,single,secondary,no,733,yes,no,cellular,17,dec,360,2,105,5,unknown,0
7836,44,admin.,single,secondary,no,733,yes,no,cellular,4,dec,360,2,105,5,other,0
7837,73,admin.,single,secondary,no,0,yes,yes,cellular,18,may,390,5,-1,0,unknown,0
7838,52,admin.,single,secondary,no,0,yes,yes,cellular,18,may,390,5,-1,0,unknown,0
7839,57,blue-collar,married,secondary,no,66599,no,no,unknown,21,aug,819,10,-1,0,unknown,0
7840,57,blue-collar,married,secondary,no,2887,no,no,cellular,21,sep,314,10,-1,0,unknown,0
7841,28,student,single,tertiary,no,41213,no,no,cellular,10,sep,175,5,200,3,failure,0
7842,28,student,single,tertiary,no,5741,no,no,cellular,14,sep,148,5,200,3,failure,0
7843,30,student,single,tertiary,no,2766,no,no,cellular,21,nov,250,1,-1,0,unknown,0
7844,30,technician,single,tertiary,no,2766,no,no,cellular,21,nov,834,1,264,0,unknown,0
7845,42,admin.,divorced,secondary,no,2129,no,no,telephone,13,aug,633,12,182,2,other,0
7846,71,admin.,divorced,secondary,no,2129,no,no,cellular,13,aug,163,1,182,2,other,0
7847,29,technician,single,secondary,no,590,no,no,cellular,11,aug,81,1,80,1,success,0
7848,29,technician,single,secondary,no,590,no,no,cellular,27,aug,81,1,186,1,success,0
7849,62,blue-collar,married,secondary,no,1697,yes,no,unknown,4,jul,150,2,-1,0,unknown,0
7850,44,management,married,secondary,no,1697,yes,no,unknown,4,jul,150,2,198,0,unknown,0
7851,30,technician,single,secondary,no,655,yes,no,cellular,26,apr,212,1,202,2,success,0
7852,30,technician,single,tertiary,no,-171,no,no,cellular,26,apr,212,1,202,2,failure,0
7853,22,retired,married,secondary,no,569,no,no,unknown,4,feb,94,5,184,1,success,0
7854,62,retired,married,secondary,no,569,no,no,cellular,4,jul,94,5,184,1,other,0
7855,32,services,married,secondary,no,1129,yes,no,cellular,15,apr,233,2,341,10,failure,0
7856,32,services,married,secondary,no,1129,yes,no,cellular,15,jun,91,2,341,2,failure,0
7857,28,management,single,tertiary,no,957,no,no,cellular,25,may,915,20,341,0,unknown,0
7858,28,management,single,tertiary,no,957,no,no,unknown,25,may,915,12,-1,0,unknown,0
7859,61,management,married,unknown,no,264,no,no,telephone,29,jul,94,1,178,1,unknown,0
7860,57,management,married,unknown,no,264,no,no,telephone,29,jul,270,1,178,1,unknown,0
7861,29,student,single,tertiary,no,5,no,no,cellular,15,jul,343,5,-1,0,unknown,0
7862,29,student,single,tertiary,no,60575,no,no,cellular,4,jul,889,5,-1,0,unknown,0
7863,43,management,single,tertiary,no,1696,yes,no,cellular,26,aug,103,12,474,3,failure,0
7864,43,management,single,tertiary,no,1696,yes,no,cellular,26,aug,257,1,1,2,failure,0
7865,53,retired,married,secondary,no,38,yes,no,cellular,17,mar,1134,1,-1,0,unknown,1
7866,53,retired,married,secondary,no,39599,yes,no,cellular,17,nov,1164,1,-1,0,unknown,1
7867,57,unemployed,married,secondary,no,3754,no,no,cellular,5,feb,325,2,-1,0,unknown,0
7868,57,unemployed,married,tertiary,no,3754,no,no,cellular,5,feb,260,2,-1,0,unknown,0
7869,21,blue-collar,single,secondary,no,66054,no,no,cellular,6,feb,266,1,-1,0,unknown,0
7870,21,blue-collar,single,secondary,no,8079,no,no,unknown,6,mar,266,1,-1,0,unknown,0
7871,54,technician,divorced,secondary,no,2156,yes,no,cellular,30,apr,56,1,86,5,success,0
7872,54,technician,divorced,secondary,no,5353,yes,no,cellular,30,apr,258,1,86,5,unknown,0
7873,28,management,single,secondary,no,2725,no,no,cellular,16,jun,159,1,504,1,failure,0
7874,28,management,single,tertiary,no,2725,no,yes,cellular,16,jun,292,1,648,1,failure,0
7875,26,management,single,tertiary,no,222,no,no,cellular,26,apr,192,10,130,1,failure,0
7876,58,management,single,tertiary,no,73640,no,no,cellular,26,apr,192,1,334,1,failure,0
7877,33,technician,married,secondary,no,806,no,no,cellular,17,jun,108,1,-1,22,unknown,0
7878,33,technician,married,secondary,no,19325,no,no,cellular,17,nov,108,1,-1,0,unknown,0
7879,34,management,single,tertiary,no,681,no,yes,unknown,6,aug,637,2,-1,0,unknown,0
7880,34,management,single,tertiary,no,681,no,no,cellular,6,aug,183,2,-1,0,success,0
7881,41,self-employed,married,tertiary,no,0,yes,no,telephone,29,apr,395,3,28,1,other,0
7882,41,self-employed,married,tertiary,no,0,yes,no,telephone,2,apr,395,3,202,1,other,0
7883,54,self-employed,married,tertiary,no,384,no,yes,cellular,27,may,200,1,230,0,unknown,0
7884,54,self-employed,single,tertiary,no,65412,no,yes,cellular,27,may,200,1,-1,0,unknown,0
7885,20,blue-collar,single,secondary,no,76,no,no,telephone,18,may,639,2,-1,0,unknown,0
7886,20,blue-collar,single,secondary,no,76,yes,no,unknown,18,may,563,2,-1,0,unknown,0
7887,46,services,divorced,secondary,no,4329,no,no,telephone,21,nov,534,2,-1,0,unknown,0
7888,46,services,divorced,secondary,no,4329,yes,no,cellular,1,nov,534,2,-1,0,unknown,0
7889,83,blue-collar,single,tertiary,no,4099,no,no,cellular,23,apr,116,4,-1,0,unknown,0
7890,28,blue-collar,single,primary,no,4099,no,no,cellular,23,apr,116,4,367,0,unknown,0
7891,60,retired,divorced,secondary,no,80147,yes,no,unknown,15,may,655,2,-1,0,unknown,0
7892,22,retired,divorced,secondary,no,496,yes,no,unknown,15,may,655,2,-1,0,unknown,0
7893,24,admin.,married,secondary,no,166,no,no,telephone,10,sep,256,2,-1,0,unknown,0
7894,24,unknown,single,tertiary,no,166,no,no,cellular,10,sep,256,2,-1,0,unknown,0
7895,40,blue-collar,married,secondary,no,-839,yes,yes,cellular,16,jul,185,2,-1,0,unknown,0
7896,40,blue-collar,married,secondary,no,-839,yes,yes,unknown,16,jul,1018,2,349,0,unknown,0
7897,31,housemaid,single,tertiary,no,761,no,no,telephone,18,nov,477,2,-1,0,unknown,0
7898,31,blue-collar,divorced,tertiary,no,761,no,no,telephone,18,nov,514,2,-1,14,unknown,0
7899,50,admin.,divorced,secondary,no,363,yes,no,unknown,16,may,541,1,-1,0,success,0
7900,50,admin.,divorced,secondary,no,363,yes,no,unknown,16,may,237,1,-1,0,unknown,0
7901,38,technician,married,secondary,no,0,no,no,cellular,8,jul,225,1,-1,0,unknown,0
7902,38,management,married,secondary,no,0,no,no,cellular,8,jul,635,1,-1,0,unknown,0
7903,47,blue-collar,married,secondary,no,1230,no,no,telephone,12,aug,378,1,-1,0,unknown,0
7904,47,blue-collar,married,secondary,no,1230,yes,no,telephone,12,aug,378,1,-1,0,other,0
7905,54,self-employed,married,secondary,no,534,yes,no,cellular,2,feb,796,1,173,4,failure,0
7906,54,self-employed,single,secondary,no,534,yes,no,cellular,2,feb,920,1,188,4,failure,0
7907,30,blue-collar,married,secondary,no,486,yes,no,unknown,29,may,671,10,-1,0,unknown,0
7908,30,blue-collar,married,secondary,no,486,yes,no,unknown,29,may,55,3,-1,0,unknown,0
7909,26,blue-collar,single,secondary,no,2007,no,no,cellular,24,jul,56,3,182,2,success,0
7910,26,blue-collar,single,secondary,no,2007,no,no,cellular,13,jul,81,3,182,2,success,0
7911,46,blue-collar,married,unknown,no,336,yes,no,cellular,14,aug,260,3,73,1,other,0
7912,46,blue-collar,married,unknown,no,336,yes,no,cellular,14,aug,72,3,457,1,other,0
7913,33,technician,single,secondary,no,2881,no,no,cellular,26,may,163,1,328,1,success,0
7914,33,services,single,secondary,no,2881,no,no,cellular,26,may,46,1,328,1,success,0
7915,34,technician,married,secondary,no,0,yes,no,cellular,3,aug,261,1,174,2,failure,0
7916,34,technician,married,secondary,no,0,yes,no,cellular,3,aug,261,1,87,2,failure,0
7917,27,management,married,tertiary,no,271,yes,no,cellular,12,aug,185,1,-1,0,unknown,0
7918,39,management,married,tertiary,no,271,yes,yes,cellular,12,aug,382,1,-1,0,unknown,0
7919,52,management,married,tertiary,no,64206,no,no,cellular,22,jul,1123,4,-1,0,unknown,0
7920,52,management,married,tertiary,no,10772,no,no,cellular,22,aug,1123,4,-1,0,failure,0
7921,30,management,single,tertiary,no,697,no,no,cellular,18,aug,179,3,102,2,failure,0
7922,30,management,single,tertiary,no,697,no,no,cellular,10,aug,405,3,102,2,unknown,0
7923,55,self-employed,married,secondary,no,2678,no,yes,cellular,18,aug,1057,12,-1,0,unknown,1
7924,79,self-employed,married,secondary,no,2678,no,yes,cellular,18,aug,1250,12,-1,0,unknown,1
7925,55,retired,married,secondary,no,0,yes,no,cellular,4,oct,1110,1,-1,0,unknown,0
7926,55,retired,married,secondary,no,0,no,no,cellular,17,aug,1110,1,-1,0,unknown,0
7927,73,admin.,divorced,unknown,no,4246,yes,no,unknown,6,apr,304,2,-1,0,unknown,1
7928,56,admin.,divorced,unknown,no,4246,yes,no,unknown,6,may,1970,2,196,0,unknown,1
7929,34,management,married,tertiary,no,0,yes,no,cellular,7,aug,262,1,365,2,unknown,0
7930,34,self-employed,married,tertiary,no,0,yes,no,cellular,7,aug,262,1,99,2,other,0
7931,27,blue-collar,single,secondary,yes,535,no,no,cellular,16,nov,183,1,94,1,other,0
7932,27,blue-collar,single,secondary,no,28144,yes,no,cellular,16,nov,183,1,94,1,success,0
7933,30,blue-collar,single,secondary,no,51231,yes,no,cellular,20,apr,705,1,-1,0,unknown,0
7934,30,blue-collar,single,secondary,no,7773,yes,no,cellular,20,nov,303,1,292,0,unknown,0
7935,31,blue-collar,single,secondary,no,54,yes,no,telephone,6,jun,401,1,-1,0,unknown,0
7936,31,blue-collar,single,secondary,no,54,yes,no,cellular,29,aug,401,25,-1,0,unknown,0
7937,40,management,married,tertiary,no,12396,no,no,cellular,10,nov,147,11,96,8,success,0
7938,40,management,married,tertiary,no,67386,yes,no,cellular,10,nov,147,1,96,8,success,0
7939,28,technician,single,unknown,no,0,yes,no,cellular,14,oct,96,1,267,1,failure,0
7940,81,technician,single,unknown,no,72931,yes,no,cellular,27,oct,96,1,267,1,failure,0
7941,27,blue-collar,single,secondary,no,3792,no,no,unknown,22,apr,279,2,-1,11,unknown,0
7942,27,blue-collar,single,secondary,no,3792,no,no,cellular,28,apr,279,11,-1,0,unknown,0
7943,29,admin.,single,secondary,no,464,yes,no,cellular,10,aug,317,7,518,1,failure,0
7944,29,admin.,single,secondary,no,464,no,no,cellular,10,dec,317,2,336,1,failure,0
7945,29,technician,married,secondary,no,23,yes,no,cellular,19,jun,163,1,55,2,failure,0
7946,29,technician,married,secondary,no,23,yes,no,cellular,2,may,134,1,55,2,failure,0
7947,28,student,single,secondary,no,69813,no,no,cellular,18,mar,209,20,-1,0,unknown,0
7948,28,student,single,secondary,no,0,no,no,unknown,18,feb,209,20,231,0,unknown,0
7949,30,technician,single,secondary,no,61025,no,no,cellular,4,jun,204,9,183,3,success,0
7950,30,technician,single,secondary,no,1165,no,no,cellular,4,jun,204,10,183,3,failure,0
7951,27,blue-collar,divorced,secondary,no,513,yes,yes,cellular,18,may,128,1,-1,0,unknown,0
7952,27,blue-collar,single,primary,no,513,yes,yes,cellular,18,jun,351,1,-1,0,unknown,0
7953,37,admin.,divorced,secondary,no,506,yes,no,cellular,2,feb,1541,2,273,1,failure,0
7954,37,admin.,divorced,secondary,no,506,yes,no,cellular,2,feb,446,2,172,1,success,1
7955,54,technician,married,secondary,no,27281,no,yes,cellular,4,jul,719,3,-1,0,unknown,0
7956,54,technician,married,secondary,yes,187,no,yes,cellular,4,jul,978,3,-1,0,unknown,1
7957,40,blue-collar,married,primary,no,1841,yes,no,cellular,15,may,124,4,-1,9,unknown,0
7958,40,blue-collar,married,primary,no,1841,yes,no,unknown,15,may,880,4,-1,0,unknown,0
7959,57,management,married,tertiary,no,256,no,no,telephone,5,jun,304,2,91,1,unknown,0
7960,57,self-employed,married,tertiary,no,256,no,no,cellular,5,jun,304,2,91,1,unknown,0
7961,40,unemployed,married,secondary,no,1960,yes,no,unknown,2,jun,792,12,-1,0,unknown,0
7962,40,unemployed,married,secondary,no,1960,yes,no,unknown,2,jun,164,6,421,0,unknown,0
7963,25,technician,single,secondary,no,139,no,yes,cellular,11,jan,46,1,91,1,success,0
7964,25,technician,single,secondary,no,139,no,yes,cellular,26,jan,202,1,91,1,unknown,0
7965,22,student,single,unknown,no,254,no,yes,cellular,13,jan,143,2,-1,0,unknown,0
7966,22,student,single,secondary,no,254,no,no,cellular,14,mar,143,2,-1,0,unknown,0
7967,63,management,married,tertiary,no,867,yes,no,unknown,2,jun,230,3,-1,0,unknown,0
7968,35,management,married,tertiary,no,34554,yes,no,unknown,2,jun,230,3,-1,0,unknown,0
7969,35,unemployed,married,secondary,no,978,no,no,cellular,29,jun,64,2,182,6,success,0
7970,35,unemployed,married,secondary,no,978,no,no,cellular,29,jun,42,2,182,6,success,0
7971,35,retired,married,primary,no,4979,no,no,telephone,6,apr,180,1,-1,0,unknown,0
7972,50,blue-collar,married,primary,no,4979,no,no,telephone,6,feb,180,23,-1,0,unknown,0
7973,29,admin.,divorced,secondary,no,-254,yes,no,cellular,14,may,406,20,-1,14,unknown,0
7974,31,admin.,divorced,secondary,no,-254,yes,no,unknown,14,may,406,2,-1,0,unknown,0
7975,54,technician,married,secondary,no,2102,no,no,cellular,5,apr,547,7,626,2,failure,0
7976,54,technician,married,secondary,no,2102,yes,no,cellular,5,apr,547,1,238,2,failure,0
7977,44,management,married,tertiary,no,4119,yes,yes,unknown,21,nov,1074,1,-1,8,unknown,0
7978,44,management,married,tertiary,no,4119,no,yes,telephone,21,nov,1074,1,-1,0,other,0
7979,29,housemaid,single,tertiary,no,19,no,no,cellular,15,dec,274,1,230,1,other,0
7980,29,housemaid,single,tertiary,no,19,yes,no,cellular,3,dec,274,1,230,1,other,0
7981,61,retired,married,secondary,no,86,no,no,cellular,23,oct,588,1,-1,0,unknown,0
7982,61,retired,married,secondary,no,86,no,no,cellular,23,oct,1541,1,-1,0,other,0
7983,60,management,single,tertiary,no,1034,yes,no,cellular,7,jul,231,3,-1,0,unknown,0
7984,60,management,single,tertiary,no,1034,yes,no,cellular,7,oct,231,7,-1,0,unknown,0
7985,31,admin.,single,secondary,no,190,no,no,cellular,30,feb,514,6,-1,0,unknown,0
7986,31,admin.,single,secondary,no,190,no,no,cellular,30,nov,514,1,-1,0,failure,0
7987,44,technician,married,unknown,no,78760,no,no,cellular,5,jun,462,1,-1,0,unknown,0
7988,44,technician,married,tertiary,no,1933,yes,no,cellular,13,jun,462,1,-1,0,unknown,0
7989,25,technician,single,secondary,no,505,no,no,cellular,17,nov,386,7,-1,0,unknown,0
7990,60,technician,single,secondary,no,505,no,yes,cellular,17,nov,386,2,-1,0,unknown,0
7991,34,admin.,married,secondary,no,1207,yes,no,telephone,6,apr,151,2,138,2,success,0
7992,37,admin.,married,secondary,no,1207,yes,no,telephone,6,apr,709,2,138,2,failure,0
7993,33,management,married,tertiary,no,191,no,yes,cellular,13,aug,679,2,-1,0,unknown,0
7994,33,management,married,tertiary,no,34713,no,no,cellular,13,nov,1148,2,-1,0,unknown,0
7995,55,services,married,secondary,no,1076,no,no,cellular,12,may,74,1,182,6,success,0
7996,34,services,married,secondary,no,1076,no,no,cellular,12,may,152,15,182,6,other,0
7997,48,management,married,secondary,no,0,yes,yes,unknown,3,nov,193,1,351,2,failure,0
7998,53,management,married,secondary,no,0,no,yes,cellular,3,nov,1233,1,351,2,failure,0
7999,53,management,married,tertiary,no,1624,no,no,unknown,5,feb,158,3,35,0,unknown,0
8000,53,management,married,tertiary,no,1624,no,no,cellular,16,feb,158,8,-1,0,unknown,0
8001,28,retired,single,secondary,no,4745,no,no,telephone,12,may,360,1,181,5,other,0
8002,28,admin.,single,secondary,no,4745,no,no,telephone,12,may,360,1,101,5,other,0
8003,33,management,single,tertiary,no,935,no,no,cellular,9,jan,385,2,92,8,failure,0
8004,33,management,single,tertiary,no,935,no,no,cellular,16,feb,385,2,92,8,failure,0
8005,73,retired,married,primary,no,542,no,no,cellular,9,oct,355,1,180,17,failure,0
8006,73,retired,married,primary,no,542,no,no,cellular,26,jun,355,12,180,5,failure,0
8007,32,services,divorced,secondary,no,454,yes,no,cellular,18,apr,348,1,-1,0,unknown,0
8008,32,services,divorced,secondary,no,454,yes,no,cellular,18,oct,514,1,-1,0,unknown,0
8009,57,housemaid,married,tertiary,no,2326,no,no,cellular,17,apr,1015,22,-1,0,unknown,0
8010,42,housemaid,married,tertiary,no,2326,yes,no,cellular,17,apr,378,1,-1,0,unknown,0
8011,50,technician,married,secondary,no,3176,no,no,unknown,7,aug,670,1,-1,8,unknown,0
8012,50,technician,married,primary,no,3176,no,no,cellular,7,aug,670,25,-1,0,unknown,0
8013,79,management,single,tertiary,no,3384,no,no,cellular,31,jun,578,2,-1,0,unknown,0
8014,30,management,single,tertiary,no,3384,no,no,telephone,4,dec,578,2,-1,0,unknown,0
8015,26,technician,single,secondary,no,507,no,no,cellular,30,feb,380,22,-1,0,unknown,0
8016,26,technician,single,secondary,no,507,no,no,cellular,3,jan,380,1,-1,0,unknown,0
8017,35,blue-collar,married,secondary,no,-701,yes,yes,cellular,7,may,658,3,-1,0,unknown,1
8018,35,blue-collar,married,secondary,no,59875,yes,yes,cellular,7,may,1310,3,-1,0,unknown,1
8019,28,management,married,tertiary,no,87,no,no,cellular,30,apr,309,1,-1,0,unknown,0
8020,28,management,single,tertiary,no,1808,no,no,cellular,30,apr,309,9,-1,0,unknown,0
8021,31,blue-collar,married,secondary,no,625,yes,no,cellular,2,jul,135,2,225,3,failure,0
8022,31,blue-collar,married,secondary,no,7529,no,no,cellular,2,jul,135,2,49,3,failure,0
8023,49,services,married,primary,no,1830,yes,no,cellular,4,aug,261,1,179,1,other,0
8024,49,services,married,primary,no,1830,yes,yes,cellular,13,aug,161,1,179,1,success,0
8025,39,services,single,primary,no,148,yes,no,unknown,7,may,1272,2,-1,0,unknown,1
8026,50,services,single,primary,no,148,yes,no,unknown,7,may,993,2,-1,0,unknown,1
8027,48,blue-collar,married,tertiary,no,87,yes,no,cellular,13,may,477,3,-1,0,unknown,0
8028,40,student,married,unknown,no,87,yes,yes,cellular,13,may,477,3,-1,0,unknown,0
8029,50,technician,married,secondary,no,3654,yes,no,cellular,29,oct,215,2,78,2,unknown,0
8030,50,technician,divorced,secondary,no,3654,no,yes,cellular,29,oct,215,2,78,2,other,0
8031,33,blue-collar,single,tertiary,no,80139,no,no,cellular,9,feb,126,1,476,1,success,0
8032,33,blue-collar,single,unknown,no,700,no,no,cellular,9,feb,126,1,587,1,success,0
8033,34,technician,single,tertiary,no,992,no,no,telephone,5,feb,71,2,-1,0,unknown,0
8034,34,technician,single,tertiary,no,61647,yes,no,cellular,5,feb,71,2,-1,0,unknown,0
8035,40,management,married,secondary,no,643,yes,no,cellular,17,apr,650,2,587,1,failure,1
8036,40,management,married,secondary,no,643,yes,no,cellular,17,feb,1045,2,256,1,failure,1
8037,64,retired,single,secondary,no,5966,yes,no,cellular,22,jun,39,1,-1,0,unknown,0
8038,64,retired,married,secondary,no,5966,yes,no,unknown,9,jun,983,1,-1,0,unknown,0
8039,21,technician,married,secondary,no,589,yes,no,cellular,11,aug,167,1,190,5,other,0
8040,27,technician,married,secondary,no,589,yes,no,cellular,31,aug,167,1,190,5,failure,0
8041,40,services,single,secondary,no,224,yes,no,cellular,17,nov,875,2,-1,0,unknown,0
8042,40,services,single,secondary,no,224,yes,no,cellular,17,jun,588,2,-1,0,unknown,0
8043,60,retired,married,primary,no,206,no,no,cellular,9,feb,479,20,-1,0,unknown,0
8044,66,retired,married,primary,no,206,no,no,cellular,9,feb,178,1,-1,17,unknown,0
8045,55,retired,divorced,secondary,no,204,yes,no,telephone,11,jul,1973,2,-1,0,unknown,0
8046,55,management,divorced,secondary,no,204,yes,no,cellular,11,jul,71,2,-1,0,unknown,0
8047,49,entrepreneur,married,primary,no,6188,yes,no,cellular,27,nov,453,1,-1,0,unknown,0
8048,71,entrepreneur,married,primary,no,6188,no,no,cellular,18,nov,453,1,-1,2,unknown,0
8049,48,management,married,tertiary,no,190,no,no,cellular,25,aug,939,22,97,0,unknown,0
8050,48,management,married,tertiary,no,190,no,no,cellular,25,aug,755,22,-1,0,success,1
8051,42,management,married,tertiary,no,64324,yes,no,cellular,17,jul,795,1,-1,0,unknown,0
8052,42,management,married,tertiary,no,4,yes,yes,cellular,17,jul,795,1,277,0,unknown,0
8053,33,management,divorced,tertiary,no,2885,no,no,cellular,5,aug,158,2,-1,0,unknown,0
8054,33,management,divorced,tertiary,no,2885,no,no,cellular,5,aug,586,2,-1,0,unknown,0
8055,29,admin.,single,secondary,no,1027,yes,no,cellular,2,feb,177,3,348,0,unknown,0
8056,59,admin.,single,secondary,no,1027,yes,no,cellular,2,feb,177,1,-1,0,unknown,0
8057,28,blue-collar,married,secondary,no,173,yes,no,cellular,18,jan,588,7,-1,0,unknown,0
8058,28,blue-collar,married,secondary,no,10360,no,no,cellular,18,jul,521,7,-1,0,unknown,0
8059,59,retired,divorced,secondary,no,514,no,no,cellular,4,may,93,6,90,1,unknown,0
8060,59,retired,divorced,unknown,no,514,no,no,cellular,4,may,41,6,90,1,success,0
8061,35,admin.,single,secondary,no,157,no,no,cellular,27,may,155,7,-1,0,unknown,0
8062,26,retired,single,secondary,no,157,no,no,cellular,27,may,155,3,-1,0,unknown,0
8063,45,management,married,tertiary,no,242,no,no,cellular,30,sep,587,1,-1,0,unknown,0
8064,45,management,married,primary,no,242,yes,no,cellular,30,apr,587,1,-1,0,unknown,0
8065,48,entrepreneur,married,tertiary,no,5473,no,no,cellular,24,feb,127,2,184,2,unknown,0
8066,48,housemaid,married,tertiary,no,5473,no,no,unknown,24,feb,127,2,412,2,success,0
8067,32,admin.,married,secondary,no,9022,no,no,cellular,14,jan,366,2,-1,0,unknown,0
8068,32,management,married,secondary,no,58803,no,no,cellular,14,jan,366,2,-1,0,unknown,0
8069,24,housemaid,single,unknown,no,281,yes,no,unknown,16,may,515,1,-1,0,unknown,0
8070,36,services,married,unknown,no,281,yes,no,unknown,16,sep,515,1,-1,0,unknown,0
8071,53,technician,married,secondary,no,6831,no,no,cellular,13,may,560,2,291,0,unknown,0
8072,53,technician,married,secondary,no,6831,no,no,cellular,13,may,193,2,-1,0,unknown,0
8073,33,admin.,single,secondary,no,572,yes,yes,cellular,14,apr,351,1,74,2,failure,0
8074,33,admin.,single,secondary,no,572,yes,no,cellular,14,apr,170,1,74,2,failure,0
8075,61,retired,single,secondary,no,2917,no,no,cellular,6,oct,215,1,-1,17,unknown,0
8076,61,retired,married,secondary,no,2917,no,yes,cellular,6,oct,215,1,804,0,unknown,0
8077,25,technician,single,tertiary,no,1231,no,yes,cellular,31,aug,161,2,-1,0,unknown,0
8078,83,technician,single,tertiary,yes,1231,no,no,cellular,31,aug,271,2,-1,0,unknown,0
8079,46,technician,married,tertiary,no,0,yes,no,cellular,20,nov,531,1,210,1,failure,0
8080,46,technician,married,tertiary,no,0,no,no,cellular,20,nov,531,25,167,1,failure,0
8081,24,admin.,single,secondary,no,1295,yes,no,cellular,21,apr,476,1,183,0,unknown,0
8082,40,admin.,single,secondary,no,1295,no,no,cellular,21,nov,476,1,-1,0,unknown,0
8083,45,management,single,tertiary,no,4831,no,no,cellular,29,jan,249,11,-1,0,unknown,0
8084,45,management,single,unknown,no,4831,no,no,telephone,29,jan,479,11,-1,0,unknown,0
8085,60,services,married,secondary,no,12980,yes,no,cellular,3,sep,177,2,182,1,success,1
8086,60,entrepreneur,married,secondary,no,12980,no,no,cellular,3,sep,408,2,182,1,success,1
8087,37,management,married,tertiary,no,393,yes,no,cellular,14,may,119,3,275,4,failure,0
8088,37,management,divorced,secondary,no,393,yes,no,cellular,14,may,567,3,275,4,failure,0
8089,37,technician,single,tertiary,no,78439,yes,no,cellular,13,may,234,1,87,3,success,0
8090,37,technician,single,tertiary,no,197,yes,no,cellular,13,may,234,15,87,3,success,0
8091,32,services,married,secondary,no,914,no,yes,cellular,6,jun,372,1,-1,0,unknown,0
8092,32,services,married,secondary,yes,914,no,no,cellular,15,dec,372,1,-1,0,unknown,0
8093,58,unemployed,married,secondary,no,28735,no,no,cellular,5,feb,286,2,205,0,unknown,0
8094,35,services,married,secondary,no,1625,no,no,cellular,5,feb,286,2,-1,0,unknown,0
8095,42,unemployed,married,secondary,no,356,yes,no,cellular,7,may,134,3,356,2,failure,0
8096,42,unemployed,married,secondary,no,356,yes,no,cellular,7,may,598,3,356,2,failure,0
8097,60,blue-collar,married,primary,no,29455,no,no,unknown,18,aug,671,4,-1,0,unknown,0
8098,60,unemployed,married,primary,no,62537,no,no,cellular,18,aug,671,4,-1,0,unknown,0
8099,49,retired,married,tertiary,no,6574,no,no,cellular,8,jun,138,4,-1,0,unknown,0
8100,49,admin.,divorced,tertiary,no,6574,no,no,cellular,8,jun,138,3,-1,0,unknown,0
8101,34,management,married,tertiary,no,828,no,yes,cellular,11,aug,218,3,-1,3,unknown,0
8102,34,student,married,tertiary,no,828,no,yes,unknown,11,aug,1080,3,-1,0,unknown,0
8103,45,blue-collar,divorced,primary,no,594,no,no,cellular,29,may,833,2,-1,0,unknown,0
8104,45,blue-collar,married,primary,no,594,yes,no,unknown,29,may,732,2,-1,0,unknown,0
8105,29,technician,divorced,tertiary,yes,1669,no,no,cellular,3,feb,297,1,-1,0,unknown,0
8106,29,technician,single,tertiary,no,1669,no,no,telephone,3,nov,297,1,-1,0,unknown,0
8107,31,blue-collar,married,primary,no,3,no,yes,cellular,25,jul,915,3,-1,0,unknown,1
8108,31,blue-collar,married,primary,no,3,yes,yes,telephone,25,jul,1105,3,-1,0,unknown,1
8109,29,management,single,tertiary,no,983,yes,no,unknown,11,jun,963,2,-1,0,unknown,0
8110,29,management,single,tertiary,no,19663,yes,no,cellular,11,jul,963,2,-1,0,unknown,0
8111,58,admin.,married,secondary,no,169,no,no,cellular,15,feb,13,1,91,4,success,0
8112,58,admin.,married,secondary,no,169,no,no,cellular,28,feb,216,1,91,4,failure,0
8113,36,blue-collar,married,secondary,no,0,yes,no,cellular,30,jul,664,23,-1,0,unknown,1
8114,36,blue-collar,married,secondary,no,63502,yes,no,cellular,30,jul,1138,6,-1,0,unknown,1
8115,50,admin.,married,tertiary,no,6574,no,no,unknown,8,sep,55,1,92,3,success,0
8116,50,admin.,married,tertiary,no,6574,no,yes,cellular,8,sep,495,1,92,3,failure,0
8117,58,self-employed,married,tertiary,no,5810,no,no,cellular,12,mar,1058,1,-1,0,unknown,0
8118,58,self-employed,married,tertiary,no,5810,no,no,cellular,12,mar,819,1,-1,0,unknown,0
8119,35,blue-collar,married,primary,no,-276,yes,no,cellular,13,may,254,1,-1,0,unknown,0
8120,35,blue-collar,single,primary,no,40355,yes,no,cellular,13,may,850,1,-1,0,unknown,0
8121,51,blue-collar,married,secondary,no,-92,yes,no,unknown,14,jun,1352,4,-1,0,unknown,1
8122,51,blue-collar,married,secondary,no,-92,yes,no,cellular,4,jun,1669,4,-1,0,unknown,1
8123,21,student,single,unknown,yes,360,no,no,cellular,26,may,131,2,-1,0,unknown,0
8124,21,technician,single,secondary,no,360,no,no,cellular,26,jul,131,2,-1,0,unknown,0
8125,71,retired,divorced,tertiary,yes,1236,yes,no,cellular,14,may,335,4,-1,0,other,0
8126,71,retired,divorced,tertiary,yes,1236,yes,no,unknown,14,sep,285,4,-1,0,unknown,0
8127,33,services,married,secondary,yes,227,yes,yes,cellular,26,aug,477,2,-1,0,unknown,0
8128,33,services,married,secondary,no,227,yes,yes,cellular,13,aug,660,2,-1,0,unknown,0
8129,39,blue-collar,married,secondary,no,80540,yes,no,cellular,11,feb,397,2,-1,0,unknown,0
8130,39,blue-collar,married,secondary,no,1382,yes,no,cellular,11,aug,397,2,-1,0,unknown,0
8131,49,management,married,tertiary,no,5887,no,no,cellular,4,dec,108,3,185,5,success,0
8132,49,management,married,tertiary,no,5887,no,no,cellular,4,dec,439,4,185,5,failure,0
8133,35,management,married,tertiary,no,62,no,no,cellular,7,oct,226,2,88,4,other,0
8134,35,unknown,married,tertiary,no,62,no,no,cellular,7,may,226,2,88,4,other,0
