,age,job,marital,education,default,balance,housing,loan,contact,day,month,duration,campaign,pdays,previous,poutcome,y
6327,46,management,married,tertiary,no,1600,yes,yes,cellular,11,aug,384,1,-1,0,unknown,0
6328,46,management,married,tertiary,no,1600,yes,yes,unknown,11,aug,1244,13,-1,0,unknown,0
6329,67,retired,married,tertiary,no,1341,no,no,cellular,13,feb,144,1,-1,0,unknown,0
6330,61,retired,married,tertiary,no,1341,no,no,cellular,13,nov,706,1,-1,0,unknown,0
6331,43,admin.,married,secondary,no,132,no,yes,cellular,17,mar,220,13,-1,0,unknown,0
6332,43,admin.,married,secondary,no,132,no,no,cellular,17,sep,220,1,-1,8,unknown,0
6333,60,management,married,tertiary,no,315,no,no,cellular,1,sep,46,1,183,0,success,0
6334,47,management,married,tertiary,no,315,no,no,cellular,1,sep,105,1,183,3,success,0
6335,31,blue-collar,divorced,secondary,no,54,yes,no,cellular,29,jun,115,1,-1,0,unknown,0
6336,31,technician,single,secondary,no,54,no,no,cellular,29,jun,401,1,-1,0,unknown,0
6337,30,entrepreneur,married,tertiary,no,944,no,no,cellular,29,apr,251,2,-1,0,unknown,0
6338,30,technician,married,tertiary,no,944,no,no,cellular,29,oct,159,2,-1,0,unknown,0
6339,29,unemployed,single,tertiary,no,1311,no,no,cellular,28,aug,268,1,-1,0,unknown,0
6340,29,unemployed,single,tertiary,no,1311,no,no,cellular,3,oct,622,1,-1,0,unknown,0
6341,47,technician,married,secondary,no,2480,no,no,unknown,6,aug,763,2,-1,0,other,0
6342,47,technician,married,secondary,no,2480,no,no,cellular,6,aug,339,2,-1,0,unknown,0
6343,59,admin.,married,secondary,no,3735,no,no,unknown,17,jun,243,3,91,6,unknown,0
6344,59,admin.,single,secondary,no,3735,no,no,cellular,17,jun,243,3,91,6,unknown,0
6345,60,management,married,secondary,no,0,yes,no,telephone,19,oct,1745,3,62,3,success,1
6346,60,management,married,secondary,no,0,no,no,telephone,19,oct,1745,29,62,3,success,1
6347,45,housemaid,married,secondary,no,205,no,no,cellular,4,may,552,1,90,2,failure,0
6348,45,admin.,married,secondary,no,205,no,no,cellular,4,may,89,1,90,2,success,0
6349,60,management,single,tertiary,no,1034,yes,no,cellular,26,aug,231,3,-1,0,other,0
6350,60,unknown,single,tertiary,no,1034,yes,no,cellular,7,apr,231,3,-1,0,unknown,0
6351,31,admin.,single,tertiary,no,4041,no,no,telephone,30,apr,211,2,-1,0,unknown,0
6352,31,admin.,single,tertiary,no,4041,no,no,cellular,30,apr,78,2,-1,0,unknown,0
6353,27,management,married,secondary,no,59851,no,no,cellular,4,jul,449,1,-1,0,unknown,0
6354,27,management,married,secondary,no,2071,yes,no,cellular,4,jun,449,1,-1,0,other,0
6355,27,technician,single,secondary,no,12697,yes,yes,cellular,6,may,554,2,356,1,failure,0
6356,27,technician,single,secondary,no,44738,yes,yes,cellular,6,may,554,2,356,1,failure,0
6357,25,student,single,primary,no,373,yes,no,cellular,11,may,373,2,-1,0,unknown,0
6358,25,admin.,single,primary,no,373,yes,no,cellular,11,may,243,2,-1,0,unknown,0
6359,65,admin.,married,secondary,no,952,no,yes,cellular,6,sep,255,1,96,1,other,0
6360,65,admin.,married,secondary,no,952,no,no,cellular,6,sep,10,1,96,1,success,0
6361,49,technician,married,tertiary,no,523,yes,no,cellular,2,oct,712,22,60,3,failure,0
6362,49,technician,married,tertiary,no,523,no,no,cellular,2,jun,137,1,60,3,failure,0
6363,49,management,divorced,tertiary,no,57048,yes,no,telephone,18,nov,1063,2,-1,0,unknown,1
6364,49,management,divorced,tertiary,no,0,yes,yes,telephone,18,nov,1366,2,-1,0,unknown,1
6365,47,technician,married,secondary,no,26294,yes,no,unknown,30,may,998,4,-1,0,unknown,1
6366,47,technician,divorced,secondary,no,1387,yes,no,unknown,30,may,819,4,-1,0,unknown,1
6367,77,unknown,married,unknown,no,51556,no,no,cellular,7,may,300,3,-1,0,unknown,0
6368,77,unknown,married,unknown,no,397,no,no,unknown,7,may,300,3,-1,2,unknown,0
6369,32,blue-collar,married,secondary,no,30698,no,no,cellular,7,aug,289,2,-1,0,unknown,0
6370,32,student,single,secondary,no,1536,no,no,cellular,7,aug,289,2,-1,0,unknown,0
6371,50,technician,divorced,unknown,no,0,no,no,cellular,21,sep,159,1,120,2,failure,0
6372,50,technician,divorced,secondary,no,67512,no,no,cellular,29,sep,159,1,120,2,failure,0
6373,76,student,single,secondary,no,822,no,no,unknown,27,oct,184,1,91,2,failure,0
6374,60,student,single,secondary,no,822,yes,no,cellular,27,oct,184,1,91,2,failure,0
6375,58,unemployed,married,primary,no,1183,no,no,cellular,13,jul,679,5,-1,0,unknown,0
6376,58,unemployed,married,secondary,no,1183,no,no,cellular,31,jul,508,5,-1,0,unknown,0
6377,30,management,single,tertiary,no,536,yes,no,cellular,2,jul,309,1,95,0,unknown,0
6378,30,management,single,tertiary,no,536,no,no,unknown,2,jul,309,1,-1,7,unknown,0
6379,35,services,married,secondary,no,4922,yes,no,cellular,21,nov,393,4,201,17,other,0
6380,28,management,married,secondary,no,4922,yes,no,cellular,17,nov,393,4,201,17,other,0
6381,42,blue-collar,married,primary,no,807,yes,no,cellular,19,apr,1057,1,-1,0,other,0
6382,42,blue-collar,married,primary,no,807,yes,no,cellular,19,nov,143,1,-1,0,unknown,0
6383,45,unemployed,divorced,primary,yes,29680,no,no,cellular,13,aug,489,5,-1,0,unknown,0
6384,45,unemployed,divorced,primary,yes,11,no,no,unknown,13,aug,489,5,-1,8,unknown,0
6385,87,unemployed,married,tertiary,no,4145,no,no,telephone,20,jun,988,4,-1,0,unknown,0
6386,36,unemployed,married,tertiary,no,4145,no,no,unknown,20,jun,281,20,-1,0,unknown,0
6387,37,services,married,secondary,no,0,yes,no,cellular,22,jul,1514,1,504,0,unknown,1
6388,37,services,married,secondary,no,0,yes,no,telephone,22,jul,1721,1,-1,0,unknown,1
6389,32,entrepreneur,married,tertiary,no,70757,no,no,cellular,19,jul,187,4,-1,0,unknown,0
6390,37,entrepreneur,married,tertiary,no,762,no,no,cellular,19,jul,187,11,-1,0,unknown,0
6391,30,unemployed,married,tertiary,no,302,no,yes,cellular,11,feb,528,3,-1,0,unknown,0
6392,45,unemployed,divorced,tertiary,no,302,no,no,cellular,11,feb,528,3,-1,0,unknown,0
6393,67,retired,married,secondary,no,2048,no,yes,cellular,16,sep,452,5,195,4,other,0
6394,67,retired,married,secondary,no,2048,no,yes,cellular,16,sep,452,5,182,4,other,0
6395,79,technician,married,secondary,no,3285,yes,no,unknown,13,may,1721,2,370,0,unknown,0
6396,43,technician,married,secondary,no,3285,yes,no,unknown,13,may,471,2,-1,0,unknown,0
6397,60,blue-collar,single,primary,no,1262,yes,yes,unknown,13,may,1015,1,-1,2,unknown,0
6398,60,blue-collar,married,primary,no,1262,yes,yes,unknown,13,may,203,1,-1,0,unknown,0
6399,60,admin.,divorced,secondary,no,12039,yes,no,telephone,12,oct,6,1,187,1,success,0
6400,60,admin.,divorced,secondary,no,12039,no,no,telephone,12,oct,261,1,267,1,unknown,0
6401,61,retired,married,secondary,no,2850,no,no,cellular,17,nov,300,1,239,8,failure,0
6402,64,retired,married,secondary,no,2850,yes,no,cellular,17,nov,300,1,40,8,failure,0
6403,90,management,single,tertiary,no,10348,no,no,cellular,30,apr,779,2,-1,0,unknown,0
6404,24,management,single,tertiary,no,2845,no,no,cellular,30,apr,174,4,-1,0,unknown,0
6405,61,retired,married,unknown,no,209,no,no,cellular,16,nov,1011,1,260,4,success,1
6406,61,retired,married,unknown,no,209,no,no,cellular,16,mar,1011,1,94,4,success,1
6407,34,technician,single,tertiary,no,149,no,no,cellular,21,aug,739,2,-1,0,unknown,0
6408,34,technician,married,tertiary,no,22667,no,yes,cellular,22,aug,739,2,-1,0,unknown,0
6409,32,technician,married,secondary,yes,908,yes,no,unknown,20,may,2621,1,-1,0,unknown,1
6410,32,technician,divorced,secondary,no,908,yes,no,unknown,20,may,1735,1,-1,0,unknown,1
6411,80,technician,married,unknown,no,1347,yes,yes,cellular,10,feb,160,1,243,1,failure,0
6412,73,technician,married,tertiary,no,1347,yes,yes,cellular,17,feb,160,1,243,1,failure,0
6413,72,retired,married,primary,no,32352,no,no,cellular,10,dec,250,4,115,1,other,0
6414,45,retired,married,primary,no,-563,no,no,cellular,10,dec,582,4,115,1,other,0
6415,52,technician,married,secondary,no,78673,yes,no,telephone,7,sep,211,1,294,1,failure,0
6416,52,unknown,married,secondary,no,0,yes,no,cellular,7,nov,211,1,294,1,failure,0
6417,42,unemployed,married,secondary,no,356,yes,no,cellular,7,may,563,3,356,2,failure,0
6418,42,unemployed,married,secondary,no,356,yes,no,cellular,7,may,243,3,356,2,failure,0
6419,28,student,single,tertiary,no,5741,no,no,cellular,10,sep,10,5,200,3,failure,0
6420,28,student,single,tertiary,no,5741,no,no,cellular,10,sep,108,5,200,3,failure,0
6421,31,management,single,unknown,no,165,no,yes,cellular,22,aug,523,2,-1,0,unknown,0
6422,63,unemployed,single,tertiary,no,165,no,yes,cellular,8,aug,523,2,-1,0,unknown,0
6423,30,technician,single,primary,no,178,no,no,telephone,17,jul,656,3,-1,0,unknown,0
6424,30,technician,single,tertiary,no,34572,no,no,cellular,17,jul,656,3,-1,0,unknown,0
6425,35,management,single,tertiary,no,30992,no,no,cellular,17,aug,343,23,397,1,failure,0
6426,35,management,single,tertiary,no,431,no,no,cellular,17,aug,343,2,184,1,failure,0
6427,58,blue-collar,married,primary,no,6762,no,no,cellular,28,aug,1082,25,-1,0,unknown,1
6428,58,blue-collar,married,primary,no,6762,no,no,cellular,21,aug,1249,25,-1,0,unknown,1
6429,46,admin.,single,secondary,no,255,no,no,cellular,27,jan,143,1,90,0,unknown,0
6430,30,admin.,single,secondary,no,255,no,no,cellular,27,jan,143,1,185,0,unknown,0
6431,31,unemployed,single,secondary,no,582,yes,no,cellular,18,jun,80,2,-1,0,unknown,0
6432,31,unemployed,single,secondary,no,582,yes,no,cellular,18,jan,548,2,-1,0,unknown,0
6433,31,technician,single,tertiary,no,22,yes,no,unknown,19,may,483,3,-1,5,unknown,0
6434,31,technician,single,tertiary,no,22,yes,no,unknown,9,feb,483,23,-1,0,unknown,0
6435,36,blue-collar,married,secondary,no,1049,yes,no,cellular,5,may,224,4,-1,0,failure,0
6436,27,blue-collar,married,secondary,no,1049,yes,no,cellular,14,may,224,4,-1,0,unknown,0
6437,59,management,married,tertiary,no,474,no,no,cellular,21,aug,252,23,291,0,unknown,0
6438,59,management,married,primary,no,474,no,no,cellular,21,aug,252,1,-1,17,unknown,0
6439,56,management,married,primary,no,616,no,no,cellular,6,feb,156,1,78,0,unknown,0
6440,56,management,married,tertiary,no,34134,no,no,cellular,6,feb,156,1,-1,0,unknown,0
6441,45,technician,married,secondary,no,144,yes,yes,cellular,14,jul,1336,4,-1,0,unknown,1
6442,45,technician,married,secondary,no,144,yes,yes,cellular,14,jul,2453,4,-1,6,unknown,1
6443,90,retired,divorced,secondary,no,2749,no,no,cellular,13,aug,152,3,-1,0,unknown,0
6444,29,retired,divorced,secondary,no,1,no,no,cellular,13,feb,152,3,-1,0,unknown,0
6445,37,blue-collar,married,primary,no,106,yes,yes,cellular,25,aug,166,1,392,13,failure,0
6446,37,blue-collar,married,primary,no,106,yes,no,cellular,25,aug,511,8,35,13,failure,0
6447,52,housemaid,single,secondary,no,3923,yes,no,unknown,14,may,942,22,-1,0,unknown,0
6448,52,housemaid,divorced,secondary,no,3923,yes,no,unknown,14,jan,942,3,-1,0,unknown,0
6449,30,technician,single,secondary,no,276,no,yes,cellular,25,aug,1134,5,201,0,unknown,1
6450,30,technician,single,secondary,no,276,no,yes,cellular,25,aug,1148,2,-1,0,unknown,1
6451,28,management,married,tertiary,no,867,yes,no,unknown,2,jun,230,3,103,0,unknown,0
6452,35,management,married,tertiary,no,72851,yes,no,unknown,2,jun,230,3,-1,0,unknown,0
6453,55,admin.,married,secondary,no,602,no,no,cellular,4,oct,390,2,150,6,failure,0
6454,55,admin.,married,secondary,no,602,no,no,cellular,4,feb,390,2,201,6,failure,0
6455,32,self-employed,divorced,tertiary,no,3271,no,no,cellular,4,may,206,3,-1,2,unknown,0
6456,32,self-employed,divorced,tertiary,no,3271,no,no,cellular,4,may,271,2,-1,0,unknown,0
6457,47,blue-collar,married,secondary,no,1240,yes,no,cellular,12,may,311,1,-1,0,unknown,0
6458,33,blue-collar,married,secondary,no,1240,yes,yes,cellular,12,may,520,1,-1,0,unknown,0
6459,39,blue-collar,single,secondary,no,58146,yes,no,unknown,15,apr,668,1,-1,0,unknown,0
6460,39,blue-collar,single,secondary,no,649,yes,no,telephone,15,apr,668,1,854,0,unknown,0
6461,59,blue-collar,married,primary,no,1939,no,no,cellular,23,apr,172,8,-1,0,failure,0
6462,59,blue-collar,married,primary,no,1939,no,no,cellular,24,apr,172,13,-1,0,unknown,0
6463,25,admin.,single,secondary,no,285,no,no,cellular,3,jul,426,3,-1,0,failure,0
6464,25,admin.,single,secondary,no,285,no,no,cellular,3,jul,318,3,-1,0,unknown,0
6465,33,blue-collar,married,secondary,no,379,yes,yes,cellular,16,jun,40,7,-1,0,unknown,0
6466,78,blue-collar,married,secondary,no,379,no,yes,cellular,16,jun,263,2,-1,0,unknown,0
6467,31,blue-collar,married,secondary,no,15320,yes,yes,unknown,13,apr,1091,2,-1,0,unknown,0
6468,31,blue-collar,married,primary,no,1406,yes,yes,cellular,13,apr,1091,2,-1,14,unknown,0
6469,28,services,single,primary,no,198,no,no,cellular,4,feb,544,2,-1,0,unknown,0
6470,74,services,single,primary,no,198,no,no,cellular,4,feb,976,2,-1,0,unknown,0
6471,45,admin.,married,unknown,no,5511,no,no,cellular,2,jul,272,15,-1,0,unknown,0
6472,45,admin.,married,unknown,no,5511,no,no,cellular,2,jul,104,1,-1,0,unknown,0
6473,33,technician,married,secondary,no,133,no,no,telephone,4,may,218,1,308,0,unknown,0
6474,33,technician,married,secondary,no,34667,no,no,cellular,4,may,218,1,-1,0,unknown,0
6475,51,blue-collar,married,primary,no,129,yes,no,cellular,5,may,611,2,-1,0,unknown,0
6476,51,services,married,unknown,no,129,yes,no,cellular,15,may,611,2,-1,0,unknown,0
6477,31,management,single,tertiary,no,147,no,no,cellular,9,mar,125,1,181,2,other,0
6478,31,management,single,tertiary,no,147,no,no,cellular,9,mar,71,15,181,2,success,0
6479,42,management,divorced,tertiary,no,4,yes,no,cellular,8,may,579,2,295,1,failure,0
6480,42,management,married,tertiary,no,4,yes,no,cellular,8,may,579,2,391,1,failure,0
6481,90,retired,married,secondary,no,1495,no,no,cellular,1,oct,389,1,195,4,other,0
6482,63,retired,married,secondary,no,1495,no,no,cellular,4,oct,389,1,195,9,other,0
6483,44,retired,divorced,primary,no,639,no,no,telephone,18,jul,353,3,-1,0,unknown,0
6484,84,retired,divorced,primary,no,639,no,no,unknown,18,may,135,3,-1,0,unknown,0
6485,31,entrepreneur,single,secondary,no,64077,no,no,telephone,13,nov,160,1,-1,0,unknown,0
6486,31,entrepreneur,single,secondary,no,0,no,no,telephone,18,nov,160,2,-1,0,unknown,0
6487,74,retired,married,primary,no,50589,no,no,cellular,22,feb,385,2,-1,0,unknown,0
6488,29,retired,married,primary,no,1413,no,no,unknown,25,feb,385,2,-1,0,unknown,0
6489,61,management,married,unknown,no,264,yes,no,telephone,29,jul,40,1,178,1,success,0
6490,61,management,married,unknown,no,264,no,no,telephone,29,jun,270,1,178,1,failure,0
6491,42,entrepreneur,married,secondary,no,0,yes,no,cellular,9,apr,163,1,140,4,failure,0
6492,42,entrepreneur,married,secondary,no,73047,yes,no,cellular,9,apr,331,1,140,4,failure,0
6493,42,technician,married,tertiary,no,4580,yes,no,unknown,15,may,418,2,-1,0,unknown,0
6494,70,technician,married,tertiary,no,4580,yes,no,unknown,15,may,911,29,-1,0,unknown,0
6495,65,management,single,tertiary,no,36222,no,no,cellular,27,aug,512,8,-1,0,unknown,0
6496,87,management,single,unknown,no,7084,no,no,cellular,27,aug,512,8,-1,0,unknown,0
6497,37,blue-collar,married,secondary,no,4321,no,no,cellular,5,jun,152,1,-1,0,unknown,0
6498,37,blue-collar,married,secondary,no,4321,no,no,cellular,5,aug,460,1,-1,0,unknown,0
6499,34,management,single,tertiary,no,681,no,yes,cellular,6,aug,637,15,-1,0,unknown,0
6500,34,management,single,tertiary,no,681,no,yes,cellular,20,aug,637,2,-1,0,unknown,0
6501,31,self-employed,single,tertiary,no,1815,no,no,telephone,9,feb,205,1,-1,0,unknown,0
6502,81,self-employed,single,tertiary,no,69813,no,no,telephone,9,feb,1541,1,-1,0,unknown,0
6503,30,technician,single,tertiary,yes,1289,yes,no,unknown,21,may,373,2,-1,0,unknown,0
6504,30,technician,single,unknown,no,1289,yes,yes,unknown,21,may,1697,2,-1,0,unknown,0
6505,36,management,married,tertiary,no,1318,yes,no,cellular,7,aug,623,2,-1,0,unknown,0
6506,36,management,married,tertiary,no,1318,yes,no,cellular,7,aug,1151,2,-1,0,unknown,1
6507,25,unemployed,single,tertiary,no,343,no,no,cellular,1,apr,131,1,-1,0,unknown,0
6508,25,unemployed,single,tertiary,no,343,yes,no,cellular,1,jun,377,1,-1,9,unknown,0
6509,55,services,married,secondary,no,2376,yes,no,cellular,24,feb,395,1,-1,0,unknown,0
6510,50,services,married,secondary,no,2376,yes,no,cellular,24,jul,495,1,-1,0,unknown,0
6511,31,management,married,tertiary,no,12063,yes,no,cellular,29,oct,325,2,-1,0,unknown,0
6512,31,management,married,tertiary,no,81,no,no,cellular,29,oct,100,2,-1,0,unknown,0
6513,31,self-employed,married,tertiary,no,1145,yes,no,unknown,26,may,1272,4,-1,0,unknown,0
6514,31,management,divorced,tertiary,no,1145,no,no,unknown,26,may,795,4,-1,0,unknown,0
6515,82,retired,married,primary,yes,0,no,no,cellular,5,jun,493,2,-1,0,unknown,0
6516,59,retired,married,primary,no,0,no,no,telephone,5,jun,493,5,-1,0,unknown,0
6517,32,management,married,tertiary,no,2069,no,no,cellular,22,apr,391,1,-1,0,unknown,0
6518,32,management,single,tertiary,yes,2069,no,no,cellular,22,jul,545,1,-1,0,unknown,0
6519,27,unemployed,single,secondary,no,294,yes,yes,unknown,28,may,694,25,-1,0,unknown,0
6520,27,blue-collar,single,secondary,no,294,yes,no,unknown,28,jan,694,2,-1,0,unknown,0
6521,61,self-employed,married,tertiary,no,10861,no,no,cellular,18,oct,225,1,91,5,other,0
6522,61,self-employed,married,tertiary,no,10861,no,no,cellular,25,apr,225,1,91,5,other,0
6523,39,technician,single,tertiary,no,-970,no,yes,cellular,21,aug,856,2,-1,0,unknown,1
6524,30,technician,single,tertiary,no,46621,no,yes,cellular,21,aug,1346,2,-1,0,unknown,1
6525,19,retired,married,tertiary,no,14220,yes,no,cellular,9,sep,397,1,186,0,unknown,0
6526,23,retired,married,tertiary,no,14220,yes,no,cellular,9,sep,397,1,-1,0,failure,0
6527,38,admin.,married,secondary,no,1767,yes,no,cellular,12,nov,159,7,-1,0,unknown,0
6528,38,admin.,married,secondary,no,1767,yes,no,cellular,12,nov,264,7,230,0,unknown,0
6529,57,management,married,unknown,no,1227,yes,no,cellular,5,jun,232,1,-1,0,unknown,0
6530,57,management,married,tertiary,no,-2549,no,no,cellular,5,jun,232,1,-1,0,unknown,0
6531,39,management,married,secondary,no,215,no,no,cellular,11,aug,171,4,-1,0,unknown,0
6532,39,management,married,secondary,no,215,no,no,cellular,11,oct,927,4,-1,0,unknown,0
6533,29,technician,single,secondary,no,8750,no,no,cellular,27,aug,81,1,397,1,success,0
6534,29,housemaid,single,secondary,no,590,no,no,unknown,27,aug,81,1,94,1,success,0
6535,49,technician,married,tertiary,no,3726,no,no,cellular,5,aug,707,22,-1,0,unknown,0
6536,49,technician,married,tertiary,no,3726,no,no,unknown,5,aug,875,2,-1,10,unknown,0
6537,25,admin.,single,secondary,no,1534,no,no,unknown,10,nov,95,1,95,3,success,0
6538,44,admin.,single,unknown,no,1534,no,no,cellular,10,nov,95,1,278,3,success,0
6539,49,management,married,tertiary,no,1093,yes,yes,cellular,15,sep,316,1,246,6,unknown,0
6540,49,management,married,tertiary,no,1093,yes,yes,cellular,15,jan,316,1,246,4,failure,0
6541,40,management,married,tertiary,no,4539,no,no,cellular,13,jul,256,3,60,1,failure,0
6542,83,management,married,tertiary,no,4539,no,no,cellular,13,jul,256,3,35,1,failure,0
6543,60,technician,married,secondary,no,259,no,no,cellular,6,jul,144,1,386,2,success,0
6544,60,technician,married,secondary,no,259,no,no,cellular,6,jul,114,1,386,5,success,0
6545,43,housemaid,married,tertiary,no,25,no,no,cellular,12,aug,741,2,-1,0,unknown,1
6546,43,housemaid,married,primary,no,25,no,no,cellular,12,aug,121,2,-1,5,success,1
6547,49,services,divorced,secondary,no,2236,no,no,cellular,28,jul,412,20,-1,0,unknown,0
6548,49,services,divorced,secondary,no,0,no,no,cellular,28,nov,412,22,-1,0,unknown,0
6549,56,blue-collar,married,secondary,no,249,yes,yes,unknown,27,may,791,2,-1,0,unknown,0
6550,56,blue-collar,married,secondary,no,249,yes,no,unknown,29,may,791,12,-1,0,unknown,0
6551,32,services,single,secondary,no,10499,yes,no,cellular,15,apr,984,1,-1,0,unknown,1
6552,32,services,single,secondary,no,-55,yes,no,cellular,15,apr,1806,1,-1,0,unknown,0
6553,68,blue-collar,single,secondary,no,583,no,no,cellular,28,mar,567,3,-1,0,unknown,1
6554,42,unknown,single,secondary,no,583,no,no,cellular,28,jan,925,3,-1,0,unknown,1
6555,57,management,married,tertiary,no,11654,no,no,cellular,28,sep,341,3,98,3,failure,0
6556,80,management,married,tertiary,no,10583,no,no,cellular,28,sep,341,3,98,3,failure,0
6557,31,management,married,secondary,no,527,yes,yes,cellular,15,may,1142,2,359,1,failure,1
6558,31,management,married,tertiary,no,46456,yes,yes,cellular,15,may,915,2,359,1,failure,1
6559,53,management,married,tertiary,no,349,no,yes,cellular,7,aug,904,2,-1,0,unknown,1
6560,70,management,married,tertiary,no,349,no,no,cellular,7,aug,146,2,-1,0,unknown,1
6561,58,management,married,tertiary,no,2939,no,yes,cellular,6,oct,608,1,99,3,failure,0
6562,39,management,married,tertiary,no,2939,no,no,cellular,19,oct,608,1,515,3,failure,0
6563,28,admin.,single,tertiary,no,2889,yes,no,cellular,5,may,494,1,-1,0,unknown,0
6564,46,admin.,single,tertiary,yes,2889,yes,no,cellular,5,may,72,1,-1,0,unknown,0
6565,35,entrepreneur,married,secondary,no,313,yes,no,cellular,15,jul,980,1,-1,0,unknown,1
6566,35,entrepreneur,divorced,secondary,no,313,yes,no,cellular,15,mar,479,1,-1,0,unknown,1
6567,63,blue-collar,divorced,secondary,no,641,no,no,cellular,1,may,417,2,-1,0,unknown,0
6568,29,blue-collar,married,secondary,no,641,no,no,cellular,27,may,417,2,91,0,unknown,0
6569,36,blue-collar,married,tertiary,no,319,yes,no,cellular,22,may,774,2,301,1,failure,0
6570,36,blue-collar,married,primary,no,319,yes,no,cellular,13,may,618,2,301,1,failure,0
6571,26,admin.,married,secondary,no,274,yes,no,cellular,1,apr,351,3,-1,0,unknown,0
6572,78,admin.,single,secondary,no,274,no,no,cellular,1,aug,351,3,-1,0,unknown,0
6573,33,self-employed,married,primary,no,1278,no,no,cellular,6,oct,413,1,-1,0,unknown,0
6574,33,blue-collar,married,tertiary,no,1278,no,no,unknown,6,oct,649,1,-1,0,unknown,0
6575,60,admin.,married,secondary,no,106,no,no,cellular,21,aug,622,3,91,1,other,0
6576,60,management,married,secondary,no,106,no,no,cellular,21,aug,128,3,91,1,success,0
6577,87,housemaid,single,tertiary,no,7441,no,no,cellular,31,mar,1461,6,-1,0,unknown,0
6578,40,housemaid,single,tertiary,no,7441,no,no,cellular,31,jul,356,6,231,0,unknown,0
6579,78,unemployed,married,unknown,no,190,no,no,cellular,11,aug,704,2,-1,0,unknown,0
6580,42,unemployed,married,unknown,no,190,no,no,telephone,11,aug,704,10,-1,0,unknown,0
6581,57,entrepreneur,divorced,secondary,no,-37,no,no,cellular,5,may,596,1,-1,0,unknown,0
6582,57,entrepreneur,divorced,secondary,no,24986,no,no,unknown,5,mar,173,1,-1,0,unknown,1
6583,30,management,married,tertiary,no,1814,yes,no,cellular,18,may,988,4,-1,0,unknown,1
6584,30,management,married,tertiary,no,-2503,yes,no,cellular,18,may,880,4,-1,0,unknown,0
6585,49,technician,married,secondary,no,905,no,no,cellular,5,oct,182,1,-1,0,unknown,0
6586,49,technician,married,tertiary,no,905,no,no,unknown,5,jun,1543,1,-1,0,unknown,0
6587,32,technician,single,secondary,no,-114,no,no,cellular,12,aug,990,2,-1,0,unknown,1
6588,32,technician,single,secondary,no,-114,no,no,cellular,12,aug,697,2,-1,0,unknown,1
6589,58,management,single,tertiary,no,2551,yes,no,cellular,21,jul,638,3,-1,0,unknown,0
6590,32,management,single,tertiary,no,57538,yes,no,cellular,21,jul,638,7,-1,0,unknown,0
6591,40,blue-collar,married,secondary,no,1808,yes,no,cellular,12,may,560,12,-1,0,failure,0
6592,40,blue-collar,divorced,secondary,no,1808,yes,no,cellular,12,may,560,4,-1,0,unknown,0
6593,32,technician,single,unknown,no,491,no,no,telephone,9,jul,474,7,-1,0,unknown,0
6594,37,technician,single,unknown,no,491,yes,no,cellular,9,jul,474,7,-1,0,unknown,0
6595,62,retired,married,tertiary,no,2557,yes,no,cellular,14,sep,211,11,216,7,failure,0
6596,62,retired,married,tertiary,no,2557,yes,no,cellular,14,sep,211,12,216,7,failure,0
6597,37,services,single,secondary,no,1045,no,no,cellular,26,aug,406,2,41,1,failure,0
6598,37,services,single,secondary,no,1045,no,yes,cellular,17,mar,442,2,41,1,failure,0
6599,56,blue-collar,divorced,unknown,no,4246,yes,no,unknown,6,may,1242,2,-1,0,unknown,0
6600,56,admin.,single,unknown,no,4246,yes,no,unknown,6,may,1352,2,-1,0,unknown,1
6601,30,services,single,secondary,no,35532,no,yes,cellular,21,aug,1532,2,-1,0,unknown,0
6602,30,services,single,secondary,no,-477,no,yes,unknown,21,aug,1532,2,-1,0,unknown,0
6603,30,services,divorced,secondary,no,436,yes,no,cellular,17,jun,289,1,-1,0,unknown,0
6604,30,admin.,divorced,secondary,no,436,yes,no,cellular,17,jun,543,1,-1,0,unknown,0
6605,83,admin.,single,secondary,no,102,no,yes,cellular,8,jul,658,2,-1,0,unknown,0
6606,26,admin.,single,secondary,no,102,no,yes,cellular,8,jul,515,2,-1,0,unknown,0
6607,31,entrepreneur,single,unknown,no,-405,yes,yes,cellular,13,aug,703,2,-1,0,unknown,0
6608,31,services,single,tertiary,yes,-405,yes,yes,cellular,13,aug,555,2,-1,0,unknown,0
6609,29,management,single,tertiary,no,3384,no,no,cellular,16,sep,153,1,104,2,unknown,0
6610,31,management,single,tertiary,no,3384,no,no,cellular,16,sep,153,1,104,4,failure,0
6611,23,technician,single,tertiary,no,1129,yes,yes,unknown,28,jan,806,1,-1,0,unknown,0
6612,23,technician,single,tertiary,yes,1129,yes,no,unknown,28,may,329,1,-1,0,unknown,0
6613,39,admin.,married,tertiary,no,70304,yes,no,cellular,11,aug,175,2,116,2,failure,0
6614,39,admin.,married,secondary,no,260,yes,no,cellular,11,aug,170,2,116,8,failure,0
6615,26,technician,divorced,tertiary,no,401,no,no,cellular,5,may,188,2,1,0,unknown,0
6616,26,technician,single,unknown,no,401,no,no,cellular,5,jun,188,2,-1,0,unknown,0
6617,92,management,married,tertiary,no,3342,no,no,cellular,5,feb,344,5,-1,0,unknown,0
6618,58,management,single,tertiary,yes,3342,no,no,cellular,5,feb,344,5,-1,0,unknown,0
6619,75,retired,married,secondary,no,3771,no,no,telephone,15,apr,104,1,181,2,failure,0
6620,75,retired,married,secondary,no,3771,no,no,telephone,31,apr,185,1,181,2,failure,0
6621,30,retired,married,secondary,no,5715,no,no,cellular,26,nov,747,2,-1,0,unknown,0
6622,71,retired,married,secondary,no,5715,no,no,cellular,17,nov,125,2,-1,0,unknown,0
6623,42,unemployed,married,unknown,no,970,no,yes,telephone,21,jul,691,10,-1,0,unknown,0
6624,42,management,married,unknown,no,970,yes,no,telephone,21,jul,691,13,-1,0,unknown,0
6625,48,self-employed,married,tertiary,no,5350,no,yes,cellular,31,jul,612,4,-1,0,unknown,0
6626,51,self-employed,single,tertiary,no,5350,yes,yes,cellular,30,jul,612,4,-1,0,unknown,0
6627,34,blue-collar,single,secondary,no,67003,no,yes,unknown,25,jul,695,1,-1,0,unknown,0
6628,34,blue-collar,single,secondary,no,1759,yes,yes,cellular,25,jul,695,22,-1,0,unknown,0
6629,51,blue-collar,married,secondary,no,4787,yes,no,cellular,7,apr,367,1,-1,12,unknown,0
6630,51,blue-collar,married,secondary,no,4787,yes,no,cellular,7,apr,96,1,-1,0,unknown,0
6631,32,admin.,married,secondary,no,366,no,no,telephone,14,jan,366,2,-1,0,unknown,0
6632,19,admin.,married,secondary,no,55573,no,no,cellular,14,jan,366,2,-1,0,unknown,0
6633,33,management,single,tertiary,no,20799,yes,no,cellular,8,apr,1190,1,141,3,other,0
6634,33,management,married,tertiary,no,57653,yes,no,cellular,8,apr,1190,1,141,3,other,0
6635,28,technician,single,unknown,no,68027,yes,no,cellular,15,oct,96,1,267,1,failure,0
6636,39,technician,single,unknown,no,0,yes,no,cellular,27,oct,96,5,267,1,failure,0
6637,38,admin.,single,secondary,yes,3239,no,no,unknown,5,jun,273,2,-1,0,unknown,0
6638,38,admin.,single,secondary,no,3239,yes,no,unknown,5,jun,817,2,-1,0,unknown,0
6639,62,self-employed,divorced,tertiary,no,6,yes,no,cellular,13,apr,506,1,182,3,unknown,0
6640,62,self-employed,divorced,tertiary,no,6,no,no,cellular,13,apr,103,1,302,3,success,0
6641,25,technician,single,tertiary,no,1231,no,no,cellular,16,sep,271,2,-1,0,unknown,0
6642,25,retired,single,tertiary,no,1231,no,no,cellular,18,aug,271,2,-1,0,unknown,0
6643,49,technician,married,secondary,no,550,yes,no,unknown,5,jun,926,2,-1,0,unknown,1
6644,49,technician,married,secondary,no,550,yes,no,unknown,5,jun,1576,2,-1,5,unknown,1
6645,25,blue-collar,single,secondary,no,0,no,no,cellular,23,mar,163,1,-1,0,unknown,0
6646,25,blue-collar,single,secondary,no,55750,no,no,cellular,23,apr,163,1,-1,3,unknown,0
6647,36,student,single,unknown,no,417,no,no,cellular,10,feb,304,1,181,1,unknown,0
6648,36,student,single,unknown,no,417,no,no,cellular,10,aug,167,1,181,1,unknown,0
6649,34,services,married,secondary,no,1076,no,no,cellular,12,may,152,1,182,8,failure,0
6650,34,services,married,secondary,no,1076,no,no,unknown,12,jan,152,1,182,6,success,0
6651,32,technician,single,tertiary,no,12834,no,no,cellular,30,feb,319,2,-1,0,unknown,0
6652,71,technician,single,secondary,no,4071,no,no,cellular,30,jun,319,2,-1,0,unknown,0
6653,67,housemaid,divorced,tertiary,no,13055,no,no,cellular,13,aug,222,4,-1,0,unknown,0
6654,67,housemaid,married,secondary,no,5275,no,no,cellular,13,aug,222,11,-1,0,unknown,0
6655,30,housemaid,single,tertiary,no,19,no,no,cellular,4,aug,139,1,92,2,unknown,0
6656,30,housemaid,single,tertiary,no,19,no,no,cellular,4,aug,139,2,92,5,failure,0
6657,35,management,divorced,tertiary,no,1750,yes,no,cellular,21,apr,406,3,-1,0,unknown,0
6658,35,management,married,tertiary,no,1750,yes,no,cellular,21,apr,333,23,-1,0,unknown,0
6659,36,technician,married,secondary,no,2511,yes,no,cellular,16,apr,700,5,389,0,unknown,0
6660,36,technician,married,tertiary,no,2511,yes,no,cellular,16,apr,700,5,-1,0,unknown,0
6661,23,management,divorced,tertiary,no,2885,no,yes,cellular,10,feb,314,2,156,4,other,0
6662,34,management,divorced,tertiary,no,2885,no,no,cellular,10,feb,9,11,156,4,other,0
6663,45,blue-collar,divorced,primary,no,-207,no,no,cellular,15,jul,349,2,-1,0,unknown,0
6664,45,entrepreneur,divorced,primary,no,-207,no,no,cellular,15,jul,521,2,-1,0,unknown,0
6665,42,retired,married,secondary,no,994,yes,no,cellular,12,nov,227,3,93,6,failure,0
6666,42,technician,married,secondary,no,994,yes,no,cellular,12,nov,227,3,242,4,success,0
6667,44,technician,single,secondary,no,244,yes,no,cellular,12,aug,697,4,-1,11,unknown,0
6668,44,technician,single,tertiary,no,244,yes,no,cellular,12,aug,170,4,-1,0,unknown,0
6669,58,admin.,married,secondary,no,2160,yes,yes,cellular,5,mar,134,1,-1,0,unknown,0
6670,58,admin.,married,secondary,no,2160,yes,yes,cellular,5,may,196,1,-1,0,unknown,0
6671,29,management,single,secondary,no,983,yes,no,unknown,11,jul,963,2,-1,0,unknown,0
6672,29,management,single,tertiary,no,983,yes,no,cellular,11,jul,159,2,-1,0,unknown,0
6673,42,student,married,unknown,no,970,no,no,telephone,17,nov,725,1,119,10,success,1
6674,42,unemployed,married,secondary,no,970,yes,no,telephone,17,nov,725,1,385,10,success,0
6675,72,retired,married,secondary,no,1129,no,no,cellular,26,aug,1038,8,-1,0,unknown,0
6676,72,retired,married,secondary,no,1129,no,no,cellular,26,aug,186,22,-1,0,failure,0
6677,49,housemaid,married,primary,no,889,no,no,telephone,7,feb,388,1,-1,0,unknown,0
6678,49,blue-collar,married,primary,no,889,no,no,telephone,7,dec,388,1,-1,0,unknown,0
6679,44,services,married,secondary,no,2557,yes,no,cellular,14,apr,250,1,181,8,other,0
6680,44,services,married,primary,no,2557,yes,no,cellular,31,apr,125,1,181,8,success,0
6681,25,blue-collar,single,secondary,no,1857,yes,no,cellular,13,jul,195,2,91,8,failure,0
6682,25,blue-collar,single,secondary,no,1857,yes,no,cellular,13,jul,83,2,91,10,success,0
6683,56,services,married,secondary,no,1082,yes,no,unknown,30,may,854,2,-1,0,unknown,0
6684,40,services,married,primary,no,31380,yes,yes,unknown,30,may,854,2,-1,0,unknown,0
6685,78,retired,married,primary,no,58524,no,no,telephone,1,apr,137,2,-1,0,unknown,0
6686,78,retired,married,unknown,no,8556,no,no,telephone,30,apr,137,2,-1,0,unknown,0
6687,27,technician,married,secondary,no,2183,yes,yes,unknown,21,may,226,1,302,0,unknown,0
6688,27,technician,married,secondary,no,2183,no,yes,unknown,5,may,857,1,-1,0,unknown,0
6689,56,technician,single,tertiary,no,2033,no,no,cellular,3,sep,111,1,99,1,failure,0
6690,44,technician,single,tertiary,no,2033,no,no,cellular,3,jul,444,22,99,1,failure,0
6691,37,blue-collar,married,secondary,no,311,yes,no,cellular,4,jun,1341,1,-1,0,unknown,1
6692,37,blue-collar,married,secondary,no,311,yes,no,cellular,4,jun,1579,1,-1,0,unknown,1
6693,76,retired,married,primary,no,3324,no,no,cellular,13,aug,9,2,192,1,failure,0
6694,76,retired,divorced,primary,no,3324,no,no,cellular,13,aug,227,8,192,1,failure,0
6695,42,services,divorced,secondary,no,774,no,no,unknown,28,jan,997,1,-1,0,unknown,0
6696,42,services,married,secondary,no,774,no,no,unknown,28,jan,997,1,-1,0,unknown,0
6697,36,management,single,unknown,no,62,yes,no,cellular,13,apr,398,22,-1,0,unknown,0
6698,36,management,single,unknown,no,62,no,no,cellular,13,dec,398,2,-1,3,unknown,0
6699,51,blue-collar,married,primary,no,1194,yes,no,unknown,17,may,945,3,-1,0,unknown,1
6700,51,blue-collar,married,primary,no,1194,yes,no,unknown,16,may,1735,3,-1,0,unknown,1
6701,38,technician,married,secondary,no,0,yes,no,cellular,29,apr,114,1,-1,0,unknown,0
6702,38,technician,married,secondary,no,0,yes,yes,cellular,22,apr,315,1,86,0,unknown,0
6703,37,management,married,tertiary,no,45785,no,no,cellular,21,oct,759,1,90,5,unknown,0
6704,37,management,married,tertiary,no,203,no,no,cellular,21,oct,759,1,90,22,unknown,0
6705,38,services,single,secondary,no,2253,yes,no,unknown,13,may,937,3,352,0,unknown,0
6706,38,services,single,secondary,no,2253,yes,no,unknown,21,may,937,3,-1,0,unknown,0
6707,87,retired,divorced,primary,no,6746,no,no,cellular,21,oct,28,1,-1,0,unknown,0
6708,87,retired,divorced,primary,no,6746,no,no,telephone,21,jan,229,1,-1,0,unknown,0
6709,26,housemaid,single,secondary,no,494,no,no,cellular,2,mar,237,1,-1,0,unknown,1
6710,26,blue-collar,single,secondary,no,494,no,no,cellular,2,feb,237,1,204,0,success,0
6711,28,management,single,tertiary,no,730,yes,no,cellular,8,oct,631,1,-1,0,unknown,0
6712,28,management,married,tertiary,no,730,yes,no,cellular,3,feb,631,1,-1,0,unknown,0
6713,81,retired,married,primary,no,243,no,no,cellular,7,oct,911,1,-1,0,unknown,0
6714,81,retired,married,primary,no,243,yes,no,cellular,27,oct,1330,1,-1,0,unknown,0
6715,32,technician,single,tertiary,no,4665,yes,yes,unknown,21,may,860,2,474,0,unknown,0
6716,32,technician,single,tertiary,no,48620,yes,no,telephone,21,may,860,2,-1,0,unknown,0
6717,25,unknown,single,unknown,no,3,no,no,cellular,19,may,170,1,-1,0,unknown,0
6718,77,student,single,unknown,no,3,no,no,cellular,26,may,170,1,-1,0,unknown,0
6719,29,admin.,single,secondary,no,35087,yes,no,cellular,18,may,207,4,-1,0,unknown,0
6720,29,admin.,single,secondary,no,306,yes,no,cellular,18,may,25,4,252,0,unknown,0
6721,32,self-employed,single,tertiary,no,658,yes,no,cellular,27,mar,71,1,365,0,unknown,0
6722,32,self-employed,single,tertiary,no,658,yes,no,cellular,27,jan,283,11,-1,0,unknown,0
6723,37,technician,married,tertiary,no,4439,yes,no,cellular,31,jul,856,29,-1,0,unknown,1
6724,37,technician,married,tertiary,no,4439,yes,no,cellular,31,jul,1389,29,-1,13,unknown,1
6725,55,technician,divorced,tertiary,no,17054,no,no,cellular,18,aug,237,1,-1,0,unknown,0
6726,55,technician,divorced,tertiary,no,0,no,no,cellular,18,aug,474,1,-1,0,unknown,0
6727,29,services,single,secondary,no,1135,yes,yes,cellular,17,feb,323,1,-1,0,unknown,0
6728,29,services,married,secondary,no,1135,no,no,cellular,17,feb,323,1,-1,1,unknown,0
6729,28,technician,married,tertiary,no,2489,yes,no,telephone,27,feb,342,15,-1,0,unknown,0
6730,28,technician,single,tertiary,no,14094,no,no,telephone,27,feb,342,2,-1,0,unknown,0
6731,28,student,single,unknown,no,69,no,no,cellular,30,jan,532,11,-1,0,unknown,0
6732,28,student,single,secondary,no,70681,no,no,cellular,30,jan,532,2,-1,0,unknown,0
6733,30,unemployed,single,tertiary,no,1159,yes,no,telephone,21,jun,366,1,-1,0,unknown,0
6734,30,unemployed,single,tertiary,no,1159,no,no,telephone,2,jun,366,13,-1,0,unknown,0
6735,92,management,single,tertiary,no,222,no,no,cellular,5,apr,192,1,334,1,failure,0
6736,26,management,single,tertiary,no,21425,no,no,cellular,26,apr,192,6,334,1,failure,0
6737,31,unemployed,married,secondary,yes,314,yes,no,cellular,20,nov,103,3,178,7,failure,0
6738,31,unemployed,married,secondary,no,314,yes,no,cellular,20,nov,146,3,178,7,failure,0
6739,83,management,married,unknown,no,66,no,no,cellular,13,aug,737,4,-1,0,unknown,0
6740,40,management,married,tertiary,no,66,yes,no,cellular,13,aug,381,4,-1,0,unknown,0
6741,38,technician,married,secondary,no,1478,no,no,cellular,18,aug,291,4,-1,0,unknown,0
6742,38,technician,married,secondary,no,1478,no,no,cellular,12,aug,386,4,-1,0,unknown,0
6743,55,admin.,married,secondary,no,8304,no,no,cellular,18,nov,201,1,-1,0,unknown,0
6744,55,admin.,married,primary,no,8304,no,no,cellular,1,mar,201,1,-1,0,unknown,0
6745,74,retired,married,secondary,no,935,no,no,cellular,25,nov,400,1,173,3,other,0
6746,74,retired,married,secondary,no,935,no,no,cellular,14,oct,400,1,173,3,unknown,0
6747,33,entrepreneur,divorced,tertiary,no,37,no,yes,cellular,31,jul,341,1,-1,0,unknown,0
6748,33,entrepreneur,divorced,tertiary,no,37,no,yes,unknown,8,jun,1082,1,-1,0,unknown,0
6749,53,blue-collar,married,secondary,no,70934,yes,no,cellular,17,apr,574,1,150,1,failure,0
6750,32,blue-collar,married,secondary,no,225,yes,no,cellular,17,oct,574,2,150,1,failure,0
6751,28,entrepreneur,single,secondary,no,61588,no,no,cellular,1,feb,563,5,-1,0,unknown,0
6752,33,entrepreneur,single,unknown,no,70366,no,no,cellular,1,feb,563,5,-1,0,unknown,0
6753,31,technician,divorced,tertiary,no,30524,no,no,cellular,27,aug,581,6,-1,0,unknown,0
6754,31,technician,divorced,tertiary,no,0,no,no,cellular,27,aug,106,6,-1,0,unknown,0
6755,29,blue-collar,single,tertiary,no,2,yes,yes,cellular,21,apr,100,5,-1,0,unknown,0
6756,29,blue-collar,single,secondary,no,2,yes,yes,cellular,21,aug,379,5,-1,6,unknown,0
6757,35,blue-collar,married,secondary,no,41862,no,yes,cellular,15,sep,331,1,75,6,failure,0
6758,35,blue-collar,married,secondary,no,262,no,no,unknown,15,sep,331,1,273,6,failure,0
6759,32,management,divorced,tertiary,no,883,yes,no,cellular,10,dec,74,1,185,5,other,0
6760,32,management,divorced,tertiary,no,883,no,no,cellular,10,nov,798,1,185,5,other,0
6761,31,blue-collar,single,tertiary,no,761,no,no,telephone,18,nov,945,2,-1,0,unknown,0
6762,31,blue-collar,single,tertiary,no,761,no,no,cellular,18,nov,514,2,-1,0,unknown,0
6763,28,housemaid,single,secondary,no,-46,yes,no,cellular,1,sep,199,1,92,14,failure,0
6764,28,blue-collar,single,secondary,no,-46,yes,no,cellular,1,sep,199,1,96,14,unknown,0
6765,39,technician,single,secondary,no,1022,yes,no,unknown,20,may,304,2,-1,0,unknown,0
6766,68,technician,married,secondary,no,1022,yes,no,unknown,20,may,1410,2,-1,0,unknown,0
6767,25,blue-collar,single,tertiary,no,509,no,no,cellular,5,sep,418,1,-1,0,unknown,0
6768,25,blue-collar,single,secondary,no,509,yes,no,cellular,5,jul,418,1,-1,0,unknown,0
6769,42,management,married,primary,no,5310,yes,no,cellular,25,nov,314,2,97,4,unknown,0
6770,42,management,married,primary,no,5310,no,no,cellular,25,nov,968,2,97,4,failure,0
6771,37,admin.,divorced,tertiary,no,43256,no,no,cellular,2,jun,238,1,181,2,failure,0
6772,37,admin.,divorced,tertiary,no,4708,no,no,cellular,2,jun,64,1,181,2,success,0
6773,32,technician,divorced,tertiary,no,705,yes,no,cellular,25,may,414,2,35,4,unknown,0
6774,32,technician,single,tertiary,no,705,yes,no,cellular,25,may,74,2,35,4,success,0
6775,46,technician,married,tertiary,no,3,yes,yes,unknown,12,may,614,3,-1,0,unknown,0
6776,46,technician,married,secondary,no,3,yes,yes,unknown,12,may,614,3,-1,4,unknown,0
6777,34,management,single,secondary,no,1891,yes,no,cellular,9,may,1143,5,-1,0,unknown,1
6778,34,management,single,tertiary,no,1891,yes,no,cellular,9,may,822,5,-1,0,unknown,1
6779,33,self-employed,married,tertiary,no,-355,yes,no,cellular,23,may,911,2,-1,4,unknown,1
6780,33,retired,married,tertiary,no,48456,yes,no,unknown,23,may,911,2,-1,0,unknown,1
6781,29,self-employed,single,tertiary,no,655,no,no,cellular,23,mar,63,1,-1,0,unknown,0
6782,53,self-employed,single,tertiary,no,655,no,no,cellular,23,jul,273,1,-1,0,unknown,0
6783,58,management,divorced,tertiary,no,5701,yes,no,unknown,2,feb,521,1,-1,0,unknown,0
6784,58,management,divorced,secondary,no,5701,no,yes,cellular,2,feb,521,1,-1,0,unknown,0
6785,39,self-employed,married,tertiary,no,-3058,yes,yes,cellular,17,apr,656,3,-1,0,unknown,0
6786,39,self-employed,married,tertiary,no,69362,yes,yes,cellular,17,apr,882,3,-1,0,unknown,0
6787,41,management,married,primary,no,5310,yes,no,cellular,17,nov,651,1,-1,0,unknown,0
6788,41,management,married,primary,no,11512,yes,no,cellular,17,nov,984,11,-1,0,unknown,0
6789,57,technician,married,secondary,no,629,no,no,unknown,14,may,1447,2,-1,0,unknown,0
6790,57,technician,married,secondary,no,629,yes,no,unknown,14,may,1541,2,-1,0,success,1
6791,36,management,single,tertiary,no,7606,yes,no,unknown,30,may,176,1,-1,0,unknown,0
6792,36,management,single,tertiary,no,7606,yes,no,unknown,30,may,429,1,-1,0,unknown,0
6793,32,management,single,tertiary,no,20,no,no,cellular,14,aug,63,2,-1,0,success,0
6794,32,management,single,tertiary,no,20,no,no,cellular,14,aug,426,2,-1,12,unknown,0
6795,39,management,married,tertiary,no,481,no,no,unknown,7,dec,929,5,189,12,other,0
6796,39,management,married,tertiary,no,481,no,no,cellular,7,mar,929,5,189,1,failure,0
6797,39,admin.,divorced,secondary,no,19,yes,no,cellular,2,jul,313,2,147,5,unknown,0
6798,39,admin.,divorced,secondary,no,19,yes,no,cellular,2,jul,30,2,100,5,success,0
6799,32,blue-collar,married,primary,no,827,yes,no,unknown,23,may,1334,15,-1,0,unknown,1
6800,32,blue-collar,married,primary,no,64613,yes,no,unknown,23,may,1349,2,-1,0,unknown,1
6801,25,technician,married,secondary,no,505,no,yes,cellular,17,nov,386,2,-1,0,unknown,0
6802,25,technician,single,secondary,no,505,no,no,cellular,23,nov,386,2,-1,0,unknown,0
6803,38,technician,divorced,tertiary,no,126,no,yes,telephone,4,jun,166,2,-1,0,unknown,0
6804,74,technician,divorced,tertiary,no,36856,no,no,telephone,4,jun,166,2,-1,0,unknown,0
6805,41,services,married,tertiary,no,0,yes,no,telephone,29,may,395,3,426,1,other,0
6806,41,self-employed,married,tertiary,no,0,no,no,telephone,29,apr,395,3,252,1,other,0
6807,49,management,single,tertiary,no,0,no,no,cellular,27,aug,806,6,-1,0,unknown,1
6808,49,management,married,tertiary,no,0,no,no,cellular,27,mar,1015,6,-1,0,unknown,1
6809,52,technician,single,tertiary,no,3469,yes,no,cellular,20,nov,653,1,-1,0,unknown,0
6810,52,entrepreneur,single,tertiary,no,3469,yes,yes,cellular,20,nov,224,1,-1,0,unknown,0
6811,47,blue-collar,married,secondary,no,1230,yes,no,telephone,12,nov,378,25,-1,0,unknown,0
6812,47,blue-collar,married,secondary,no,1230,yes,no,telephone,30,nov,378,1,-1,0,other,0
6813,31,management,single,tertiary,no,3283,yes,no,cellular,2,nov,258,1,73,1,failure,0
6814,72,management,single,tertiary,no,14275,no,no,cellular,2,feb,258,1,73,1,failure,0
6815,43,housemaid,single,primary,no,800,yes,no,unknown,13,may,902,1,-1,8,unknown,0
6816,43,housemaid,single,primary,no,800,yes,no,cellular,13,may,212,1,-1,0,unknown,0
6817,19,self-employed,single,unknown,no,779,no,no,cellular,1,feb,184,4,-1,0,unknown,0
6818,19,student,married,unknown,no,779,no,no,cellular,1,apr,184,4,-1,0,other,0
6819,55,services,married,tertiary,no,2944,no,no,cellular,27,aug,672,6,457,0,unknown,0
6820,55,services,married,unknown,no,2944,no,no,unknown,27,aug,672,6,-1,3,unknown,0
6821,33,management,divorced,tertiary,no,2885,no,no,telephone,5,aug,340,2,-1,0,unknown,0
6822,84,management,divorced,tertiary,no,2885,no,no,cellular,5,aug,1051,2,-1,0,unknown,0
6823,38,admin.,single,tertiary,no,4297,yes,no,cellular,7,aug,206,2,-1,0,unknown,0
6824,38,admin.,married,tertiary,no,4297,no,no,telephone,7,aug,206,2,-1,10,unknown,0
6825,45,services,married,secondary,no,-406,yes,yes,cellular,21,jul,988,2,-1,0,unknown,1
6826,45,services,married,secondary,no,-406,yes,yes,cellular,21,jul,718,2,-1,0,success,1
6827,44,management,married,primary,no,2383,no,no,cellular,17,jul,571,2,-1,0,unknown,0
6828,44,management,single,tertiary,no,2383,no,no,cellular,1,jul,571,29,-1,0,unknown,0
6829,28,management,single,tertiary,no,6784,no,yes,telephone,1,oct,502,1,115,3,other,0
6830,28,management,single,tertiary,no,6784,yes,no,unknown,1,oct,502,1,115,3,other,0
6831,40,management,single,tertiary,no,27,no,no,cellular,27,aug,1973,13,-1,0,unknown,1
6832,40,management,single,tertiary,no,27,no,no,cellular,27,aug,751,6,-1,0,unknown,1
6833,54,technician,married,secondary,no,10185,no,no,cellular,10,aug,108,1,70,2,success,0
6834,54,technician,married,secondary,no,10185,yes,no,cellular,10,aug,559,1,70,2,other,0
6835,27,management,single,tertiary,no,831,no,no,cellular,30,feb,336,2,-1,0,unknown,0
6836,65,management,single,tertiary,no,831,no,no,cellular,30,nov,1081,2,-1,0,unknown,0
6837,41,technician,single,secondary,no,5329,no,no,cellular,14,jul,621,2,-1,0,unknown,0
6838,41,housemaid,single,secondary,yes,5329,no,no,cellular,14,jul,397,2,-1,0,unknown,0
6839,36,technician,married,primary,no,92,yes,no,cellular,5,jun,244,7,-1,0,failure,0
6840,36,services,married,primary,no,41924,yes,no,telephone,5,jun,244,7,-1,0,unknown,0
6841,36,services,single,unknown,no,313,yes,no,unknown,15,may,920,2,-1,0,unknown,0
6842,60,services,married,primary,no,313,no,no,unknown,15,may,920,2,-1,0,unknown,0
6843,30,technician,single,unknown,no,-1432,yes,no,cellular,9,apr,743,1,-1,0,unknown,0
6844,55,technician,single,secondary,no,3286,yes,no,cellular,9,apr,743,1,310,0,unknown,0
6845,28,admin.,single,unknown,no,157,no,no,cellular,4,may,155,3,-1,0,unknown,0
6846,28,admin.,single,secondary,no,157,no,no,cellular,27,may,155,3,648,0,other,0
6847,46,blue-collar,married,unknown,no,842,yes,no,unknown,8,may,833,10,-1,0,unknown,0
6848,46,management,married,secondary,no,842,yes,no,telephone,8,may,833,1,-1,0,unknown,0
6849,34,management,married,unknown,no,2149,yes,no,cellular,26,may,135,2,90,11,success,0
6850,23,management,married,unknown,no,2149,yes,no,cellular,26,may,135,2,90,11,failure,0
6851,33,student,single,primary,no,611,no,no,telephone,16,sep,390,2,-1,0,failure,0
6852,33,blue-collar,single,primary,no,611,no,no,telephone,16,jun,390,2,-1,0,failure,0
6853,28,admin.,single,secondary,no,20644,yes,yes,cellular,9,sep,94,2,98,4,success,0
6854,28,admin.,single,secondary,no,261,yes,yes,cellular,9,sep,114,8,98,4,success,0
6855,30,admin.,married,unknown,no,8781,no,no,cellular,18,nov,898,1,-1,0,unknown,0
6856,47,admin.,married,secondary,no,8781,no,no,cellular,18,nov,898,1,-1,0,unknown,0
6857,26,blue-collar,married,unknown,no,1181,yes,no,cellular,4,feb,718,2,189,2,other,0
6858,40,blue-collar,married,secondary,no,1181,yes,no,cellular,4,feb,718,2,189,2,other,0
6859,72,retired,married,tertiary,no,55208,no,no,cellular,7,aug,147,2,-1,0,unknown,0
6860,72,retired,divorced,tertiary,no,2,no,no,cellular,15,aug,147,2,-1,0,unknown,0
6861,26,technician,single,secondary,no,42314,no,no,cellular,16,jul,586,3,-1,0,unknown,0
6862,26,technician,single,secondary,no,354,no,no,cellular,16,jul,268,1,-1,0,unknown,0
6863,54,technician,divorced,secondary,no,0,no,no,telephone,5,feb,376,3,-1,0,unknown,0
6864,54,technician,married,secondary,no,12592,no,no,telephone,5,feb,744,3,-1,0,failure,0
6865,45,services,single,tertiary,no,94,yes,no,cellular,11,oct,176,2,90,4,failure,0
6866,42,entrepreneur,single,tertiary,no,94,yes,no,cellular,11,aug,176,2,90,13,failure,0
6867,55,management,married,primary,no,2587,no,no,cellular,4,oct,328,2,94,2,other,0
6868,55,management,married,primary,no,2587,yes,no,cellular,4,sep,328,2,94,2,other,0
6869,36,technician,married,tertiary,no,1354,no,no,cellular,7,sep,281,3,97,0,other,0
6870,36,technician,married,tertiary,no,1354,no,yes,cellular,7,sep,281,3,97,2,other,0
6871,24,services,single,secondary,yes,-122,yes,no,unknown,6,may,1000,13,-1,0,unknown,0
6872,24,services,single,unknown,yes,-122,yes,no,unknown,13,may,1000,13,-1,0,unknown,0
6873,35,management,single,tertiary,no,2707,no,no,cellular,5,feb,547,1,-1,0,unknown,0
6874,35,management,single,tertiary,no,31936,no,no,cellular,5,oct,699,1,-1,0,unknown,0
6875,29,admin.,single,secondary,no,55401,yes,no,cellular,17,nov,414,1,184,1,failure,0
6876,90,admin.,single,secondary,no,265,yes,no,cellular,25,nov,414,1,163,1,failure,0
6877,32,blue-collar,married,primary,no,2114,yes,no,telephone,17,apr,2093,1,-1,0,unknown,0
6878,32,blue-collar,married,primary,no,2114,yes,no,telephone,17,apr,1391,1,-1,6,unknown,0
6879,35,admin.,single,unknown,no,-32,no,yes,cellular,9,feb,63,6,182,5,failure,0
6880,35,student,single,secondary,no,-32,yes,yes,cellular,9,feb,63,4,182,5,failure,0
6881,64,blue-collar,married,secondary,no,246,yes,no,unknown,16,may,1143,29,-1,0,unknown,0
6882,26,blue-collar,married,secondary,no,246,yes,no,unknown,16,may,470,3,-1,0,unknown,0
6883,38,management,single,tertiary,no,3141,yes,no,cellular,16,nov,347,4,189,2,success,0
6884,38,management,single,tertiary,no,3141,no,no,cellular,9,nov,347,4,189,5,other,0
6885,52,admin.,single,secondary,no,726,yes,no,unknown,14,may,699,1,378,9,failure,0
6886,52,admin.,single,secondary,no,726,yes,no,cellular,24,may,699,11,213,9,failure,0
6887,35,housemaid,married,primary,no,3285,no,no,cellular,21,nov,764,2,-1,0,unknown,0
6888,35,unemployed,married,unknown,no,3285,no,no,cellular,21,nov,271,2,-1,0,unknown,0
6889,34,blue-collar,married,secondary,no,320,yes,no,cellular,12,nov,454,1,92,3,unknown,0
6890,34,blue-collar,married,tertiary,no,320,yes,no,cellular,12,nov,413,1,92,3,other,0
6891,57,housemaid,married,tertiary,yes,2326,no,no,cellular,17,apr,378,12,-1,0,unknown,0
6892,57,housemaid,married,secondary,no,2326,yes,no,cellular,17,apr,378,1,-1,0,unknown,0
6893,34,self-employed,married,tertiary,no,263,no,no,cellular,4,may,1030,1,78,8,unknown,1
6894,35,self-employed,married,tertiary,no,263,no,no,cellular,4,may,203,1,78,8,success,1
6895,19,admin.,single,tertiary,no,146,no,no,cellular,23,jul,351,3,-1,0,unknown,0
6896,33,admin.,single,tertiary,no,44430,no,no,cellular,23,jul,351,20,-1,0,unknown,0
6897,57,technician,single,tertiary,no,470,yes,no,cellular,25,jul,743,1,-1,0,unknown,0
6898,35,technician,single,tertiary,no,470,yes,no,cellular,11,oct,743,13,-1,0,unknown,0
6899,28,management,single,secondary,no,1808,no,no,cellular,30,apr,309,22,-1,0,unknown,0
6900,28,management,single,tertiary,no,1808,no,no,cellular,30,apr,309,20,-1,0,unknown,0
6901,61,services,divorced,primary,no,3624,no,no,cellular,25,nov,342,8,-1,0,unknown,0
6902,61,retired,divorced,primary,no,3624,yes,no,cellular,25,nov,25,1,-1,0,unknown,0
6903,31,unemployed,divorced,secondary,no,756,no,no,cellular,20,jul,355,2,-1,11,unknown,0
6904,31,unemployed,divorced,tertiary,yes,756,no,no,cellular,28,jul,355,2,-1,0,unknown,0
6905,35,admin.,divorced,secondary,no,1224,yes,no,cellular,3,nov,187,22,-1,0,unknown,0
6906,35,unemployed,divorced,secondary,no,1224,yes,no,cellular,14,nov,187,1,-1,0,unknown,0
6907,74,management,single,tertiary,no,64063,no,no,cellular,3,jun,617,2,-1,0,unknown,0
6908,25,management,single,tertiary,no,76394,no,no,cellular,3,jul,617,2,-1,0,unknown,0
6909,25,technician,single,secondary,no,4859,no,no,cellular,12,jan,39,1,-1,0,unknown,0
6910,38,technician,single,secondary,no,4859,no,no,cellular,12,jan,227,1,-1,0,unknown,0
6911,49,management,married,tertiary,no,2881,no,no,cellular,14,mar,120,3,-1,0,failure,0
6912,49,management,married,secondary,no,2881,no,no,cellular,2,mar,120,15,-1,0,unknown,0
6913,65,retired,married,tertiary,no,1973,yes,no,telephone,21,apr,396,3,-1,11,unknown,0
6914,65,unknown,married,tertiary,no,1973,no,no,telephone,21,apr,396,3,-1,0,failure,0
6915,32,blue-collar,single,unknown,no,700,no,yes,unknown,13,nov,90,1,-1,0,unknown,0
6916,32,blue-collar,married,tertiary,no,700,no,no,unknown,13,nov,90,6,-1,0,unknown,0
6917,49,student,married,primary,no,3371,no,no,cellular,11,nov,389,2,-1,0,unknown,0
6918,49,management,divorced,primary,no,15619,no,no,cellular,11,nov,269,2,-1,0,unknown,0
6919,35,housemaid,divorced,primary,yes,1792,yes,no,cellular,31,jul,630,6,-1,0,unknown,0
6920,35,blue-collar,divorced,primary,no,1792,yes,no,cellular,29,jan,630,6,-1,0,unknown,0
6921,57,management,married,unknown,no,1318,no,no,cellular,16,oct,115,1,130,2,failure,0
6922,57,management,married,tertiary,no,1318,no,yes,cellular,16,oct,115,1,185,2,failure,0
6923,29,technician,single,secondary,no,16190,no,no,unknown,17,apr,170,5,-1,0,unknown,0
6924,29,technician,single,secondary,no,674,no,no,cellular,25,apr,170,5,-1,0,other,0
6925,33,admin.,single,secondary,no,315,yes,yes,cellular,14,may,205,3,-1,0,unknown,0
6926,33,admin.,single,secondary,no,315,yes,yes,telephone,14,jul,888,3,-1,0,unknown,0
6927,49,services,married,primary,no,1830,yes,no,cellular,13,aug,394,1,179,1,unknown,0
6928,49,services,married,primary,no,1830,yes,no,cellular,13,aug,661,1,179,1,failure,0
6929,48,blue-collar,married,secondary,no,1405,yes,no,unknown,1,may,409,2,-1,0,unknown,0
6930,48,blue-collar,married,secondary,no,1405,yes,no,cellular,6,may,629,2,-1,0,unknown,0
6931,38,technician,married,unknown,no,10596,no,no,cellular,19,aug,195,7,197,4,other,0
6932,38,technician,married,secondary,no,10596,no,no,cellular,19,jan,195,1,197,1,other,0
6933,92,retired,married,unknown,no,775,no,no,cellular,26,oct,164,20,96,3,success,0
6934,26,retired,married,unknown,no,775,no,no,cellular,26,jan,164,4,96,3,unknown,0
6935,49,admin.,divorced,secondary,yes,168,yes,yes,unknown,8,may,513,1,-1,0,failure,0
6936,49,admin.,single,secondary,no,168,yes,yes,unknown,8,may,513,1,-1,0,unknown,0
6937,60,blue-collar,married,primary,no,493,no,no,cellular,18,aug,201,4,-1,0,unknown,0
6938,60,blue-collar,married,primary,no,493,no,no,cellular,18,aug,504,4,-1,0,unknown,0
6939,39,self-employed,married,tertiary,no,494,no,no,unknown,10,mar,106,2,478,3,failure,0
6940,39,management,married,tertiary,no,494,no,no,cellular,17,jul,106,2,478,3,failure,0
6941,39,management,married,tertiary,no,285,no,no,cellular,15,jul,672,3,-1,0,unknown,0
6942,39,management,married,tertiary,no,14835,yes,no,cellular,15,jul,355,3,-1,0,unknown,0
6943,39,management,married,tertiary,no,119,no,no,cellular,1,sep,98,2,476,4,success,0
6944,39,management,married,tertiary,no,119,yes,no,cellular,1,feb,265,2,476,4,unknown,0
6945,31,technician,single,secondary,no,846,no,no,cellular,26,may,405,4,87,2,failure,0
6946,31,technician,single,secondary,no,846,no,no,cellular,26,may,103,3,205,2,failure,0
6947,27,blue-collar,single,secondary,no,36051,no,no,telephone,22,apr,279,2,-1,0,unknown,0
6948,27,blue-collar,single,secondary,no,3792,no,no,cellular,22,sep,279,2,-1,0,unknown,0
6949,78,blue-collar,single,secondary,no,9883,no,yes,cellular,8,jul,210,5,-1,0,unknown,0
6950,60,blue-collar,single,unknown,no,9883,no,no,cellular,8,jul,210,5,-1,0,unknown,0
6951,34,admin.,married,tertiary,no,79,yes,no,telephone,5,aug,203,1,92,5,other,0
6952,34,admin.,single,tertiary,no,79,yes,no,cellular,5,aug,40,1,92,5,success,0
6953,27,services,single,secondary,no,1347,no,no,telephone,28,feb,158,1,193,11,success,0
6954,27,services,single,secondary,no,1347,no,no,telephone,28,dec,86,1,193,11,success,0
6955,36,services,married,tertiary,no,0,yes,no,unknown,2,jun,1036,1,-1,2,unknown,0
6956,36,services,married,primary,no,0,no,no,unknown,2,jun,369,1,-1,0,unknown,0
6957,52,blue-collar,married,secondary,no,2087,yes,no,cellular,31,aug,267,1,99,1,failure,0
6958,52,blue-collar,married,secondary,no,2087,yes,no,telephone,31,aug,267,1,304,1,failure,0
6959,32,technician,divorced,tertiary,no,3255,no,no,telephone,29,jun,167,2,-1,0,other,0
6960,32,technician,divorced,tertiary,no,11516,no,no,telephone,29,jun,167,2,-1,0,unknown,0
6961,29,technician,married,tertiary,no,2489,yes,no,cellular,3,mar,97,1,86,5,failure,0
6962,29,technician,single,tertiary,no,2489,yes,no,cellular,8,feb,355,1,86,5,failure,0
6963,43,services,married,secondary,no,-236,yes,yes,cellular,28,jul,592,7,-1,0,unknown,0
6964,43,retired,married,secondary,no,-236,yes,no,cellular,28,may,745,7,-1,0,unknown,0
6965,84,management,married,tertiary,no,3754,no,no,cellular,22,apr,307,1,87,2,failure,0
6966,53,management,married,secondary,no,3754,no,no,cellular,22,apr,307,5,278,2,failure,0
6967,28,admin.,married,secondary,no,1595,no,no,cellular,9,jan,268,1,254,4,unknown,0
6968,28,admin.,married,secondary,no,1595,no,no,cellular,9,sep,81,1,254,4,success,0
6969,35,blue-collar,married,secondary,no,1693,yes,no,cellular,10,feb,515,1,-1,0,unknown,0
6970,35,blue-collar,single,secondary,no,1693,yes,no,telephone,10,feb,515,1,-1,0,unknown,0
6971,64,management,married,tertiary,no,9326,no,no,cellular,7,aug,345,2,-1,0,unknown,0
6972,67,management,married,tertiary,no,405,no,no,unknown,7,aug,345,2,-1,2,unknown,0
6973,66,retired,married,primary,no,78182,no,yes,cellular,9,feb,479,1,-1,0,unknown,0
6974,66,retired,married,primary,no,206,no,no,unknown,9,feb,479,4,-1,0,unknown,0
6975,62,housemaid,married,tertiary,no,27323,no,no,cellular,14,apr,418,1,-1,0,unknown,0
6976,62,housemaid,married,tertiary,no,1528,yes,no,cellular,3,apr,496,1,-1,0,unknown,0
6977,48,admin.,married,secondary,no,368,no,no,cellular,8,oct,363,2,457,7,failure,0
6978,48,admin.,married,secondary,no,368,no,no,cellular,8,oct,91,2,140,7,success,0
6979,26,admin.,single,secondary,no,255,no,no,cellular,30,apr,128,1,80,1,success,0
6980,26,admin.,single,secondary,no,255,yes,no,cellular,30,apr,457,1,80,1,unknown,0
6981,28,blue-collar,divorced,secondary,no,-46,yes,no,telephone,2,mar,525,1,89,11,failure,0
6982,28,blue-collar,single,secondary,no,-46,yes,no,cellular,2,mar,74,1,89,11,failure,0
6983,33,services,married,secondary,yes,207,yes,no,cellular,14,may,372,4,-1,0,unknown,0
6984,33,services,married,secondary,no,207,yes,no,unknown,14,jan,629,4,-1,0,unknown,0
6985,40,unemployed,single,tertiary,no,36208,no,no,cellular,3,sep,40,1,93,1,success,0
6986,40,unemployed,single,tertiary,no,7968,no,yes,cellular,3,sep,733,1,93,1,failure,0
6987,58,unemployed,single,secondary,no,1013,yes,no,cellular,30,jul,1250,5,-1,0,unknown,1
6988,58,unemployed,single,secondary,no,1013,yes,no,cellular,30,sep,341,5,-1,14,unknown,1
6989,64,retired,married,secondary,no,55766,no,no,telephone,15,jun,208,1,-1,0,unknown,0
6990,64,housemaid,single,secondary,no,3189,no,no,telephone,15,jun,208,1,-1,0,unknown,0
6991,56,blue-collar,divorced,primary,no,-9,no,yes,cellular,8,may,728,1,298,0,unknown,0
6992,56,services,divorced,primary,no,-9,yes,yes,cellular,8,may,728,1,-1,0,other,0
6993,59,technician,married,secondary,no,57033,yes,yes,cellular,23,apr,416,4,-1,0,unknown,0
6994,59,technician,married,primary,no,135,no,yes,cellular,23,jul,416,4,-1,0,unknown,0
6995,44,housemaid,married,primary,no,-156,no,yes,cellular,30,mar,1211,2,-1,6,unknown,0
6996,44,housemaid,married,primary,no,53551,no,yes,cellular,30,jul,1211,12,-1,0,unknown,0
6997,28,blue-collar,single,secondary,no,13660,yes,no,cellular,6,aug,221,2,-1,0,unknown,0
6998,28,blue-collar,single,secondary,no,1348,yes,no,unknown,6,aug,221,22,-1,0,unknown,0
6999,25,blue-collar,married,primary,no,52,yes,no,cellular,24,jun,528,2,-1,0,unknown,0
7000,25,blue-collar,single,primary,no,63216,yes,no,unknown,24,jun,528,7,-1,0,unknown,0
7001,35,management,single,tertiary,no,331,no,no,cellular,14,aug,541,2,-1,0,unknown,0
7002,73,management,single,tertiary,no,331,no,no,cellular,14,aug,857,2,-1,0,unknown,0
7003,30,technician,single,secondary,no,-522,yes,yes,unknown,5,may,670,2,286,9,failure,0
7004,30,technician,single,secondary,no,-522,yes,yes,cellular,23,may,339,2,286,6,failure,0
7005,42,retired,single,secondary,no,684,no,no,telephone,4,jun,207,1,-1,0,unknown,0
7006,42,admin.,single,secondary,no,41000,yes,no,cellular,4,jun,207,1,-1,0,unknown,0
7007,45,entrepreneur,married,tertiary,no,20138,no,no,cellular,20,nov,871,5,80,0,unknown,0
7008,45,entrepreneur,married,tertiary,no,20138,yes,no,cellular,6,nov,150,5,-1,0,unknown,0
7009,73,management,single,tertiary,no,1585,no,no,cellular,25,may,915,2,-1,0,unknown,0
7010,87,management,single,tertiary,no,957,no,yes,cellular,25,may,915,2,-1,0,unknown,0
7011,52,services,single,secondary,no,992,yes,no,cellular,27,oct,424,1,230,1,failure,0
7012,52,services,married,secondary,no,992,yes,no,cellular,27,oct,424,1,252,1,other,0
7013,36,admin.,married,tertiary,yes,3221,no,yes,cellular,4,may,322,11,-1,0,unknown,0
7014,36,admin.,married,secondary,no,28705,no,no,cellular,4,may,322,11,-1,0,unknown,0
7015,58,blue-collar,married,unknown,no,167,yes,yes,cellular,12,may,612,1,-1,0,unknown,0
7016,39,student,married,secondary,no,167,yes,yes,cellular,12,may,89,1,-1,0,unknown,0
7017,39,housemaid,single,tertiary,no,0,yes,no,cellular,18,feb,224,3,-1,0,unknown,0
7018,39,management,single,tertiary,yes,0,no,no,cellular,18,feb,224,3,-1,0,unknown,0
7019,38,unknown,single,tertiary,no,0,no,no,unknown,11,sep,174,3,95,3,success,0
7020,38,unknown,single,tertiary,no,0,no,no,cellular,11,jun,260,3,95,3,other,0
7021,42,unemployed,married,secondary,no,1289,no,no,cellular,15,jul,119,4,415,2,failure,0
7022,42,unemployed,married,secondary,no,1289,no,yes,cellular,10,jul,250,4,415,2,failure,0
7023,64,retired,divorced,primary,no,109,no,no,cellular,23,jun,706,1,105,2,failure,0
7024,64,retired,divorced,primary,no,109,no,no,cellular,23,jun,97,1,225,2,success,0
7025,59,management,married,tertiary,no,454,no,yes,cellular,18,mar,467,2,188,6,other,0
7026,59,management,married,tertiary,no,3342,no,yes,cellular,18,nov,467,2,188,6,other,0
7027,43,blue-collar,single,tertiary,no,1344,yes,no,cellular,14,jul,1776,2,-1,0,unknown,1
7028,43,blue-collar,single,tertiary,no,1344,no,no,cellular,14,jul,1319,2,-1,0,unknown,1
7029,34,management,single,primary,no,5,no,no,cellular,18,oct,370,2,-1,0,unknown,0
7030,34,management,single,tertiary,no,74864,no,no,cellular,18,aug,370,2,-1,0,unknown,0
7031,58,entrepreneur,married,tertiary,no,776,yes,no,telephone,9,jul,298,1,-1,0,unknown,0
7032,58,entrepreneur,married,tertiary,yes,776,yes,no,telephone,9,jul,328,1,-1,0,unknown,0
7033,60,admin.,single,secondary,no,849,yes,no,unknown,5,jun,508,1,-1,0,unknown,0
7034,46,admin.,single,secondary,no,849,yes,no,unknown,5,apr,732,2,-1,0,unknown,0
7035,40,admin.,single,secondary,no,2854,yes,no,cellular,31,nov,354,2,169,1,success,1
7036,40,admin.,single,secondary,no,2854,yes,no,cellular,18,jul,864,2,169,1,failure,1
7037,70,technician,single,secondary,no,403,no,no,unknown,6,jun,247,1,-1,0,unknown,0
7038,55,technician,single,secondary,yes,403,no,no,unknown,17,jun,247,1,-1,0,unknown,0
7039,46,admin.,married,secondary,no,12244,no,no,cellular,20,aug,293,1,90,4,other,0
7040,46,admin.,married,secondary,no,46347,no,no,cellular,20,aug,293,1,90,4,other,0
7041,76,housemaid,married,primary,no,1411,no,no,telephone,15,apr,170,3,73,0,unknown,0
7042,76,housemaid,divorced,primary,no,1411,no,no,telephone,10,may,170,3,-1,0,unknown,0
7043,29,technician,single,secondary,no,3466,no,no,telephone,21,apr,359,1,-1,0,unknown,0
7044,29,technician,single,secondary,no,3466,no,no,cellular,21,nov,274,12,-1,0,unknown,0
7045,60,retired,married,unknown,no,308,no,no,cellular,1,sep,400,1,-1,0,unknown,0
7046,30,retired,married,primary,no,308,no,no,cellular,1,sep,400,1,-1,0,unknown,0
7047,53,blue-collar,married,primary,no,600,yes,yes,cellular,20,nov,677,1,-1,0,unknown,0
7048,53,blue-collar,married,primary,no,421,yes,no,unknown,12,nov,677,1,-1,0,unknown,0
7049,71,housemaid,married,secondary,no,0,no,no,cellular,26,may,270,5,-1,0,unknown,0
7050,48,housemaid,married,unknown,no,0,no,no,cellular,28,may,983,5,-1,0,unknown,0
7051,32,management,married,tertiary,no,2465,yes,yes,telephone,7,may,923,20,-1,0,unknown,0
7052,32,management,married,tertiary,no,2465,yes,yes,cellular,7,may,422,1,-1,0,unknown,0
7053,41,retired,divorced,secondary,no,0,yes,no,cellular,25,sep,210,1,-1,0,unknown,0
7054,77,retired,divorced,secondary,no,0,no,no,cellular,25,jun,201,1,-1,0,unknown,0
7055,19,student,single,secondary,no,372,no,no,telephone,8,jul,176,3,-1,0,unknown,0
7056,19,student,single,secondary,no,372,no,no,telephone,8,jul,90,3,-1,0,unknown,0
7057,35,technician,single,tertiary,no,11663,no,no,cellular,14,jan,187,7,-1,0,unknown,0
7058,35,technician,single,tertiary,no,12786,no,no,cellular,14,jan,187,7,-1,0,unknown,0
7059,84,student,single,tertiary,no,3300,no,no,cellular,21,nov,1571,13,-1,0,unknown,0
7060,30,student,single,tertiary,no,3300,no,no,cellular,21,nov,210,9,-1,0,unknown,0
7061,35,admin.,single,tertiary,no,27,no,no,cellular,20,aug,467,25,-1,0,unknown,0
7062,40,admin.,single,tertiary,no,6688,no,no,cellular,20,aug,467,4,-1,0,unknown,0
7063,62,self-employed,divorced,tertiary,no,6,yes,no,cellular,13,oct,1150,1,183,4,other,0
7064,21,self-employed,divorced,tertiary,no,6,yes,no,cellular,13,oct,216,1,183,4,unknown,0
7065,22,student,single,secondary,no,254,no,no,cellular,13,jan,548,2,-1,6,unknown,0
7066,87,student,single,secondary,no,254,no,no,cellular,13,jan,143,2,-1,4,unknown,0
7067,57,admin.,single,secondary,no,262,no,no,cellular,31,feb,315,2,180,6,failure,0
7068,38,admin.,single,tertiary,no,262,yes,no,cellular,3,feb,315,2,180,6,failure,0
7069,50,management,single,tertiary,no,3537,no,yes,cellular,24,oct,305,1,-1,0,unknown,0
7070,72,management,single,tertiary,no,3537,no,no,unknown,24,oct,646,1,-1,0,unknown,0
7071,64,retired,married,secondary,no,1612,no,no,unknown,18,may,311,1,89,5,failure,0
7072,64,retired,married,secondary,no,1612,no,no,telephone,18,may,336,1,375,5,failure,0
7073,29,management,married,tertiary,no,51,yes,no,telephone,17,jul,673,5,-1,0,unknown,0
7074,29,management,married,tertiary,no,51,yes,no,cellular,17,jul,230,5,-1,0,unknown,0
7075,36,technician,divorced,secondary,no,871,no,no,cellular,12,apr,396,3,-1,0,unknown,0
7076,36,unemployed,divorced,secondary,no,871,no,no,cellular,12,aug,345,3,-1,10,unknown,0
7077,50,unemployed,married,tertiary,no,3357,no,no,cellular,9,jun,259,4,-1,0,unknown,0
7078,50,unemployed,single,secondary,no,3357,no,yes,cellular,9,jun,239,4,-1,0,unknown,0
7079,40,admin.,single,secondary,no,341,no,no,cellular,31,jul,559,5,-1,0,unknown,0
7080,40,admin.,married,secondary,no,341,no,no,cellular,31,jul,206,5,-1,0,unknown,0
7081,35,blue-collar,single,primary,no,-276,yes,no,cellular,13,may,291,1,-1,0,unknown,0
7082,35,technician,single,primary,no,-276,yes,no,cellular,13,may,326,1,-1,0,unknown,0
7083,36,technician,married,secondary,no,376,no,no,cellular,13,nov,193,1,92,1,failure,0
7084,36,technician,single,secondary,no,376,no,no,telephone,13,nov,193,1,92,1,failure,0
7085,59,retired,divorced,secondary,no,49882,no,no,cellular,4,may,673,6,90,1,failure,0
7086,59,retired,divorced,secondary,no,514,yes,no,cellular,4,may,162,6,90,1,success,0
7087,36,management,married,tertiary,no,1113,no,yes,unknown,1,sep,212,1,-1,0,unknown,0
7088,36,management,single,tertiary,no,1113,no,no,cellular,1,sep,212,5,-1,0,unknown,0
7089,45,technician,married,secondary,no,21924,no,no,cellular,7,jul,311,2,-1,0,unknown,0
7090,45,technician,married,unknown,no,879,no,no,cellular,7,jul,621,9,-1,0,unknown,0
7091,36,self-employed,married,primary,no,1184,yes,no,cellular,6,apr,560,1,-1,0,unknown,0
7092,36,unemployed,married,secondary,no,1184,yes,no,cellular,6,apr,1063,5,-1,0,unknown,0
7093,56,services,single,secondary,no,-40,no,no,cellular,15,feb,311,1,368,2,failure,0
7094,56,services,single,secondary,no,-40,yes,no,cellular,15,may,311,1,204,2,failure,0
7095,32,admin.,single,tertiary,no,8866,no,no,cellular,9,jun,30,2,83,2,success,0
7096,32,admin.,single,tertiary,no,8866,no,no,cellular,9,jun,234,20,83,2,failure,0
7097,26,unemployed,single,secondary,no,632,no,no,cellular,12,aug,312,10,181,1,other,0
7098,26,unemployed,single,secondary,no,632,no,no,cellular,12,aug,312,3,181,1,failure,0
7099,36,technician,single,tertiary,no,197,no,no,cellular,30,may,260,1,-1,2,unknown,0
7100,36,technician,single,tertiary,no,197,no,no,cellular,30,apr,152,1,-1,0,unknown,0
7101,32,management,single,tertiary,no,7290,yes,no,cellular,18,may,329,10,-1,0,unknown,0
7102,32,management,single,tertiary,no,7290,yes,no,cellular,18,may,357,20,-1,0,success,0
7103,45,admin.,married,secondary,no,5346,yes,yes,unknown,21,oct,187,22,-1,0,failure,0
7104,45,admin.,married,secondary,no,-2924,yes,yes,unknown,21,oct,187,1,-1,0,unknown,0
7105,47,admin.,married,secondary,no,61280,yes,no,cellular,5,apr,144,4,374,2,failure,0
7106,47,admin.,married,secondary,yes,70,no,no,cellular,5,apr,144,4,374,2,success,0
7107,41,blue-collar,single,primary,yes,7415,no,yes,cellular,20,nov,477,1,-1,0,unknown,0
7108,41,blue-collar,single,secondary,yes,-386,yes,yes,cellular,20,may,477,1,-1,0,unknown,0
7109,46,technician,married,secondary,no,3434,no,yes,cellular,21,jun,148,2,101,1,unknown,0
7110,46,technician,married,secondary,no,3434,no,yes,cellular,27,jun,148,2,101,1,unknown,0
7111,36,management,married,tertiary,no,625,yes,no,cellular,18,jul,328,9,-1,0,unknown,0
7112,36,management,married,unknown,no,625,yes,no,unknown,18,jul,1360,9,-1,0,unknown,0
7113,45,housemaid,divorced,primary,no,221,no,no,cellular,2,feb,624,1,235,1,success,1
7114,45,housemaid,divorced,primary,no,221,no,no,cellular,2,feb,610,1,728,1,failure,1
7115,66,retired,married,unknown,no,2883,no,no,cellular,14,apr,158,1,-1,0,unknown,0
7116,66,retired,married,primary,no,2883,no,no,telephone,23,apr,158,25,-1,0,unknown,0
7117,36,retired,married,primary,no,451,no,no,cellular,5,mar,373,5,-1,0,unknown,0
7118,68,retired,married,primary,no,451,no,yes,cellular,5,mar,526,1,-1,0,unknown,0
7119,32,management,married,tertiary,no,935,no,no,cellular,9,nov,165,1,91,7,failure,0
7120,32,management,single,tertiary,no,935,no,no,cellular,9,nov,165,1,91,13,unknown,0
7121,38,services,divorced,secondary,no,61,yes,no,telephone,5,jun,636,1,-1,0,unknown,0
7122,38,services,divorced,secondary,no,13153,no,no,unknown,5,jun,636,1,-1,0,unknown,0
7123,44,housemaid,single,primary,no,1059,no,yes,unknown,18,jun,2093,1,-1,0,failure,0
7124,44,housemaid,single,primary,no,1059,no,no,unknown,25,jun,382,1,-1,0,unknown,0
7125,77,services,divorced,secondary,no,49,no,no,unknown,16,may,619,2,-1,0,unknown,0
7126,37,services,divorced,secondary,no,49,yes,no,unknown,27,nov,619,2,-1,0,unknown,0
7127,36,management,single,tertiary,no,704,no,no,cellular,21,apr,164,1,-1,0,other,0
7128,78,management,single,tertiary,no,704,no,no,cellular,21,apr,164,2,-1,0,unknown,0
7129,39,technician,married,tertiary,no,206,no,no,cellular,20,oct,148,2,195,2,other,0
7130,39,technician,married,tertiary,no,206,no,no,unknown,20,oct,148,15,195,2,success,0
7131,29,blue-collar,married,secondary,no,31127,yes,no,cellular,10,jul,627,1,-1,0,unknown,0
7132,29,blue-collar,married,primary,no,8,yes,yes,cellular,10,jul,627,1,-1,0,other,0
7133,58,unemployed,divorced,secondary,no,1625,no,no,cellular,8,feb,286,2,-1,0,unknown,0
7134,58,unemployed,married,secondary,no,43411,no,no,cellular,5,aug,286,2,-1,0,unknown,0
7135,31,blue-collar,married,secondary,no,2910,yes,no,unknown,23,may,298,2,-1,0,unknown,0
7136,31,blue-collar,married,secondary,no,68250,yes,no,unknown,23,may,621,2,-1,0,unknown,0
7137,31,admin.,married,secondary,no,879,yes,no,cellular,13,may,206,1,216,0,unknown,0
7138,31,admin.,married,secondary,yes,879,yes,no,cellular,13,may,394,20,-1,0,unknown,0
7139,47,technician,divorced,secondary,no,1013,no,no,cellular,21,aug,170,1,92,3,failure,0
7140,47,technician,divorced,secondary,no,1013,no,no,cellular,15,feb,170,1,364,3,failure,0
7141,37,technician,married,secondary,no,13135,yes,no,cellular,30,apr,281,1,-1,0,unknown,0
7142,37,technician,married,secondary,no,1458,yes,no,cellular,30,apr,281,5,-1,0,unknown,0
7143,33,technician,married,secondary,no,241,yes,no,cellular,13,may,1108,3,530,0,unknown,0
7144,33,technician,married,secondary,no,241,yes,no,cellular,13,may,1108,12,-1,3,unknown,1
7145,30,management,single,tertiary,no,59249,yes,yes,cellular,18,dec,364,3,-1,0,unknown,0
7146,33,management,single,tertiary,no,102,yes,no,cellular,18,jun,364,3,-1,0,unknown,0
7147,58,services,divorced,secondary,no,26765,no,no,cellular,13,nov,51,1,93,1,success,0
7148,58,services,divorced,secondary,no,462,no,no,cellular,13,nov,495,1,93,1,failure,0
7149,46,management,divorced,tertiary,no,-49,yes,no,unknown,20,jun,929,23,-1,0,unknown,1
7150,46,management,divorced,tertiary,no,-49,yes,no,unknown,20,jun,1556,23,-1,0,unknown,1
7151,39,management,single,tertiary,no,0,yes,no,cellular,22,may,90,1,93,3,success,0
7152,39,technician,single,tertiary,no,0,yes,no,cellular,22,may,271,1,93,3,failure,0
7153,61,retired,married,secondary,no,2917,no,no,cellular,6,oct,530,1,-1,0,unknown,0
7154,73,retired,married,secondary,no,37857,no,no,cellular,6,oct,215,1,-1,0,unknown,0
7155,40,retired,married,unknown,no,3561,no,no,telephone,15,mar,577,7,-1,0,unknown,0
7156,71,retired,married,tertiary,no,3561,no,no,telephone,15,jul,86,7,-1,0,unknown,0
7157,43,self-employed,married,secondary,no,347,no,no,unknown,19,nov,1468,3,-1,0,unknown,0
7158,53,self-employed,divorced,secondary,no,347,no,no,cellular,19,nov,717,3,-1,0,unknown,0
7159,42,management,married,secondary,no,71,no,no,cellular,17,nov,1272,1,-1,0,unknown,1
7160,42,management,married,secondary,no,71,no,no,cellular,17,nov,1594,1,-1,0,unknown,1
7161,25,admin.,divorced,secondary,no,1027,yes,no,cellular,2,feb,177,1,-1,0,unknown,0
7162,69,admin.,single,secondary,no,1027,no,no,cellular,2,feb,177,1,-1,0,unknown,0
7163,55,management,married,tertiary,no,3848,yes,no,cellular,8,apr,592,2,-1,0,unknown,0
7164,55,management,married,tertiary,no,56624,yes,no,cellular,8,jun,222,2,-1,0,unknown,0
7165,54,unemployed,divorced,secondary,no,2156,yes,no,cellular,30,apr,110,1,86,5,success,0
7166,54,technician,divorced,secondary,no,2156,yes,no,cellular,30,apr,110,1,86,5,success,0
7167,35,services,single,tertiary,no,36720,no,yes,cellular,3,jul,704,1,-1,0,unknown,0
7168,35,services,single,tertiary,no,0,no,yes,cellular,3,jul,318,1,-1,0,unknown,0
7169,27,admin.,married,secondary,no,-2978,yes,yes,cellular,3,jun,592,4,-1,0,unknown,0
7170,27,admin.,married,secondary,no,261,yes,yes,cellular,3,jul,592,4,-1,0,unknown,0
7171,31,technician,single,tertiary,no,-167,yes,no,unknown,2,jun,1091,5,-1,0,unknown,1
7172,31,technician,single,tertiary,no,-167,yes,no,unknown,2,jun,1336,5,-1,0,unknown,1
7173,40,blue-collar,married,primary,no,1841,yes,no,cellular,15,oct,1319,4,-1,0,unknown,0
7174,40,blue-collar,married,primary,no,1841,yes,no,cellular,3,may,167,4,-1,0,unknown,0
7175,39,management,divorced,tertiary,no,47242,no,no,cellular,2,jul,194,2,88,1,failure,0
7176,58,management,divorced,tertiary,no,224,no,no,cellular,2,jul,92,2,88,1,success,0
7177,26,management,single,tertiary,no,3944,yes,no,cellular,14,may,286,2,-1,0,unknown,0
7178,26,student,single,tertiary,no,3944,yes,no,unknown,14,may,974,2,-1,0,unknown,0
7179,80,unemployed,divorced,primary,no,235,no,no,cellular,31,mar,159,1,223,3,other,0
7180,80,retired,divorced,primary,no,17047,no,no,cellular,31,sep,577,1,223,3,other,0
7181,92,blue-collar,single,secondary,no,2093,no,no,cellular,24,apr,224,2,444,1,failure,0
7182,32,blue-collar,single,secondary,no,2093,no,no,unknown,24,sep,224,2,444,7,failure,0
7183,37,management,married,unknown,no,189,no,no,cellular,1,oct,238,1,107,2,other,0
7184,37,technician,married,unknown,no,189,no,no,cellular,1,oct,71,1,107,2,success,0
7185,36,blue-collar,married,secondary,no,62947,no,no,cellular,30,sep,640,1,-1,0,unknown,0
7186,36,blue-collar,married,secondary,no,1193,no,no,cellular,30,oct,94,1,-1,0,unknown,0
7187,23,housemaid,married,tertiary,no,66,yes,no,telephone,7,may,1391,2,180,0,unknown,0
7188,23,housemaid,married,tertiary,no,56779,yes,no,cellular,7,may,612,2,-1,0,unknown,0
7189,22,retired,married,secondary,no,820,yes,no,telephone,23,apr,263,4,-1,0,unknown,0
7190,76,retired,married,primary,no,820,no,no,telephone,23,may,263,4,-1,0,unknown,0
7191,40,admin.,married,secondary,no,3126,yes,no,cellular,29,mar,222,1,91,7,failure,0
7192,63,admin.,married,secondary,no,3126,no,no,cellular,29,jun,222,1,91,7,failure,0
7193,28,management,married,tertiary,no,292,yes,no,unknown,28,may,507,15,-1,0,unknown,0
7194,28,management,married,secondary,no,292,yes,no,unknown,28,may,507,15,-1,0,failure,0
7195,35,admin.,divorced,secondary,no,32447,no,no,telephone,15,may,669,1,312,3,failure,0
7196,35,admin.,divorced,secondary,no,534,no,no,unknown,15,may,669,1,414,3,failure,0
7197,20,student,divorced,secondary,no,437,yes,no,unknown,4,jun,908,1,-1,0,unknown,0
7198,35,admin.,divorced,secondary,no,2989,no,no,unknown,4,jun,908,1,-1,0,unknown,0
7199,32,unemployed,single,tertiary,no,0,yes,no,cellular,30,apr,125,3,-1,0,unknown,0
7200,32,management,single,tertiary,no,0,yes,no,cellular,13,apr,370,22,-1,0,unknown,0
7201,46,services,married,primary,no,74,yes,no,unknown,15,may,1036,4,-1,0,unknown,0
7202,46,services,married,secondary,no,74,yes,no,cellular,15,may,1697,4,-1,0,unknown,1
7203,57,management,married,tertiary,no,12780,no,no,cellular,5,jun,304,2,91,1,failure,0
7204,87,management,married,tertiary,no,256,no,no,cellular,5,jun,304,2,91,1,unknown,0
7205,25,management,single,tertiary,yes,760,yes,no,cellular,27,may,223,3,89,2,failure,0
7206,25,admin.,single,tertiary,no,69395,yes,no,cellular,27,may,223,3,361,2,failure,0
7207,45,services,single,secondary,no,359,yes,no,unknown,18,jun,1735,8,225,0,unknown,0
7208,45,services,single,secondary,no,359,yes,no,unknown,18,jun,1721,8,-1,0,unknown,1
7209,39,technician,single,tertiary,no,18424,no,no,cellular,22,may,182,2,-1,0,unknown,0
7210,39,management,single,tertiary,no,307,no,no,cellular,22,may,167,2,-1,0,unknown,0
7211,60,admin.,married,secondary,no,12980,no,no,cellular,3,sep,481,2,182,1,success,1
7212,60,admin.,married,secondary,no,12980,no,no,cellular,3,sep,802,2,182,1,success,1
7213,46,management,married,unknown,no,11385,no,no,cellular,24,sep,269,3,-1,0,unknown,0
7214,46,management,married,tertiary,no,11385,no,no,cellular,24,mar,41,3,-1,0,unknown,0
7215,54,services,married,secondary,no,812,no,no,cellular,31,jul,1532,6,-1,0,other,1
7216,54,services,single,secondary,no,812,no,no,cellular,31,jul,1410,6,-1,0,unknown,1
7217,45,management,single,primary,no,4831,no,yes,cellular,29,jan,479,11,-1,0,unknown,0
7218,45,management,single,tertiary,no,4831,no,no,unknown,29,jan,479,11,-1,0,unknown,0
7219,31,management,divorced,tertiary,no,254,no,no,cellular,18,aug,249,8,-1,0,unknown,0
7220,31,management,married,tertiary,no,254,no,no,cellular,18,aug,1576,8,290,0,unknown,0
7221,58,unknown,married,unknown,no,1547,no,no,telephone,13,aug,230,4,-1,0,unknown,0
7222,58,unknown,married,unknown,no,1547,no,no,unknown,5,sep,1186,4,-1,0,unknown,0
7223,30,services,single,secondary,no,1599,no,yes,cellular,11,aug,152,2,-1,0,unknown,0
7224,30,services,single,primary,no,1599,no,no,cellular,14,feb,152,2,-1,0,unknown,0
7225,28,technician,single,tertiary,no,11862,no,no,cellular,21,oct,25,2,238,13,other,0
7226,28,technician,divorced,tertiary,no,11862,yes,no,cellular,21,oct,549,2,238,13,other,0
7227,24,blue-collar,single,primary,no,31951,yes,no,unknown,16,may,894,1,-1,0,unknown,0
7228,55,blue-collar,married,primary,no,656,yes,no,unknown,16,may,894,1,-1,0,unknown,0
7229,34,admin.,single,tertiary,no,18,yes,yes,cellular,2,sep,359,1,-1,0,unknown,0
7230,34,admin.,single,tertiary,no,70631,yes,yes,cellular,30,apr,359,8,-1,0,unknown,0
7231,31,services,single,secondary,no,1088,yes,no,cellular,8,apr,575,2,-1,0,other,0
7232,31,management,single,secondary,no,34007,yes,no,cellular,8,apr,575,2,-1,0,unknown,0
7233,39,technician,single,secondary,no,3867,no,no,cellular,26,aug,763,12,-1,0,unknown,1
7234,39,technician,divorced,secondary,no,3867,no,no,cellular,26,aug,1360,12,-1,0,unknown,1
7235,19,student,single,secondary,no,329,yes,no,cellular,30,apr,169,1,190,2,failure,0
7236,19,student,single,secondary,no,329,yes,no,cellular,30,apr,55,1,190,2,success,0
7237,20,technician,married,tertiary,no,7050,no,no,cellular,10,feb,278,3,187,1,other,0
7238,35,technician,married,tertiary,no,7050,no,no,unknown,10,feb,278,25,187,1,success,0
7239,54,technician,married,secondary,no,23,yes,no,cellular,2,jun,163,1,55,2,failure,0
7240,29,unknown,married,secondary,no,23,yes,no,cellular,2,jun,163,8,55,2,failure,0
7241,60,retired,married,secondary,no,38056,no,no,cellular,11,feb,467,1,182,3,unknown,0
7242,49,retired,married,secondary,no,523,no,no,cellular,11,feb,467,1,182,3,failure,0
7243,59,admin.,divorced,tertiary,no,3444,no,no,cellular,6,feb,241,2,-1,0,unknown,0
7244,59,retired,divorced,tertiary,yes,3444,no,no,cellular,6,may,241,2,-1,0,unknown,0
7245,48,management,married,tertiary,no,14026,no,no,cellular,28,jan,417,4,-1,13,unknown,0
7246,48,services,married,tertiary,no,157,no,no,cellular,28,jan,417,4,-1,0,unknown,0
7247,35,blue-collar,single,secondary,no,63630,yes,no,cellular,17,apr,1017,1,325,1,other,0
7248,35,blue-collar,married,secondary,no,293,yes,no,cellular,17,apr,517,1,325,1,other,0
7249,48,housemaid,married,tertiary,no,5473,no,no,cellular,4,aug,232,2,-1,0,other,0
7250,72,housemaid,married,tertiary,no,5473,no,no,cellular,24,aug,232,1,-1,0,unknown,0
7251,30,management,single,tertiary,no,697,no,no,telephone,10,aug,179,3,102,2,unknown,0
7252,30,management,single,tertiary,no,697,no,no,cellular,1,aug,89,3,102,2,success,0
7253,41,entrepreneur,married,secondary,no,707,no,no,unknown,18,jun,316,1,-1,0,unknown,0
7254,41,entrepreneur,married,secondary,no,707,no,no,telephone,18,jun,173,1,-1,0,unknown,0
7255,32,technician,single,secondary,no,29411,yes,no,unknown,3,jun,1173,3,-1,0,unknown,0
7256,32,technician,single,secondary,no,25643,yes,no,unknown,3,jun,1173,3,-1,0,unknown,0
7257,35,admin.,married,tertiary,no,37483,no,no,cellular,30,apr,185,2,-1,0,unknown,0
7258,35,admin.,married,tertiary,no,286,yes,no,cellular,30,apr,83,2,-1,0,unknown,0
7259,45,student,single,unknown,no,1527,no,no,cellular,8,mar,132,1,111,0,failure,0
7260,45,student,single,primary,no,1527,no,no,cellular,8,mar,132,1,-1,5,unknown,0
7261,24,student,single,secondary,no,382,no,no,cellular,30,apr,64,2,-1,0,unknown,0
7262,24,student,single,secondary,no,55404,no,no,cellular,30,jan,567,2,-1,0,unknown,0
7263,34,unknown,single,unknown,no,859,no,no,cellular,28,jan,510,1,-1,0,unknown,0
7264,34,unknown,single,secondary,no,859,no,yes,cellular,28,jan,829,7,-1,0,unknown,0
7265,59,management,married,tertiary,no,1,yes,no,cellular,29,sep,64,1,-1,0,unknown,0
7266,59,management,married,tertiary,no,1,no,no,cellular,29,apr,210,1,-1,4,unknown,0
7267,78,retired,married,unknown,no,3208,no,no,telephone,20,may,170,3,-1,0,unknown,0
7268,27,retired,married,unknown,no,62446,no,no,telephone,20,may,351,3,-1,0,unknown,0
7269,40,services,married,primary,no,-9,no,no,unknown,15,may,238,2,-1,0,unknown,0
7270,40,housemaid,married,primary,no,-9,yes,no,unknown,4,may,920,2,-1,0,unknown,0
7271,56,technician,married,tertiary,no,11766,yes,yes,cellular,13,apr,218,2,242,9,failure,0
7272,40,technician,married,tertiary,no,11766,yes,yes,cellular,13,apr,218,2,242,9,other,0
7273,51,blue-collar,married,secondary,no,7180,yes,yes,unknown,14,may,927,1,99,0,unknown,0
7274,51,blue-collar,married,secondary,no,7180,yes,no,unknown,14,may,927,15,-1,0,unknown,0
7275,71,retired,divorced,primary,no,1729,no,no,unknown,17,aug,456,2,-1,0,unknown,0
7276,52,retired,divorced,primary,no,62805,no,no,cellular,17,nov,456,2,-1,0,unknown,0
7277,29,entrepreneur,single,secondary,no,482,no,yes,cellular,10,jul,1097,12,-1,0,unknown,0
7278,29,blue-collar,single,secondary,no,482,yes,yes,cellular,10,jul,448,3,-1,0,unknown,0
7279,33,management,married,tertiary,no,1323,no,no,cellular,1,jun,327,1,337,0,failure,0
7280,33,management,married,tertiary,no,1323,yes,no,cellular,1,jun,327,1,-1,11,unknown,0
7281,80,technician,married,tertiary,no,38133,no,no,cellular,10,feb,154,1,-1,0,unknown,0
7282,64,technician,married,tertiary,yes,757,no,no,cellular,10,feb,154,1,-1,0,unknown,0
7283,67,management,single,tertiary,no,830,no,no,cellular,15,aug,961,4,-1,0,unknown,0
7284,48,management,single,tertiary,no,830,no,no,unknown,25,aug,961,4,-1,10,unknown,0
7285,34,services,single,secondary,no,528,yes,no,cellular,2,sep,121,3,392,5,other,0
7286,31,services,single,secondary,no,528,yes,yes,cellular,2,sep,121,3,100,5,other,0
7287,37,admin.,married,secondary,no,1207,yes,yes,telephone,6,apr,1353,2,138,2,unknown,0
7288,37,admin.,married,secondary,no,1207,yes,no,telephone,6,apr,154,2,138,2,success,0
7289,45,management,single,tertiary,no,51125,yes,no,cellular,18,oct,310,1,370,1,failure,0
7290,45,management,single,tertiary,no,2048,yes,no,cellular,18,oct,310,1,261,1,failure,0
7291,61,self-employed,single,tertiary,no,10861,no,no,cellular,26,jul,336,2,259,3,unknown,0
7292,61,self-employed,married,tertiary,no,10861,no,no,cellular,26,jul,336,2,259,3,unknown,0
7293,54,student,single,secondary,yes,215,no,no,cellular,21,aug,228,4,183,1,other,0
7294,20,student,married,secondary,no,215,yes,no,cellular,21,aug,228,4,183,1,other,0
7295,36,management,single,tertiary,no,64573,yes,yes,cellular,12,aug,239,2,100,4,failure,0
7296,36,management,single,tertiary,no,3850,yes,no,cellular,12,aug,239,2,308,4,failure,0
7297,34,blue-collar,single,secondary,no,855,yes,yes,cellular,16,jul,578,5,-1,0,unknown,0
7298,34,blue-collar,married,secondary,no,855,yes,no,cellular,16,jul,578,1,-1,0,failure,0
7299,35,blue-collar,married,primary,no,22,yes,no,cellular,10,may,155,2,302,2,other,0
7300,35,blue-collar,married,primary,no,74401,yes,no,telephone,15,may,1190,2,302,2,other,0
7301,19,blue-collar,married,primary,no,1852,yes,no,cellular,22,may,606,1,-1,0,unknown,0
7302,38,blue-collar,married,primary,no,1852,yes,no,unknown,13,may,606,1,-1,0,other,0
7303,24,admin.,single,secondary,no,16308,yes,yes,unknown,27,may,751,1,-1,0,unknown,0
7304,30,admin.,single,secondary,no,42866,yes,yes,unknown,27,may,357,1,-1,0,unknown,0
7305,31,management,divorced,tertiary,no,414,no,yes,cellular,16,jul,241,3,231,0,unknown,0
7306,31,unemployed,divorced,tertiary,no,414,no,yes,cellular,16,jul,241,1,166,0,unknown,0
7307,82,admin.,single,secondary,no,3528,no,no,cellular,4,aug,250,1,92,2,other,0
7308,30,admin.,married,secondary,no,20874,no,no,cellular,4,aug,250,1,92,2,failure,0
7309,49,self-employed,married,tertiary,no,23917,yes,no,cellular,11,aug,1018,4,-1,0,unknown,1
7310,49,self-employed,married,tertiary,no,23917,no,no,cellular,11,aug,1224,4,-1,0,unknown,1
7311,61,management,single,tertiary,no,997,no,no,cellular,10,mar,106,20,-1,0,unknown,0
7312,27,management,married,tertiary,no,997,no,no,cellular,10,mar,106,1,-1,0,unknown,0
7313,40,retired,single,secondary,no,224,yes,no,telephone,17,apr,875,2,-1,0,unknown,0
7314,40,services,single,secondary,no,224,yes,no,cellular,17,apr,75,2,-1,3,unknown,0
7315,34,blue-collar,married,secondary,no,262,no,no,telephone,1,jun,339,4,-1,0,unknown,0
7316,34,blue-collar,married,secondary,no,7809,yes,no,cellular,1,jun,339,1,-1,0,unknown,0
7317,44,blue-collar,married,unknown,no,78824,yes,no,cellular,24,apr,347,1,-1,0,unknown,0
7318,44,blue-collar,married,unknown,no,1529,yes,no,unknown,30,apr,347,1,-1,0,unknown,0
7319,45,technician,married,primary,no,101,yes,no,unknown,12,may,460,5,-1,2,unknown,0
7320,45,blue-collar,married,primary,yes,101,yes,no,unknown,12,nov,460,5,-1,0,unknown,0
7321,22,technician,single,secondary,no,246,yes,no,telephone,12,mar,1602,1,-1,0,unknown,1
7322,22,student,single,secondary,no,246,yes,no,cellular,12,may,619,1,-1,9,unknown,1
7323,23,self-employed,married,secondary,no,6333,no,no,cellular,14,aug,100,2,-1,0,unknown,0
7324,23,blue-collar,married,secondary,no,33051,no,no,cellular,12,aug,100,2,-1,0,unknown,0
7325,46,blue-collar,married,secondary,no,2836,yes,no,cellular,14,may,1143,7,358,7,other,0
7326,46,blue-collar,married,secondary,no,2836,yes,no,cellular,14,may,1342,7,358,7,other,1
7327,38,technician,married,secondary,no,5115,yes,no,telephone,27,feb,99,1,273,6,success,0
7328,49,technician,single,secondary,no,5115,yes,no,cellular,27,feb,99,1,102,6,success,0
7329,28,unemployed,single,tertiary,no,497,yes,no,cellular,24,jul,266,6,-1,0,success,0
7330,28,unemployed,single,tertiary,no,34343,yes,no,cellular,24,jul,78,6,-1,0,unknown,0
7331,34,blue-collar,single,tertiary,no,-303,yes,no,cellular,18,may,567,5,518,2,failure,1
7332,34,blue-collar,married,tertiary,no,-303,yes,no,cellular,18,may,927,5,355,2,failure,1
7333,47,management,married,tertiary,no,600,no,yes,cellular,19,aug,290,29,-1,0,unknown,0
7334,47,management,married,tertiary,no,22114,no,no,cellular,19,aug,290,15,-1,0,unknown,0
7335,81,management,single,tertiary,no,2016,no,no,cellular,30,apr,209,9,-1,0,unknown,0
7336,31,management,divorced,tertiary,no,2016,no,no,cellular,30,apr,209,1,-1,0,unknown,0
7337,32,blue-collar,divorced,tertiary,no,759,yes,no,cellular,9,apr,317,5,-1,0,unknown,0
7338,35,blue-collar,married,primary,no,759,yes,no,cellular,9,apr,317,5,-1,0,unknown,0
7339,26,technician,married,secondary,no,370,yes,yes,cellular,8,jul,132,4,-1,0,unknown,0
7340,26,technician,married,secondary,no,370,yes,yes,cellular,8,jul,209,4,-1,0,unknown,0
7341,24,student,single,secondary,no,4126,no,no,cellular,5,jan,152,4,185,7,failure,0
7342,24,student,single,secondary,no,4126,no,no,cellular,5,apr,110,4,185,7,failure,0
7343,27,blue-collar,single,primary,no,265,yes,no,cellular,13,may,295,2,-1,0,failure,0
7344,27,blue-collar,single,primary,no,265,yes,no,telephone,13,may,1119,13,-1,0,unknown,0
7345,26,admin.,married,secondary,no,1110,yes,no,unknown,22,jul,802,11,-1,0,unknown,0
7346,37,admin.,divorced,secondary,no,1110,no,no,telephone,22,jul,802,11,-1,0,unknown,0
7347,34,admin.,married,secondary,no,48,yes,no,cellular,7,may,297,2,287,3,other,0
7348,34,admin.,married,secondary,no,48,yes,yes,cellular,7,may,451,2,287,3,other,0
7349,26,technician,married,secondary,no,915,yes,no,cellular,2,jun,384,1,-1,10,unknown,0
7350,26,technician,married,secondary,no,915,no,no,unknown,2,jun,384,20,-1,0,unknown,0
7351,37,entrepreneur,married,tertiary,no,30634,no,no,cellular,2,jun,253,2,-1,0,unknown,0
7352,50,entrepreneur,married,tertiary,no,189,no,no,cellular,23,jun,253,2,-1,0,unknown,0
7353,33,technician,single,primary,no,127,yes,no,cellular,6,apr,583,2,126,17,failure,0
7354,33,technician,single,tertiary,no,127,yes,no,cellular,6,apr,269,2,222,17,failure,0
7355,47,unemployed,married,secondary,no,817,no,no,unknown,7,apr,721,5,-1,0,unknown,0
7356,47,unemployed,married,tertiary,no,817,no,no,cellular,7,may,721,4,-1,0,unknown,0
7357,50,technician,married,tertiary,yes,72,no,no,telephone,5,dec,937,1,-1,0,unknown,1
7358,50,technician,married,tertiary,no,72,no,no,telephone,5,dec,888,1,-1,0,success,1
7359,42,admin.,divorced,secondary,no,2129,no,yes,cellular,13,apr,633,1,182,2,other,0
7360,42,admin.,divorced,secondary,no,2129,no,no,unknown,20,aug,633,1,182,2,other,0
7361,30,services,married,secondary,no,5,no,yes,unknown,10,jul,829,5,-1,0,failure,0
7362,30,services,married,secondary,no,5,no,yes,cellular,10,jul,354,5,-1,1,unknown,0
7363,50,management,divorced,tertiary,no,44908,no,no,telephone,4,jun,510,3,-1,0,unknown,0
7364,50,student,divorced,tertiary,no,810,yes,no,cellular,4,jun,510,3,-1,0,unknown,0
7365,26,unemployed,single,tertiary,no,814,no,no,cellular,28,jan,434,1,-1,0,unknown,0
7366,72,unemployed,single,tertiary,no,814,no,no,cellular,28,jan,1387,1,-1,0,unknown,0
7367,52,technician,married,secondary,no,371,yes,no,cellular,21,oct,453,1,183,3,failure,0
7368,52,technician,married,secondary,no,371,yes,yes,cellular,21,oct,453,1,183,3,other,0
7369,20,blue-collar,single,secondary,no,129,yes,yes,cellular,13,may,532,1,-1,0,unknown,1
7370,20,blue-collar,single,secondary,no,129,yes,yes,telephone,13,may,1776,1,-1,0,unknown,1
7371,32,technician,single,tertiary,no,65983,no,no,cellular,6,oct,384,2,-1,0,unknown,0
7372,30,technician,single,tertiary,no,655,no,no,cellular,20,oct,384,15,-1,0,unknown,0
7373,28,self-employed,single,tertiary,no,442,no,yes,cellular,19,aug,474,3,95,3,other,0
7374,28,self-employed,single,tertiary,no,442,no,no,cellular,19,jun,159,13,95,3,other,0
7375,56,admin.,divorced,secondary,no,602,no,no,cellular,14,jun,458,1,130,8,failure,0
7376,56,admin.,married,secondary,no,72285,no,no,cellular,14,jun,458,1,130,8,failure,0
7377,50,technician,married,secondary,no,3176,yes,no,cellular,7,aug,670,20,-1,0,unknown,0
7378,50,technician,married,secondary,no,3176,no,no,unknown,7,aug,210,1,-1,0,unknown,0
7379,59,entrepreneur,married,tertiary,no,139,no,no,cellular,15,jul,448,5,-1,0,unknown,0
7380,27,entrepreneur,married,tertiary,no,139,no,no,cellular,15,may,448,5,-1,0,success,0
7381,44,entrepreneur,married,tertiary,no,624,no,no,telephone,14,aug,134,2,-1,0,unknown,0
7382,44,entrepreneur,married,tertiary,no,48468,no,no,telephone,14,apr,552,2,-1,0,unknown,0
7383,43,technician,married,tertiary,no,4333,no,no,unknown,20,nov,1490,3,-1,0,unknown,0
7384,43,unemployed,married,tertiary,no,4333,yes,no,cellular,20,nov,1490,3,-1,6,unknown,0
7385,55,admin.,married,secondary,no,1633,no,no,cellular,11,jan,413,1,192,2,unknown,0
7386,55,admin.,married,secondary,no,1633,no,no,cellular,11,jan,210,1,171,2,other,0
7387,41,blue-collar,married,primary,no,3140,yes,no,unknown,13,may,992,9,-1,0,unknown,1
7388,41,blue-collar,married,primary,no,3140,yes,no,unknown,13,may,1352,9,-1,0,unknown,1
7389,44,blue-collar,married,secondary,no,65733,yes,no,unknown,4,jul,150,2,-1,0,success,0
7390,44,blue-collar,married,secondary,no,1697,yes,no,telephone,3,jul,150,2,-1,0,unknown,0
7391,45,technician,married,tertiary,no,59579,no,yes,cellular,21,nov,980,2,-1,0,unknown,0
7392,33,technician,married,tertiary,no,-525,no,yes,cellular,21,nov,600,2,-1,0,unknown,0
7393,54,self-employed,divorced,primary,no,351,no,no,unknown,17,jun,642,2,-1,0,unknown,0
7394,54,self-employed,divorced,primary,no,351,yes,no,unknown,6,jun,642,22,-1,0,failure,0
7395,26,management,married,tertiary,no,243,no,no,unknown,26,may,482,1,-1,7,unknown,0
7396,26,management,married,tertiary,no,243,no,no,cellular,26,may,172,1,-1,7,unknown,0
7397,52,housemaid,married,primary,no,853,yes,no,unknown,17,jul,1208,1,-1,0,unknown,0
7398,52,housemaid,married,primary,no,3798,yes,no,cellular,17,jul,444,1,-1,0,unknown,0
7399,55,blue-collar,single,secondary,no,644,no,no,cellular,21,aug,1105,3,-1,0,unknown,1
7400,42,blue-collar,married,secondary,no,644,no,no,cellular,21,aug,1346,3,-1,0,unknown,1
7401,44,blue-collar,single,secondary,no,-2889,yes,yes,cellular,17,apr,740,3,-1,0,unknown,0
7402,44,blue-collar,married,secondary,no,712,yes,yes,cellular,6,apr,740,3,-1,17,unknown,0
7403,61,retired,married,tertiary,no,32685,no,no,cellular,2,nov,1447,1,-1,0,unknown,0
7404,61,retired,married,tertiary,no,32685,no,no,cellular,25,jan,1447,2,-1,0,unknown,0
7405,32,admin.,single,secondary,no,34994,yes,no,cellular,4,feb,358,1,246,4,failure,0
7406,32,admin.,single,secondary,no,678,yes,no,cellular,4,feb,332,1,246,4,failure,0
7407,46,management,married,tertiary,no,4693,no,yes,cellular,7,sep,79,1,394,2,other,0
7408,46,management,married,tertiary,yes,4693,no,yes,cellular,7,feb,79,1,394,2,failure,0
7409,38,admin.,married,secondary,no,1767,yes,no,cellular,9,may,483,4,239,2,success,0
7410,38,admin.,married,secondary,no,1767,yes,no,unknown,9,jul,483,4,239,7,other,0
7411,52,technician,married,tertiary,no,2557,no,no,cellular,28,jan,134,29,204,2,other,0
7412,52,technician,married,tertiary,no,2557,yes,no,cellular,28,jan,134,5,204,2,success,0
7413,42,blue-collar,divorced,primary,no,301,yes,no,cellular,17,jul,223,2,-1,0,other,0
7414,42,blue-collar,divorced,primary,no,301,yes,no,cellular,17,jul,127,2,-1,0,unknown,0
7415,62,blue-collar,married,secondary,no,569,no,no,cellular,4,feb,94,5,49,1,success,0
7416,20,retired,married,secondary,no,63716,no,no,cellular,4,feb,94,5,184,1,success,0
7417,78,blue-collar,married,primary,no,0,yes,no,telephone,11,may,925,4,304,2,other,1
7418,46,blue-collar,married,primary,no,0,yes,no,telephone,11,may,1571,4,444,2,other,1
7419,35,retired,married,tertiary,no,1978,no,no,cellular,6,sep,312,1,-1,0,unknown,0
7420,72,student,married,secondary,no,1978,no,no,cellular,6,jul,312,1,-1,0,unknown,0
7421,72,admin.,married,primary,no,2321,no,no,cellular,14,sep,110,2,206,12,failure,0
7422,29,admin.,married,primary,no,2321,no,no,cellular,14,sep,221,2,210,12,failure,0
7423,30,services,single,secondary,no,140,yes,no,cellular,15,may,238,1,-1,0,unknown,0
7424,30,services,single,secondary,no,140,yes,no,cellular,15,may,190,1,-1,0,unknown,0
7425,34,management,married,tertiary,no,65146,no,no,telephone,11,nov,486,1,-1,0,unknown,0
7426,34,management,married,tertiary,no,676,no,no,telephone,29,nov,486,1,-1,1,unknown,0
7427,60,self-employed,single,secondary,no,3676,no,no,cellular,7,apr,148,1,-1,0,other,0
7428,26,self-employed,single,secondary,no,3676,no,no,unknown,7,apr,148,1,-1,8,unknown,0
7429,44,admin.,divorced,secondary,no,205,no,no,unknown,3,nov,289,1,-1,0,unknown,0
7430,44,admin.,married,secondary,no,205,no,no,cellular,13,nov,289,1,-1,0,unknown,0
7431,26,management,single,unknown,no,2613,no,yes,cellular,1,jun,326,1,-1,0,unknown,0
7432,76,management,single,secondary,no,2613,no,no,cellular,1,jun,326,1,-1,0,unknown,0
7433,75,management,married,tertiary,no,2570,no,no,cellular,18,nov,273,2,-1,0,unknown,1
7434,50,management,married,tertiary,no,2570,no,no,cellular,18,sep,273,2,-1,0,success,1
7435,32,technician,single,tertiary,no,550,no,no,cellular,11,nov,337,4,-1,0,unknown,0
7436,32,technician,single,tertiary,no,550,no,no,cellular,19,nov,323,1,-1,0,unknown,0
7437,29,management,single,tertiary,no,1026,no,no,cellular,12,feb,138,5,92,2,failure,0
7438,29,management,single,tertiary,no,1026,no,no,cellular,12,may,138,2,854,2,success,0
7439,34,services,single,secondary,no,8132,yes,no,unknown,20,may,1556,1,-1,0,unknown,1
7440,34,services,single,unknown,no,8132,yes,no,unknown,20,oct,137,1,-1,0,unknown,1
7441,41,admin.,single,secondary,no,-109,yes,no,unknown,11,may,1038,1,370,1,failure,0
7442,41,admin.,single,secondary,no,-109,yes,no,cellular,11,may,308,1,370,1,failure,0
7443,38,technician,married,secondary,no,557,yes,no,cellular,16,nov,170,13,-1,0,unknown,0
7444,38,technician,married,secondary,no,557,yes,no,telephone,16,nov,1556,4,-1,2,unknown,0
7445,31,management,single,tertiary,no,2,no,yes,telephone,8,aug,848,1,-1,0,unknown,0
7446,31,management,single,tertiary,no,2,no,no,cellular,8,aug,282,1,-1,0,unknown,0
7447,42,technician,single,unknown,no,11115,no,no,cellular,30,jan,328,1,206,0,unknown,0
7448,42,technician,single,unknown,no,11115,yes,no,cellular,30,apr,328,1,85,0,unknown,0
7449,43,management,single,tertiary,no,1696,yes,no,cellular,26,aug,257,1,49,3,failure,0
7450,43,management,single,tertiary,no,1696,yes,no,cellular,26,aug,257,1,172,3,failure,0
7451,49,admin.,married,secondary,no,6574,no,no,cellular,8,jun,138,22,-1,0,unknown,0
7452,45,entrepreneur,married,tertiary,no,6574,no,no,cellular,8,jun,138,3,-1,0,unknown,0
7453,32,technician,single,tertiary,no,1246,yes,no,cellular,30,apr,509,1,85,2,unknown,0
7454,32,technician,single,tertiary,no,1246,yes,no,cellular,30,apr,509,1,390,2,success,0
7455,54,unemployed,single,secondary,no,380,no,no,cellular,17,nov,431,2,-1,0,unknown,0
7456,54,unemployed,single,secondary,no,13783,no,no,cellular,17,nov,696,2,-1,0,unknown,0
7457,34,management,single,tertiary,no,0,no,no,cellular,22,aug,1110,1,-1,0,unknown,1
7458,34,management,single,tertiary,no,0,no,no,cellular,22,aug,617,1,-1,0,failure,1
7459,43,blue-collar,single,secondary,no,740,yes,no,unknown,2,jun,585,2,-1,0,unknown,0
7460,43,blue-collar,divorced,secondary,no,74380,yes,no,unknown,20,jun,585,2,-1,0,unknown,0
7461,38,services,married,secondary,no,775,no,no,cellular,12,feb,72,3,182,2,success,0
7462,38,services,married,secondary,yes,775,no,no,cellular,12,feb,1835,3,182,2,other,0
7463,80,retired,married,primary,no,155,no,no,telephone,7,mar,290,1,93,2,failure,0
7464,80,retired,married,primary,no,155,no,no,telephone,12,mar,96,1,93,2,success,0
7465,36,management,single,tertiary,no,7506,yes,no,cellular,6,may,588,2,188,1,failure,0
7466,36,management,single,tertiary,no,7506,yes,no,cellular,6,may,437,2,188,8,success,0
7467,36,admin.,divorced,tertiary,no,4708,no,no,cellular,3,jan,284,9,171,1,failure,0
7468,36,admin.,divorced,secondary,no,4708,no,no,cellular,3,dec,284,11,171,1,failure,0
7469,33,self-employed,married,secondary,no,1904,yes,no,cellular,17,jul,445,2,-1,0,unknown,0
7470,33,self-employed,divorced,secondary,no,1904,yes,no,cellular,17,jul,176,2,-1,0,unknown,0
7471,30,blue-collar,single,tertiary,no,2325,no,no,cellular,10,nov,263,1,127,7,failure,0
7472,83,technician,single,tertiary,no,15461,no,no,cellular,10,aug,263,1,127,7,failure,0
7473,41,management,married,tertiary,no,0,no,no,cellular,11,aug,340,5,-1,0,unknown,0
7474,74,management,married,tertiary,no,0,no,no,cellular,11,jun,1242,5,-1,0,unknown,0
7475,42,student,married,tertiary,no,576,no,yes,cellular,27,feb,156,1,-1,0,unknown,0
7476,42,unemployed,single,tertiary,yes,576,no,no,cellular,27,feb,156,1,-1,0,unknown,0
7477,28,services,single,secondary,no,341,yes,no,unknown,15,dec,437,3,347,3,other,0
7478,28,services,single,secondary,no,341,no,no,cellular,15,may,437,3,251,3,other,0
7479,60,housemaid,divorced,secondary,no,496,yes,no,cellular,7,may,655,2,-1,0,unknown,0
7480,60,retired,divorced,secondary,no,496,yes,no,cellular,15,may,547,2,-1,0,unknown,0
7481,56,management,married,tertiary,no,67034,no,no,cellular,30,apr,225,1,83,1,failure,0
7482,56,management,married,tertiary,no,616,no,no,cellular,30,apr,225,1,83,10,failure,0
7483,76,retired,married,tertiary,no,1948,no,no,cellular,29,oct,106,2,167,2,failure,0
7484,66,retired,married,tertiary,no,45907,no,no,cellular,29,oct,106,2,138,2,failure,0
7485,25,self-employed,single,secondary,no,2311,no,yes,telephone,21,jul,1105,2,-1,0,unknown,0
7486,25,services,single,secondary,no,2311,no,no,cellular,21,jul,91,2,-1,0,unknown,0
7487,29,management,single,tertiary,no,572,no,no,cellular,4,jun,167,1,-1,0,unknown,0
7488,29,management,single,tertiary,no,572,yes,no,cellular,4,oct,224,1,-1,0,unknown,0
7489,32,technician,divorced,unknown,no,14533,no,no,cellular,11,dec,646,3,198,2,success,1
7490,32,technician,single,tertiary,no,14533,no,no,cellular,31,dec,646,3,198,2,success,1
7491,54,technician,married,secondary,no,187,no,yes,cellular,4,jul,1767,3,370,0,unknown,1
7492,54,technician,married,secondary,no,187,no,yes,cellular,4,nov,1877,3,-1,0,unknown,1
7493,71,retired,single,primary,no,10394,no,no,telephone,10,mar,411,1,-1,0,unknown,1
7494,71,retired,married,primary,no,10394,no,no,telephone,10,mar,411,1,-1,0,unknown,1
7495,27,retired,single,secondary,no,535,no,no,cellular,16,aug,265,3,95,4,failure,0
7496,27,blue-collar,single,tertiary,no,535,no,no,cellular,16,aug,265,3,95,4,other,0
7497,49,technician,married,secondary,no,0,no,yes,cellular,9,jul,625,1,185,0,unknown,0
7498,92,housemaid,married,secondary,no,0,no,yes,cellular,9,jul,625,1,-1,0,unknown,0
7499,57,admin.,married,tertiary,no,169,no,no,cellular,21,feb,369,1,-1,0,unknown,0
7500,57,admin.,married,secondary,no,169,no,no,cellular,3,feb,369,4,-1,11,unknown,0
7501,61,housemaid,married,primary,no,32515,no,no,cellular,11,aug,443,2,186,3,failure,0
7502,61,housemaid,married,primary,no,211,no,no,cellular,16,aug,88,2,186,3,failure,0
7503,32,student,single,tertiary,no,69207,no,no,telephone,4,feb,233,3,276,2,failure,0
7504,32,student,single,tertiary,no,48714,no,no,cellular,4,feb,233,3,276,2,failure,0
7505,78,self-employed,married,primary,no,42,no,no,cellular,11,feb,264,3,-1,0,unknown,1
7506,40,self-employed,married,primary,no,42,no,no,cellular,11,jul,264,3,-1,17,success,1
7507,55,retired,single,secondary,no,1504,yes,no,cellular,17,nov,761,1,-1,0,unknown,0
7508,55,retired,single,unknown,no,1504,yes,yes,cellular,17,nov,761,1,-1,0,unknown,0
7509,28,blue-collar,married,secondary,no,173,no,no,cellular,18,jul,408,10,-1,0,unknown,0
7510,28,blue-collar,divorced,secondary,no,173,no,no,cellular,18,jul,588,7,1,0,unknown,0
7511,21,student,single,unknown,no,360,no,no,cellular,26,may,131,2,-1,0,failure,0
7512,21,technician,single,unknown,no,360,no,no,unknown,26,may,131,2,-1,8,unknown,0
7513,48,unemployed,single,tertiary,no,3229,no,no,unknown,16,jun,107,1,-1,0,unknown,0
7514,48,unemployed,single,tertiary,no,3229,no,no,unknown,16,jun,243,1,-1,0,unknown,0
7515,45,blue-collar,single,secondary,no,0,yes,no,cellular,5,aug,116,2,472,1,success,0
7516,45,housemaid,single,secondary,no,0,no,no,cellular,5,aug,157,2,472,1,success,0
7517,37,entrepreneur,married,secondary,no,1306,no,no,cellular,15,nov,288,1,-1,0,unknown,0
7518,52,technician,married,secondary,no,17,no,no,cellular,15,jun,288,1,-1,0,unknown,0
7519,33,services,married,secondary,no,478,no,yes,cellular,30,apr,236,2,-1,0,unknown,0
7520,33,services,married,secondary,no,478,no,no,cellular,30,nov,475,2,-1,0,unknown,0
7521,34,admin.,married,secondary,no,2374,yes,no,cellular,9,jul,161,1,209,2,failure,0
7522,46,admin.,married,secondary,no,2374,yes,no,cellular,9,nov,161,1,209,2,failure,0
7523,52,retired,divorced,primary,no,-779,yes,yes,cellular,17,apr,709,6,-1,9,unknown,0
7524,52,retired,divorced,primary,no,-779,yes,yes,cellular,17,apr,32,1,-1,0,unknown,0
7525,26,services,married,secondary,no,77,yes,no,cellular,15,jul,619,9,340,4,failure,0
7526,26,services,married,unknown,no,77,yes,no,cellular,15,may,619,1,40,4,failure,0
7527,37,housemaid,married,secondary,no,7433,no,no,cellular,5,feb,151,3,-1,0,unknown,0
7528,37,student,married,secondary,no,7433,yes,yes,cellular,5,feb,630,3,-1,0,unknown,0
7529,47,admin.,married,secondary,no,65427,yes,no,cellular,16,apr,443,1,-1,0,unknown,0
7530,47,admin.,married,secondary,no,3480,no,no,cellular,24,apr,121,1,-1,0,unknown,0
7531,24,student,married,secondary,no,23878,no,no,cellular,18,nov,185,1,-1,0,unknown,0
7532,24,student,married,secondary,no,23878,no,no,cellular,18,feb,911,1,-1,0,unknown,0
7533,34,technician,married,secondary,no,133,no,yes,cellular,15,nov,401,2,187,5,failure,0
7534,34,technician,married,secondary,no,133,no,no,cellular,15,nov,324,2,187,5,unknown,0
7535,37,retired,single,tertiary,no,13372,no,no,cellular,4,may,384,2,-1,0,unknown,0
7536,37,management,single,tertiary,no,3141,no,no,unknown,4,may,384,20,-1,0,unknown,0
7537,72,technician,single,tertiary,no,-67,yes,no,cellular,15,may,311,1,-1,0,unknown,0
7538,26,technician,single,tertiary,no,-67,yes,no,unknown,15,may,637,1,-1,1,unknown,0
7539,41,technician,married,secondary,no,1270,yes,no,unknown,30,may,466,1,-1,0,unknown,0
7540,41,technician,married,secondary,no,1270,yes,no,unknown,5,may,511,25,-1,0,unknown,0
7541,28,blue-collar,single,secondary,no,759,yes,no,unknown,9,may,585,1,-1,0,unknown,0
7542,28,admin.,single,secondary,no,759,yes,no,unknown,9,may,585,1,-1,0,unknown,0
7543,37,admin.,married,primary,no,29,no,no,cellular,14,may,404,8,183,2,other,0
7544,37,admin.,married,tertiary,no,29,no,no,cellular,14,may,56,2,183,2,failure,0
7545,28,admin.,married,secondary,yes,330,no,no,cellular,2,jun,226,2,182,4,other,0
7546,28,admin.,single,secondary,no,330,no,no,cellular,2,jun,226,2,182,4,other,0
7547,33,admin.,single,secondary,no,572,yes,no,cellular,14,apr,344,1,294,2,failure,0
7548,33,admin.,married,secondary,no,572,yes,no,cellular,14,apr,344,1,74,2,failure,0
7549,44,admin.,divorced,secondary,no,0,no,no,cellular,14,apr,160,1,104,1,failure,0
7550,44,admin.,divorced,secondary,no,34607,no,no,cellular,14,apr,472,1,148,1,failure,0
7551,32,self-employed,married,tertiary,no,132,no,no,cellular,20,apr,444,1,-1,0,unknown,0
7552,72,technician,married,tertiary,no,132,no,no,cellular,2,apr,444,1,-1,0,unknown,0
7553,30,management,single,tertiary,yes,697,no,no,cellular,28,apr,74,2,181,8,success,0
7554,30,management,single,tertiary,no,697,no,no,cellular,28,apr,74,2,181,8,success,0
7555,31,blue-collar,married,secondary,no,726,no,no,cellular,20,jul,719,2,-1,0,unknown,0
7556,31,blue-collar,single,secondary,no,726,no,no,cellular,7,jul,10,2,-1,0,unknown,0
7557,32,self-employed,married,tertiary,no,1423,no,no,cellular,18,aug,567,4,-1,0,unknown,0
7558,32,self-employed,married,tertiary,no,62935,no,no,cellular,6,aug,379,4,-1,0,unknown,0
7559,34,admin.,divorced,secondary,no,43,yes,no,unknown,28,sep,850,1,-1,0,unknown,1
7560,34,admin.,single,secondary,no,43,yes,yes,unknown,28,sep,1720,1,-1,0,unknown,1
7561,82,blue-collar,married,unknown,no,8600,no,no,unknown,11,jun,846,9,-1,0,unknown,1
7562,42,blue-collar,divorced,unknown,no,8600,no,no,unknown,11,jun,1344,9,-1,0,unknown,1
7563,57,management,married,secondary,no,6874,yes,no,unknown,14,may,939,1,-1,0,unknown,1
7564,57,services,married,secondary,no,6874,yes,no,telephone,14,sep,356,1,-1,0,unknown,1
7565,45,blue-collar,married,primary,no,844,no,no,unknown,5,jun,1018,2,-1,0,unknown,0
7566,45,blue-collar,divorced,primary,no,844,yes,no,unknown,5,jun,262,3,-1,0,unknown,0
7567,34,blue-collar,married,secondary,no,1454,yes,no,cellular,11,feb,231,2,297,12,other,0
7568,34,unemployed,married,secondary,no,1454,yes,no,cellular,11,feb,231,2,297,2,failure,0
7569,45,admin.,single,tertiary,no,-122,yes,no,unknown,23,jun,670,3,-1,0,unknown,0
7570,26,admin.,single,primary,no,36033,yes,no,unknown,16,jun,670,3,-1,0,unknown,0
7571,51,retired,divorced,secondary,no,1679,no,no,cellular,12,aug,417,1,148,9,failure,0
7572,51,retired,divorced,secondary,no,1679,no,yes,cellular,12,aug,91,1,365,9,other,0
7573,45,technician,married,primary,no,718,yes,no,unknown,14,may,956,1,-1,0,unknown,0
7574,45,technician,married,primary,no,718,yes,no,unknown,14,may,911,1,-1,0,unknown,1
7575,62,management,married,secondary,no,1128,no,no,cellular,2,sep,144,1,290,3,other,0
7576,62,blue-collar,married,secondary,no,1128,no,no,cellular,2,oct,236,1,290,3,other,0
7577,23,services,single,secondary,no,279,yes,no,cellular,18,may,252,1,370,1,failure,0
7578,23,services,single,unknown,no,279,yes,no,cellular,18,may,843,1,246,1,failure,0
7579,48,services,divorced,unknown,no,51819,no,no,cellular,8,oct,319,1,134,2,other,0
7580,48,services,divorced,unknown,no,52768,no,no,cellular,8,oct,319,1,134,2,failure,0
7581,30,unknown,single,tertiary,no,2539,yes,no,telephone,5,mar,199,5,-1,0,unknown,0
7582,30,student,single,tertiary,no,2539,no,yes,telephone,5,sep,199,5,-1,0,unknown,0
7583,22,student,single,secondary,no,0,no,no,cellular,6,feb,143,6,-1,0,unknown,0
7584,66,student,single,secondary,no,0,no,no,cellular,6,feb,229,6,-1,0,unknown,0
7585,25,unknown,single,primary,no,329,yes,no,unknown,14,may,1594,2,-1,0,unknown,1
7586,25,unknown,single,unknown,no,329,yes,no,cellular,14,may,1319,2,-1,0,unknown,1
7587,30,technician,single,secondary,no,1165,no,no,cellular,4,jun,204,2,183,3,failure,0
7588,30,technician,single,secondary,no,1165,no,no,cellular,4,sep,204,2,183,3,unknown,0
7589,68,admin.,single,secondary,no,1295,no,no,cellular,21,dec,476,1,-1,0,unknown,0
7590,24,admin.,single,primary,no,1295,no,no,cellular,21,feb,476,1,-1,0,unknown,0
7591,43,admin.,married,secondary,no,0,yes,no,cellular,31,aug,253,5,-1,0,unknown,0
7592,63,admin.,married,secondary,no,16401,yes,no,cellular,31,nov,253,5,-1,0,unknown,0
7593,21,retired,single,secondary,no,2488,no,no,telephone,12,jan,661,2,92,1,failure,0
7594,21,student,single,secondary,no,2488,no,no,telephone,12,jan,161,2,92,1,failure,0
7595,58,management,married,tertiary,no,2987,yes,no,cellular,12,aug,709,1,-1,0,unknown,0
7596,36,management,single,tertiary,no,2987,yes,no,cellular,12,aug,39,1,-1,0,unknown,0
7597,57,management,divorced,tertiary,no,8897,yes,no,cellular,12,aug,514,2,-1,0,unknown,0
7598,57,management,divorced,tertiary,no,8897,yes,no,cellular,12,aug,617,2,-1,0,unknown,0
7599,35,management,single,tertiary,no,62,yes,yes,cellular,20,apr,641,3,-1,0,unknown,0
7600,35,management,single,secondary,no,62,yes,no,cellular,20,apr,213,3,-1,11,unknown,0
7601,30,services,single,secondary,no,495,yes,no,cellular,21,aug,63,1,-1,0,unknown,0
7602,30,unemployed,single,unknown,no,495,yes,no,cellular,21,nov,641,1,-1,0,unknown,0
7603,54,management,single,tertiary,no,916,no,no,cellular,14,may,460,2,-1,0,unknown,0
7604,35,management,single,tertiary,no,41013,yes,no,cellular,14,may,460,2,-1,0,unknown,0
7605,67,retired,divorced,primary,no,2027,no,no,cellular,15,sep,161,2,-1,0,unknown,0
7606,67,retired,divorced,primary,no,2027,no,no,cellular,7,dec,161,2,-1,0,unknown,0
7607,58,self-employed,married,secondary,no,5810,no,no,cellular,28,mar,139,1,-1,0,unknown,0
7608,58,self-employed,married,tertiary,no,5810,no,no,cellular,12,may,139,6,-1,0,unknown,0
7609,55,technician,single,unknown,no,240,yes,no,cellular,2,nov,108,3,277,1,success,0
7610,55,technician,married,secondary,no,240,yes,no,cellular,2,apr,108,3,277,1,success,0
7611,53,retired,married,tertiary,no,2269,no,no,cellular,17,nov,1091,2,175,1,unknown,0
7612,53,retired,married,tertiary,no,2269,no,no,cellular,17,nov,1091,2,92,1,unknown,0
7613,59,management,married,tertiary,no,315,no,no,cellular,2,feb,591,20,176,2,failure,0
7614,59,management,married,tertiary,no,315,no,no,cellular,2,mar,164,1,176,2,failure,0
7615,31,blue-collar,divorced,secondary,no,0,yes,no,unknown,10,oct,97,1,782,1,other,0
7616,31,blue-collar,married,secondary,no,0,yes,no,unknown,15,oct,97,1,782,1,other,0
7617,25,technician,single,secondary,no,139,no,yes,cellular,11,jan,202,1,89,1,other,0
7618,25,technician,single,secondary,yes,139,no,yes,cellular,11,jan,202,1,91,1,unknown,0
7619,36,technician,divorced,secondary,no,98,no,no,cellular,30,jan,771,13,-1,0,unknown,0
7620,36,technician,single,unknown,no,98,no,no,cellular,30,jan,401,1,-1,0,unknown,0
7621,37,technician,single,tertiary,no,197,no,no,cellular,13,may,234,1,87,8,failure,0
7622,37,technician,single,tertiary,no,7291,no,no,cellular,13,may,106,1,87,3,success,0
7623,33,admin.,divorced,secondary,no,420,yes,no,telephone,6,feb,894,2,-1,22,unknown,0
7624,33,admin.,divorced,secondary,no,420,yes,no,telephone,6,feb,1594,2,-1,0,unknown,1
7625,61,unknown,married,primary,no,56,no,no,cellular,7,dec,288,3,-1,0,unknown,0
7626,61,retired,married,primary,no,56,no,no,cellular,7,may,288,3,83,0,unknown,0
7627,65,technician,single,tertiary,no,992,yes,no,cellular,5,feb,372,2,-1,0,unknown,0
7628,40,technician,single,tertiary,no,74379,yes,no,cellular,5,feb,71,2,-1,0,unknown,0
7629,77,management,married,tertiary,no,-242,yes,yes,cellular,18,may,600,4,161,4,other,0
7630,25,management,married,tertiary,no,-242,no,yes,cellular,18,may,600,4,332,9,other,0
7631,32,admin.,single,secondary,no,5,yes,no,telephone,12,sep,593,2,-1,0,unknown,0
7632,32,admin.,single,secondary,no,5,no,no,unknown,12,apr,593,2,-1,0,unknown,0
7633,56,management,divorced,tertiary,no,2037,no,yes,cellular,5,aug,318,1,70,6,failure,0
7634,56,management,divorced,tertiary,no,2037,no,yes,cellular,15,aug,318,1,91,6,failure,0
7635,78,technician,married,unknown,no,2473,no,no,cellular,28,aug,965,4,-1,0,unknown,0
7636,36,technician,married,secondary,no,2473,no,no,cellular,28,aug,575,4,-1,0,unknown,0
7637,33,housemaid,married,secondary,no,3935,yes,no,cellular,6,may,233,1,342,2,failure,0
7638,33,management,married,secondary,no,3935,yes,no,telephone,6,may,765,1,342,2,unknown,0
7639,57,technician,divorced,secondary,no,2710,yes,yes,unknown,7,oct,333,1,-1,0,unknown,1
7640,57,technician,divorced,secondary,no,2710,yes,yes,unknown,7,oct,333,1,-1,0,success,0
7641,37,entrepreneur,single,secondary,no,33261,yes,no,cellular,15,may,317,1,-1,0,unknown,0
7642,73,entrepreneur,single,secondary,no,-22,yes,no,cellular,1,may,317,1,-1,0,unknown,0
7643,60,admin.,married,secondary,no,3735,no,no,cellular,22,dec,190,1,259,9,failure,0
7644,32,admin.,married,secondary,no,3735,no,no,cellular,22,dec,190,1,188,9,failure,0
7645,34,technician,married,secondary,no,0,no,no,cellular,28,aug,1249,2,-1,0,unknown,0
7646,34,technician,married,secondary,no,45540,no,no,cellular,28,aug,1173,10,-1,0,unknown,1
7647,57,technician,divorced,secondary,no,81119,no,no,cellular,5,aug,480,3,174,0,unknown,0
7648,57,technician,divorced,secondary,no,470,no,no,cellular,13,aug,480,3,-1,0,failure,0
7649,33,admin.,single,secondary,no,464,no,no,cellular,10,aug,317,2,216,1,failure,0
7650,29,retired,single,secondary,no,464,no,yes,cellular,10,aug,317,2,518,1,failure,0
7651,36,admin.,single,secondary,no,53370,yes,no,cellular,15,apr,563,1,-1,0,unknown,0
7652,36,management,single,secondary,no,11174,yes,no,telephone,15,apr,953,1,-1,0,unknown,0
7653,35,management,divorced,tertiary,no,2646,yes,no,cellular,14,apr,133,8,183,2,success,0
7654,35,management,single,tertiary,no,79572,yes,no,cellular,14,apr,133,8,183,2,success,0
7655,70,retired,married,primary,no,35178,no,no,telephone,9,sep,394,1,-1,0,unknown,0
7656,70,retired,married,primary,no,6538,no,no,telephone,9,jul,394,1,-1,0,unknown,0
7657,28,student,married,secondary,no,1377,yes,no,cellular,14,may,432,2,-1,0,unknown,0
7658,28,student,single,secondary,no,1377,yes,no,cellular,30,may,100,2,-1,0,unknown,0
7659,37,technician,single,secondary,no,2442,yes,no,cellular,16,feb,91,7,-1,0,unknown,0
7660,55,technician,single,secondary,no,2442,no,no,cellular,16,feb,285,3,-1,0,unknown,0
7661,26,student,single,tertiary,no,21449,no,no,cellular,21,jun,110,2,-1,0,unknown,0
7662,62,student,single,tertiary,yes,10086,no,no,cellular,21,apr,110,2,-1,0,unknown,0
7663,33,technician,single,secondary,no,163,yes,no,cellular,13,aug,86,2,-1,0,unknown,0
7664,33,technician,single,secondary,no,163,yes,no,telephone,25,aug,627,2,-1,0,unknown,0
7665,60,blue-collar,married,primary,no,5,no,no,cellular,19,jan,70,1,92,1,success,0
7666,60,blue-collar,married,primary,no,5,no,no,cellular,29,jan,533,1,92,1,unknown,0
7667,28,student,married,secondary,no,0,no,no,cellular,18,feb,209,20,-1,0,unknown,0
7668,28,student,single,secondary,no,43288,no,no,cellular,18,feb,209,20,-1,3,unknown,0
7669,28,self-employed,married,secondary,no,1086,yes,no,cellular,20,apr,1112,3,-1,0,other,0
7670,28,technician,married,secondary,no,1086,yes,no,cellular,20,apr,222,3,-1,0,unknown,0
7671,40,services,divorced,tertiary,no,0,no,no,unknown,17,jun,522,1,-1,3,unknown,0
7672,40,technician,divorced,tertiary,no,0,no,no,unknown,17,jun,208,1,-1,13,unknown,0
7673,35,management,married,tertiary,no,611,no,no,cellular,11,oct,305,2,121,1,other,0
7674,35,management,married,tertiary,no,611,no,no,cellular,1,oct,305,2,121,5,unknown,0
7675,35,management,married,secondary,no,978,no,no,cellular,29,jun,14,2,182,6,success,0
7676,35,unemployed,divorced,secondary,no,978,no,no,cellular,29,jun,42,2,182,6,success,0
7677,37,management,single,tertiary,no,240,no,no,unknown,5,jun,153,6,-1,0,unknown,0
7678,37,management,single,tertiary,no,240,no,no,unknown,5,sep,1123,29,-1,0,unknown,0
7679,47,admin.,divorced,secondary,no,225,yes,no,cellular,28,aug,10,4,-1,0,unknown,0
7680,47,admin.,divorced,secondary,no,225,no,no,cellular,28,dec,154,4,-1,0,unknown,0
7681,37,management,single,tertiary,no,528,no,no,cellular,14,aug,201,2,-1,0,unknown,0
7682,25,management,single,tertiary,no,528,no,no,cellular,14,dec,201,1,-1,12,unknown,0
7683,30,self-employed,married,secondary,no,396,yes,no,cellular,29,may,366,3,348,2,failure,0
7684,30,admin.,married,secondary,no,396,yes,no,cellular,13,may,70,20,348,2,failure,0
7685,34,management,married,tertiary,no,1778,yes,no,cellular,4,nov,358,1,162,17,failure,0
7686,34,management,married,tertiary,no,1778,no,no,telephone,7,nov,358,1,162,2,failure,0
7687,39,self-employed,married,unknown,no,276,no,no,cellular,9,jun,334,2,-1,0,unknown,0
7688,39,blue-collar,married,secondary,no,276,no,no,cellular,9,nov,575,2,-1,0,unknown,0
7689,25,admin.,single,tertiary,no,3411,yes,no,cellular,19,aug,225,2,-1,0,unknown,0
7690,25,technician,divorced,tertiary,no,3411,no,yes,cellular,19,aug,225,2,-1,0,unknown,0
7691,36,blue-collar,single,tertiary,no,46554,no,no,cellular,28,aug,207,8,98,1,failure,0
7692,36,management,single,tertiary,no,49445,no,no,cellular,28,aug,207,8,98,1,failure,0
7693,60,management,married,tertiary,no,3301,no,no,unknown,17,jun,90,3,-1,0,success,0
7694,60,management,married,tertiary,no,3301,no,yes,cellular,17,jun,2621,3,-1,0,unknown,0
7695,49,services,married,secondary,no,2416,yes,no,unknown,16,apr,1366,1,-1,1,unknown,0
7696,49,services,married,secondary,no,2416,yes,no,cellular,25,apr,39,1,-1,0,unknown,0
7697,55,student,single,tertiary,no,163,no,no,cellular,3,aug,249,4,-1,0,unknown,0
7698,29,student,single,tertiary,no,74150,yes,no,cellular,3,aug,249,1,-1,0,unknown,0
7699,71,retired,divorced,secondary,no,2850,no,no,cellular,2,feb,185,1,-1,0,unknown,0
7700,43,retired,married,secondary,no,2850,no,no,cellular,17,feb,185,1,-1,0,unknown,0
7701,36,management,married,tertiary,no,255,no,no,cellular,25,may,242,6,95,4,failure,0
7702,36,management,married,tertiary,no,255,no,no,cellular,23,aug,242,6,95,4,other,0
7703,59,technician,married,secondary,no,1,no,no,cellular,15,apr,159,13,378,2,failure,0
7704,59,self-employed,married,secondary,no,77121,no,no,cellular,15,apr,159,2,378,3,failure,0
7705,22,admin.,single,tertiary,no,897,yes,no,cellular,4,jul,133,4,93,0,unknown,0
7706,22,admin.,single,tertiary,no,897,yes,no,cellular,25,feb,133,4,-1,0,other,0
7707,35,technician,married,secondary,no,16,yes,no,cellular,8,apr,903,10,-1,0,unknown,0
7708,35,technician,single,secondary,no,45542,yes,no,cellular,8,apr,903,2,-1,0,unknown,0
7709,37,management,married,secondary,no,2987,yes,no,cellular,15,feb,93,1,91,9,unknown,0
7710,37,management,married,tertiary,yes,2987,yes,no,cellular,15,jul,93,1,91,9,failure,0
7711,23,entrepreneur,married,tertiary,yes,489,no,yes,cellular,18,aug,1103,4,-1,0,unknown,1
7712,23,entrepreneur,married,tertiary,no,489,no,no,cellular,18,aug,1109,4,-1,0,unknown,1
7713,39,technician,single,tertiary,no,231,no,no,cellular,26,aug,428,2,-1,0,unknown,0
7714,41,technician,married,tertiary,no,231,yes,yes,cellular,26,aug,428,2,-1,0,unknown,0
7715,21,housemaid,married,unknown,no,1163,no,no,cellular,30,apr,470,8,-1,0,unknown,0
7716,60,housemaid,married,primary,no,1163,no,yes,cellular,30,apr,470,5,-1,0,unknown,0
7717,43,technician,married,secondary,no,994,yes,yes,cellular,5,may,872,1,175,0,unknown,1
7718,43,technician,married,secondary,no,994,yes,yes,cellular,5,may,1467,1,551,0,unknown,1
7719,58,unemployed,married,secondary,no,2714,no,yes,cellular,26,may,165,1,287,2,failure,0
7720,58,retired,married,secondary,no,2714,no,yes,cellular,26,may,1173,1,287,2,failure,0
7721,29,services,married,secondary,no,6567,yes,no,unknown,15,may,792,15,298,1,failure,0
7722,29,services,married,secondary,no,6567,yes,no,cellular,15,may,208,2,298,1,failure,0
7723,35,technician,single,secondary,no,3490,yes,no,unknown,29,aug,643,2,-1,0,unknown,0
7724,35,technician,single,secondary,no,3490,yes,no,telephone,15,aug,643,2,-1,0,unknown,0
7725,71,self-employed,married,secondary,no,1712,no,no,unknown,11,feb,660,1,-1,0,unknown,0
7726,71,retired,married,secondary,no,1712,no,no,unknown,11,feb,660,12,-1,0,unknown,0
7727,41,admin.,married,primary,no,2453,yes,no,unknown,23,may,1052,1,-1,0,unknown,0
7728,82,blue-collar,married,primary,no,2453,yes,no,unknown,15,may,707,1,-1,0,unknown,0
7729,39,management,married,tertiary,no,10041,no,no,cellular,15,jan,348,2,-1,2,unknown,0
7730,39,services,married,tertiary,no,2939,no,no,cellular,15,jan,348,2,91,0,unknown,0
7731,51,blue-collar,married,secondary,no,1414,yes,no,unknown,15,may,241,2,-1,6,success,0
7732,51,blue-collar,married,secondary,yes,1414,yes,no,unknown,15,may,937,2,-1,0,unknown,1
7733,37,self-employed,married,secondary,no,1633,yes,no,cellular,7,jul,629,2,-1,5,unknown,0
7734,37,self-employed,married,secondary,no,75327,no,no,cellular,7,jul,495,2,-1,0,unknown,0
7735,34,management,single,primary,no,1058,no,no,unknown,28,may,864,2,-1,0,unknown,0
7736,34,management,single,tertiary,no,1058,yes,no,unknown,28,may,147,2,-1,0,unknown,0
7737,42,management,single,tertiary,no,765,no,no,cellular,16,nov,238,1,-1,0,unknown,0
7738,29,management,single,tertiary,no,765,no,no,telephone,16,nov,238,1,-1,5,unknown,0
7739,24,services,single,secondary,no,414,yes,no,cellular,18,may,228,1,370,1,other,0
7740,24,services,married,secondary,no,32298,yes,no,cellular,18,may,493,1,370,1,other,0
7741,58,entrepreneur,married,tertiary,no,853,no,no,unknown,5,jun,182,2,-1,0,unknown,0
7742,87,entrepreneur,married,tertiary,no,853,no,no,cellular,5,jun,1149,2,-1,0,unknown,0
7743,37,management,single,primary,no,792,yes,yes,unknown,16,may,1187,4,-1,0,unknown,0
7744,37,management,single,secondary,no,792,yes,no,unknown,16,may,278,4,-1,0,unknown,0
7745,31,admin.,single,secondary,no,431,yes,no,unknown,13,may,1045,1,-1,0,unknown,0
7746,31,admin.,single,secondary,no,42460,yes,yes,unknown,20,may,1045,1,-1,0,unknown,0
7747,26,management,single,tertiary,no,3704,no,no,cellular,3,aug,238,4,-1,0,unknown,0
7748,26,management,married,tertiary,no,3704,no,no,cellular,19,aug,496,4,-1,0,unknown,0
7749,52,blue-collar,married,secondary,no,-519,yes,no,unknown,29,jun,442,8,-1,0,unknown,0
7750,52,entrepreneur,married,secondary,no,78329,yes,no,unknown,9,jun,442,8,-1,0,unknown,0
7751,42,technician,single,unknown,no,11115,no,no,cellular,10,aug,187,9,102,1,other,0
7752,42,technician,single,unknown,no,11115,no,no,cellular,10,aug,74,1,102,1,success,0
7753,26,blue-collar,divorced,secondary,no,191,yes,no,cellular,6,may,550,1,-1,0,failure,0
7754,26,blue-collar,divorced,secondary,no,191,yes,no,cellular,6,may,550,1,-1,12,unknown,0
7755,37,management,single,secondary,no,1027,yes,no,cellular,2,may,313,1,152,2,success,0
7756,37,management,single,tertiary,no,1027,yes,no,unknown,2,mar,313,1,152,2,other,0
7757,30,services,single,secondary,no,-271,yes,no,cellular,29,may,609,1,337,1,unknown,0
7758,30,services,single,secondary,no,-271,yes,no,cellular,7,may,609,1,337,11,other,0
7759,36,management,married,tertiary,no,0,yes,no,cellular,5,feb,721,2,277,1,other,1
7760,36,management,single,tertiary,no,0,yes,no,cellular,5,feb,1039,2,8,1,other,0
7761,37,technician,single,secondary,no,29,no,no,unknown,3,jul,767,2,-1,0,success,0
7762,37,technician,single,secondary,no,40646,no,no,unknown,3,mar,269,2,-1,0,unknown,1
7763,42,self-employed,married,tertiary,no,1382,no,no,unknown,9,jun,700,1,-1,0,unknown,0
7764,28,self-employed,divorced,primary,no,1382,no,no,unknown,9,jun,700,1,-1,0,unknown,0
7765,29,technician,single,secondary,no,3167,no,no,cellular,12,nov,358,1,-1,0,unknown,0
7766,29,technician,single,secondary,no,938,no,no,cellular,21,nov,358,1,-1,13,unknown,0
7767,44,management,married,tertiary,no,72683,yes,no,cellular,11,feb,71,1,190,1,success,0
7768,82,management,married,tertiary,no,1791,no,no,cellular,11,feb,71,1,84,1,success,0
7769,61,housemaid,married,primary,no,2580,yes,no,cellular,16,sep,120,3,202,7,other,0
7770,61,housemaid,married,primary,no,2580,no,no,unknown,16,sep,270,3,202,7,failure,0
7771,39,blue-collar,single,primary,no,24277,yes,no,telephone,28,aug,261,1,-1,0,unknown,0
7772,39,blue-collar,single,primary,no,24277,no,no,telephone,28,nov,261,1,-1,0,unknown,0
7773,29,technician,single,tertiary,no,1669,no,no,cellular,3,feb,747,1,-1,0,unknown,0
7774,29,technician,single,tertiary,no,1669,no,no,cellular,3,feb,297,5,-1,22,unknown,0
7775,82,housemaid,divorced,primary,no,1381,yes,no,cellular,28,jul,844,5,181,22,failure,0
7776,82,housemaid,divorced,primary,no,1381,yes,no,cellular,28,jul,205,5,181,4,failure,0
7777,38,technician,single,tertiary,no,508,yes,yes,cellular,12,aug,390,2,210,0,unknown,0
7778,38,technician,married,tertiary,no,508,yes,yes,cellular,6,aug,1103,2,-1,0,unknown,0
7779,33,blue-collar,married,secondary,no,86,yes,no,unknown,19,may,1613,1,-1,0,unknown,1
7780,33,technician,married,secondary,no,86,yes,no,unknown,19,oct,364,1,-1,0,unknown,1
7781,52,student,single,primary,no,134,no,no,cellular,27,mar,271,15,-1,0,unknown,0
7782,19,student,single,primary,no,134,no,no,cellular,20,feb,271,2,-1,0,unknown,0
7783,30,blue-collar,single,secondary,no,12997,no,yes,telephone,8,may,298,3,-1,0,unknown,0
7784,75,blue-collar,single,secondary,no,161,no,yes,telephone,8,sep,298,3,-1,0,unknown,0
7785,71,entrepreneur,single,unknown,no,323,no,no,cellular,28,feb,332,2,181,2,failure,0
7786,44,entrepreneur,single,unknown,no,323,no,no,cellular,1,feb,332,2,181,2,failure,0
7787,29,blue-collar,single,secondary,no,21233,no,yes,cellular,21,feb,574,1,-1,0,unknown,0
7788,29,blue-collar,divorced,secondary,no,-2552,no,yes,cellular,21,jul,574,1,-1,0,unknown,0
7789,47,management,married,tertiary,yes,3951,no,no,cellular,29,oct,164,1,-1,0,unknown,0
7790,73,management,married,tertiary,no,35864,no,no,cellular,29,oct,164,1,-1,0,unknown,0
7791,33,technician,single,tertiary,no,1636,yes,no,unknown,27,feb,165,1,-1,8,unknown,0
7792,33,technician,single,tertiary,no,1636,yes,no,unknown,27,feb,165,5,-1,0,unknown,0
7793,40,unemployed,married,secondary,no,1960,yes,no,unknown,10,jun,605,23,-1,0,unknown,0
7794,40,unemployed,married,secondary,no,1960,yes,no,unknown,17,jun,605,6,-1,0,unknown,0
7795,57,admin.,single,secondary,no,100,yes,no,cellular,11,aug,221,1,119,1,success,0
7796,40,admin.,single,secondary,no,100,yes,no,cellular,11,aug,221,1,461,8,unknown,0
7797,44,blue-collar,single,primary,no,36,no,no,cellular,15,may,158,1,371,2,failure,0
7798,44,blue-collar,single,primary,no,36,yes,no,cellular,4,may,551,1,161,2,failure,0
7799,36,blue-collar,married,secondary,no,249,yes,no,cellular,15,may,93,5,-1,0,unknown,0
7800,36,blue-collar,married,secondary,no,249,yes,no,telephone,15,may,593,5,-1,0,unknown,0
7801,26,unemployed,single,secondary,no,5296,no,yes,cellular,5,mar,229,1,205,1,failure,0
7802,57,student,single,secondary,no,5296,no,no,cellular,5,mar,13,1,205,1,failure,0
7803,23,services,single,secondary,no,488,no,no,cellular,29,jun,205,1,358,3,other,0
7804,23,services,single,secondary,no,488,no,no,unknown,29,jun,205,1,91,3,failure,0
7805,38,management,married,tertiary,no,216,yes,yes,cellular,21,may,1307,1,-1,0,unknown,1
7806,38,management,divorced,tertiary,no,216,yes,no,unknown,21,may,1307,1,138,0,unknown,1
7807,29,unemployed,single,tertiary,no,1788,no,no,cellular,27,oct,153,1,-1,0,unknown,0
7808,27,student,single,tertiary,no,1788,no,no,cellular,27,oct,353,1,-1,0,unknown,0
7809,47,blue-collar,single,secondary,no,1996,no,no,unknown,5,jun,761,20,-1,0,unknown,0
7810,50,self-employed,married,secondary,no,1996,no,no,unknown,5,jun,761,2,-1,0,unknown,0
7811,48,management,married,tertiary,no,190,no,no,cellular,25,aug,1391,22,-1,0,success,1
7812,48,management,married,secondary,no,190,no,no,cellular,25,aug,1571,22,-1,0,unknown,1
7813,56,blue-collar,married,primary,no,2765,no,no,cellular,13,apr,222,3,-1,0,success,0
7814,56,blue-collar,married,primary,no,18130,no,no,cellular,13,apr,222,3,-1,0,success,1
7815,82,retired,married,secondary,no,276,no,no,telephone,17,aug,199,25,-1,0,unknown,0
7816,45,retired,married,secondary,no,276,no,no,telephone,17,aug,199,25,-1,0,unknown,0
7817,38,housemaid,married,secondary,yes,316,no,no,cellular,22,jun,517,4,-1,0,unknown,1
7818,38,blue-collar,married,secondary,no,42838,no,no,cellular,22,aug,1602,4,-1,0,unknown,1
7819,32,admin.,married,tertiary,no,284,yes,no,cellular,29,apr,114,3,180,0,unknown,0
7820,32,admin.,married,tertiary,no,284,yes,no,cellular,29,apr,256,3,-1,0,unknown,0
7821,41,admin.,married,secondary,no,3138,yes,no,cellular,14,sep,409,1,398,0,failure,0
7822,41,admin.,married,secondary,no,3138,no,no,cellular,14,sep,64,1,398,1,failure,0
7823,44,blue-collar,married,secondary,no,215,no,yes,cellular,28,jul,1017,5,-1,0,unknown,1
7824,44,blue-collar,married,secondary,no,215,no,yes,cellular,28,jul,1776,8,-1,0,unknown,1
7825,50,management,married,unknown,no,8345,no,no,cellular,27,feb,194,1,190,1,unknown,0
7826,50,management,married,unknown,no,8345,yes,no,cellular,27,feb,194,1,62,1,failure,0
7827,39,management,married,secondary,no,61440,no,no,cellular,12,aug,559,2,-1,0,unknown,0
7828,39,entrepreneur,married,secondary,no,1880,no,no,cellular,12,aug,164,2,-1,0,unknown,0
7829,42,admin.,divorced,secondary,no,-172,yes,yes,unknown,4,jun,915,1,-1,0,unknown,1
7830,42,admin.,divorced,secondary,no,-172,yes,yes,unknown,4,jun,815,1,-1,11,unknown,1
7831,48,blue-collar,married,secondary,no,1382,yes,no,cellular,11,feb,397,2,-1,0,unknown,0
7832,39,blue-collar,married,secondary,yes,32354,yes,no,cellular,11,feb,397,2,-1,0,unknown,0
7833,68,retired,married,secondary,no,1443,no,no,telephone,21,dec,32,8,257,1,success,0
7834,68,retired,single,secondary,no,1443,no,no,telephone,21,dec,2062,2,257,1,failure,0
7835,44,technician,married,secondary,no,1262,yes,no,unknown,8,may,788,11,-1,0,unknown,0
7836,44,technician,married,secondary,no,1262,yes,no,cellular,26,may,788,11,-1,0,unknown,0
7837,34,admin.,single,secondary,yes,673,yes,no,cellular,29,jan,1492,1,260,2,failure,1
7838,61,admin.,single,secondary,no,673,yes,no,cellular,29,jan,904,1,260,2,failure,1
7839,76,management,single,tertiary,no,3384,no,no,cellular,4,jun,578,2,-1,0,unknown,0
7840,30,management,single,primary,no,3384,no,no,cellular,4,feb,578,2,-1,0,unknown,0
7841,28,retired,single,secondary,no,67,no,no,cellular,20,aug,329,10,199,2,other,0
7842,28,admin.,single,secondary,no,67,no,no,cellular,20,aug,329,3,199,10,other,0
7843,20,blue-collar,single,secondary,no,76,no,no,cellular,18,may,318,2,-1,0,unknown,0
7844,20,blue-collar,single,unknown,no,76,yes,no,cellular,4,may,639,2,-1,0,unknown,0
7845,30,student,single,tertiary,no,2766,no,no,cellular,21,nov,133,1,-1,0,unknown,0
7846,30,student,single,tertiary,no,76298,no,no,cellular,21,nov,162,1,-1,0,unknown,0
7847,33,retired,married,secondary,no,5,yes,no,unknown,13,may,1346,1,-1,0,unknown,0
7848,33,management,divorced,secondary,no,5,no,no,telephone,13,may,1346,1,-1,0,unknown,0
7849,38,student,married,tertiary,no,119,yes,no,unknown,13,may,568,10,-1,0,unknown,0
7850,38,management,married,tertiary,no,119,yes,no,unknown,27,may,717,4,-1,0,unknown,0
7851,42,blue-collar,married,secondary,no,218,yes,no,cellular,4,may,349,6,-1,0,unknown,0
7852,36,blue-collar,married,primary,no,218,yes,no,cellular,4,may,677,6,-1,0,unknown,0
7853,28,student,single,unknown,no,79929,yes,no,cellular,4,dec,232,3,310,2,failure,0
7854,28,student,married,unknown,no,78,no,no,cellular,4,dec,232,6,310,2,failure,0
7855,34,admin.,married,tertiary,no,53433,yes,no,unknown,12,nov,114,1,170,3,other,0
7856,34,admin.,married,tertiary,no,899,yes,no,unknown,12,nov,763,1,170,3,failure,0
7857,43,management,married,unknown,no,37422,no,no,cellular,5,aug,254,1,-1,0,unknown,0
7858,43,management,married,tertiary,no,1791,yes,no,cellular,5,aug,254,1,-1,0,unknown,0
7859,46,admin.,divorced,secondary,no,2087,no,no,cellular,20,nov,560,3,121,0,unknown,0
7860,46,blue-collar,divorced,secondary,no,2087,no,no,telephone,20,nov,768,3,-1,0,unknown,0
7861,30,admin.,married,secondary,no,377,yes,yes,unknown,4,jun,524,15,-1,0,unknown,0
7862,30,admin.,married,secondary,no,377,yes,no,unknown,4,jun,524,12,-1,0,unknown,0
7863,31,management,married,tertiary,no,59,yes,yes,cellular,23,may,1347,2,363,1,failure,0
7864,31,management,single,tertiary,no,75254,no,yes,cellular,6,may,1347,2,363,1,failure,0
7865,28,blue-collar,married,secondary,no,751,yes,no,cellular,22,aug,598,5,-1,0,unknown,0
7866,28,blue-collar,married,secondary,no,77029,yes,no,cellular,22,jul,598,5,-1,0,success,0
7867,39,blue-collar,married,secondary,no,661,yes,no,cellular,3,aug,744,4,267,4,failure,1
7868,39,blue-collar,married,secondary,no,43393,yes,no,cellular,3,feb,1164,4,267,4,failure,1
7869,31,self-employed,single,tertiary,no,1657,yes,yes,cellular,28,jan,872,10,-1,17,unknown,0
7870,31,self-employed,single,tertiary,no,1657,yes,yes,unknown,28,jan,872,1,320,0,unknown,0
7871,50,blue-collar,married,secondary,no,253,yes,yes,cellular,15,may,968,2,-1,0,unknown,1
7872,50,blue-collar,married,secondary,no,253,yes,no,cellular,5,may,830,2,-1,0,unknown,1
7873,23,management,single,tertiary,no,2143,no,no,cellular,30,dec,180,2,-1,0,unknown,0
7874,23,management,single,tertiary,no,2143,no,no,cellular,30,mar,30,2,-1,0,unknown,0
7875,65,unemployed,married,secondary,no,3195,no,no,telephone,2,aug,904,1,-1,0,failure,0
7876,65,unemployed,divorced,secondary,no,3195,no,no,telephone,2,sep,904,1,-1,0,unknown,0
7877,47,technician,married,secondary,no,43877,no,no,cellular,21,nov,591,1,10,3,failure,0
7878,47,technician,married,secondary,no,28777,no,no,cellular,18,nov,591,1,10,1,failure,0
7879,35,unemployed,single,secondary,no,127,no,no,telephone,14,nov,162,25,-1,0,unknown,0
7880,42,unemployed,single,primary,no,127,yes,no,telephone,14,nov,162,1,-1,0,unknown,0
7881,41,technician,single,tertiary,no,1646,yes,no,cellular,5,may,258,9,90,7,failure,0
7882,49,technician,single,tertiary,no,1646,yes,no,cellular,5,may,258,1,304,7,success,0
7883,44,blue-collar,married,unknown,no,48279,yes,no,cellular,2,jul,275,1,-1,0,unknown,0
7884,44,blue-collar,married,secondary,no,56497,yes,no,cellular,2,jul,275,1,-1,0,unknown,0
7885,58,management,married,secondary,no,3161,no,no,telephone,30,apr,542,2,-1,0,unknown,0
7886,58,management,divorced,secondary,no,3161,no,no,telephone,30,jul,829,2,-1,0,unknown,0
7887,32,technician,married,tertiary,no,636,yes,no,cellular,28,aug,161,1,242,4,success,0
7888,32,technician,married,tertiary,no,636,yes,no,unknown,28,aug,112,1,116,4,success,0
7889,43,admin.,married,secondary,no,132,no,no,cellular,19,aug,574,1,84,3,unknown,0
7890,43,admin.,married,tertiary,no,132,no,no,cellular,19,aug,574,1,84,3,other,0
7891,67,admin.,married,secondary,no,3098,yes,no,telephone,21,nov,802,9,-1,0,unknown,1
7892,46,admin.,married,secondary,no,3098,yes,no,telephone,21,nov,1141,9,-1,0,unknown,1
7893,48,housemaid,married,secondary,no,65728,no,yes,cellular,28,jul,137,3,-1,0,unknown,0
7894,48,housemaid,married,secondary,no,54191,no,yes,unknown,28,jul,939,3,-1,0,unknown,0
7895,29,self-employed,single,primary,no,3290,no,no,cellular,23,mar,136,1,291,2,unknown,0
7896,29,self-employed,single,tertiary,no,3290,no,no,cellular,23,mar,136,1,297,2,other,0
7897,33,management,married,secondary,no,369,no,no,cellular,25,aug,1776,1,92,3,failure,1
7898,63,management,married,secondary,no,369,no,no,cellular,25,aug,299,1,92,3,failure,1
7899,53,technician,divorced,secondary,no,6831,no,no,telephone,13,may,1130,2,-1,0,unknown,0
7900,80,technician,married,secondary,no,6831,no,no,cellular,13,may,1130,2,-1,0,unknown,0
7901,54,technician,divorced,secondary,no,1252,yes,no,cellular,11,nov,1556,1,350,1,failure,1
7902,54,technician,divorced,secondary,no,1252,yes,yes,cellular,11,may,961,1,350,1,failure,1
7903,26,blue-collar,single,unknown,no,513,yes,yes,cellular,18,may,351,1,-1,0,unknown,0
7904,79,admin.,single,secondary,no,513,yes,yes,cellular,18,may,351,1,-1,0,unknown,0
7905,41,unemployed,married,tertiary,no,79,no,no,telephone,9,nov,128,1,390,2,success,0
7906,41,entrepreneur,single,tertiary,no,79,no,no,telephone,9,nov,86,1,390,2,success,0
7907,30,student,single,secondary,no,27702,yes,no,telephone,21,apr,595,3,254,1,failure,0
7908,30,student,single,secondary,no,18618,no,no,telephone,21,feb,595,3,254,1,failure,0
7909,45,management,married,tertiary,no,2671,no,no,cellular,6,aug,94,4,238,0,unknown,0
7910,42,management,married,tertiary,no,2671,no,no,cellular,14,aug,94,25,-1,0,unknown,0
7911,49,admin.,single,unknown,no,1226,no,no,cellular,30,apr,576,1,-1,0,unknown,1
7912,49,admin.,divorced,unknown,no,1226,no,no,cellular,30,apr,400,1,-1,0,success,1
7913,52,services,married,secondary,no,1000,no,no,cellular,5,aug,365,2,-1,0,unknown,0
7914,70,services,married,secondary,no,1000,no,no,cellular,14,aug,766,2,-1,0,unknown,0
7915,54,blue-collar,divorced,secondary,no,1371,no,no,telephone,25,jul,1492,2,-1,0,unknown,0
7916,54,retired,married,secondary,no,1371,no,yes,telephone,25,jul,1492,15,-1,0,unknown,0
7917,56,services,married,secondary,no,-229,no,yes,cellular,23,jul,1190,10,-1,0,unknown,1
7918,56,services,married,secondary,no,-229,no,yes,cellular,23,jul,824,10,-1,0,unknown,1
7919,77,retired,married,unknown,no,1807,no,no,telephone,20,jun,373,1,-1,12,unknown,0
7920,77,retired,married,unknown,no,1807,no,no,telephone,20,oct,200,2,-1,0,unknown,0
7921,43,entrepreneur,married,secondary,no,0,no,yes,unknown,3,jul,1025,7,-1,0,unknown,0
7922,43,entrepreneur,married,secondary,no,58506,no,no,unknown,3,jun,1025,7,-1,0,unknown,0
7923,60,blue-collar,married,secondary,no,863,yes,no,telephone,4,may,412,5,350,0,success,0
7924,48,management,married,secondary,no,863,yes,no,unknown,4,may,412,5,350,2,success,0
7925,35,services,married,secondary,no,4170,yes,no,unknown,20,may,472,1,-1,0,success,0
7926,35,services,married,secondary,no,30569,yes,no,unknown,2,may,1777,1,-1,0,unknown,0
7927,39,blue-collar,married,unknown,no,18,no,no,cellular,7,jul,1556,3,-1,0,success,1
7928,39,blue-collar,married,unknown,no,18,no,no,cellular,7,jan,1112,3,-1,0,unknown,0
7929,58,unemployed,married,primary,no,4967,no,no,telephone,4,feb,1613,6,-1,0,unknown,1
7930,58,unemployed,married,primary,no,4967,no,no,telephone,4,feb,1080,3,-1,0,unknown,1
7931,24,blue-collar,single,secondary,no,833,yes,no,cellular,15,may,514,25,-1,0,unknown,0
7932,24,blue-collar,single,secondary,no,833,yes,no,cellular,15,may,309,1,10,0,unknown,0
7933,46,blue-collar,divorced,primary,no,168,yes,no,cellular,20,sep,255,1,336,4,other,0
7934,46,blue-collar,divorced,secondary,no,168,yes,no,cellular,20,mar,623,1,336,4,other,1
7935,32,admin.,single,tertiary,no,291,no,no,telephone,28,jan,268,6,275,5,success,1
7936,32,entrepreneur,single,tertiary,no,291,no,no,telephone,28,jan,223,6,275,5,success,1
7937,55,retired,married,secondary,no,0,no,no,cellular,4,aug,192,1,-1,0,unknown,0
7938,55,retired,married,unknown,no,0,no,no,cellular,30,aug,1110,1,-1,0,unknown,0
7939,48,management,married,tertiary,no,2960,no,no,telephone,5,jun,728,1,-1,0,unknown,1
7940,48,management,married,tertiary,no,2960,no,no,unknown,5,jun,1134,1,-1,0,unknown,1
7941,40,entrepreneur,married,tertiary,no,3585,no,yes,unknown,15,sep,506,3,-1,0,unknown,0
7942,40,entrepreneur,married,tertiary,no,3585,no,no,unknown,15,sep,506,3,-1,0,other,0
7943,64,retired,married,secondary,no,40616,yes,no,cellular,22,jun,152,1,-1,0,unknown,0
7944,64,retired,married,secondary,no,5966,yes,no,cellular,22,jun,91,1,-1,0,unknown,0
7945,46,blue-collar,married,primary,no,456,no,yes,cellular,18,aug,618,6,-1,17,unknown,0
7946,46,blue-collar,married,tertiary,no,51444,no,yes,cellular,18,aug,618,6,-1,0,unknown,0
7947,48,admin.,divorced,secondary,no,362,no,no,telephone,13,apr,529,1,-1,0,unknown,0
7948,48,admin.,divorced,secondary,no,362,no,no,cellular,13,aug,529,8,-1,5,unknown,0
7949,48,technician,divorced,secondary,no,522,yes,no,unknown,19,may,1319,1,-1,0,unknown,1
7950,48,technician,married,secondary,no,29452,yes,no,unknown,19,may,1613,1,-1,0,unknown,1
7951,35,housemaid,married,secondary,no,149,no,no,cellular,29,apr,507,3,349,1,other,0
7952,35,blue-collar,married,secondary,no,149,yes,no,cellular,29,apr,230,3,349,1,other,0
7953,56,services,married,primary,no,486,no,yes,telephone,21,jul,612,1,-1,0,unknown,0
7954,56,services,married,primary,no,486,no,yes,unknown,21,jul,1877,1,-1,0,failure,0
7955,27,student,single,secondary,no,6036,yes,no,cellular,4,mar,175,1,181,1,failure,0
7956,27,student,single,secondary,no,6036,no,yes,cellular,31,mar,175,1,210,1,failure,0
7957,45,retired,divorced,tertiary,no,-395,yes,no,unknown,13,may,470,23,-1,0,unknown,0
7958,45,blue-collar,divorced,tertiary,no,-395,yes,no,unknown,26,may,470,1,-1,0,unknown,0
7959,82,retired,married,primary,no,8603,no,yes,telephone,7,jul,429,1,-1,0,unknown,0
7960,56,retired,married,primary,yes,8603,no,no,cellular,7,jul,429,1,-1,0,unknown,0
7961,49,blue-collar,married,secondary,no,1730,yes,no,cellular,4,aug,605,2,313,4,unknown,0
7962,49,blue-collar,married,primary,no,1730,yes,no,cellular,4,aug,84,2,92,4,success,0
7963,39,unknown,married,secondary,no,248,no,no,cellular,17,apr,649,1,-1,0,unknown,1
7964,39,admin.,married,secondary,no,248,no,no,cellular,17,dec,649,1,-1,0,unknown,1
7965,38,student,married,unknown,no,0,no,no,cellular,8,jul,341,1,60,4,failure,0
7966,38,student,married,secondary,no,0,no,no,cellular,8,jul,341,1,102,1,failure,0
7967,73,self-employed,married,tertiary,no,5,yes,yes,cellular,21,nov,635,11,135,2,failure,0
7968,31,self-employed,married,tertiary,no,31970,no,yes,cellular,21,nov,635,1,135,2,failure,0
7969,70,retired,married,primary,no,324,no,no,cellular,11,nov,101,1,308,6,other,0
7970,70,retired,married,primary,no,324,no,no,unknown,11,aug,107,1,308,6,other,0
7971,79,unemployed,married,secondary,no,723,no,no,telephone,9,sep,1555,1,79,3,failure,0
7972,79,retired,married,secondary,no,723,no,yes,telephone,9,sep,276,1,79,3,other,0
7973,44,services,divorced,secondary,no,-368,yes,no,cellular,5,may,636,1,-1,0,unknown,0
7974,44,services,divorced,secondary,no,-368,yes,no,cellular,5,may,366,1,-1,0,unknown,0
7975,26,services,single,tertiary,no,1445,no,no,cellular,23,oct,171,1,-1,0,unknown,0
7976,26,admin.,single,secondary,no,1445,no,no,telephone,23,dec,171,1,-1,0,unknown,0
7977,38,services,married,secondary,no,7208,yes,no,cellular,13,may,642,1,277,0,unknown,1
7978,38,services,married,secondary,no,7208,yes,no,telephone,13,may,1160,1,-1,0,unknown,1
7979,28,admin.,single,secondary,no,127,no,no,unknown,16,nov,1334,2,-1,0,unknown,0
7980,28,admin.,single,secondary,no,127,no,no,cellular,16,feb,161,2,-1,0,unknown,0
7981,37,management,married,tertiary,no,287,yes,no,cellular,25,jul,963,8,-1,0,unknown,1
7982,37,management,married,tertiary,no,287,yes,no,cellular,9,jul,958,2,-1,0,unknown,1
7983,58,technician,married,primary,no,4198,no,yes,cellular,15,oct,441,5,246,5,other,0
7984,58,technician,married,primary,no,4198,no,yes,cellular,15,mar,441,5,246,5,failure,0
7985,31,blue-collar,single,unknown,no,6281,no,no,cellular,22,oct,105,1,128,3,other,0
7986,31,blue-collar,single,unknown,no,6281,no,no,telephone,22,oct,105,1,128,3,other,0
7987,44,self-employed,divorced,tertiary,no,1070,yes,no,cellular,11,nov,172,6,91,5,other,0
7988,20,self-employed,divorced,tertiary,no,1070,yes,no,cellular,11,nov,172,1,91,5,unknown,0
7989,49,management,married,secondary,no,1623,yes,no,unknown,19,nov,1081,2,-1,11,unknown,0
7990,49,management,married,unknown,no,1623,yes,no,cellular,19,nov,388,2,-1,0,unknown,0
7991,45,unemployed,divorced,unknown,no,0,no,no,cellular,21,jul,278,3,-1,0,unknown,0
7992,45,unknown,divorced,unknown,no,0,no,no,telephone,21,apr,278,3,-1,9,unknown,0
7993,44,technician,single,tertiary,no,643,yes,no,cellular,16,oct,1112,1,143,3,failure,0
7994,44,technician,single,tertiary,no,643,no,no,unknown,7,oct,324,1,143,3,failure,0
7995,34,blue-collar,married,primary,no,-1,no,no,cellular,18,may,1057,6,166,1,other,0
7996,82,blue-collar,married,primary,no,-1,no,no,cellular,18,may,1057,6,355,1,other,0
7997,33,technician,single,tertiary,no,317,yes,no,cellular,4,jun,138,1,143,14,other,0
7998,33,technician,single,tertiary,no,317,yes,no,cellular,4,jun,147,1,80,14,other,0
7999,35,management,divorced,secondary,no,-324,no,yes,cellular,21,jul,985,11,-1,0,unknown,0
8000,35,management,single,tertiary,no,69970,no,no,cellular,21,jul,985,11,-1,0,unknown,0
8001,57,housemaid,married,primary,no,2785,no,no,unknown,11,aug,610,22,-1,0,unknown,0
8002,57,housemaid,married,primary,no,34552,no,yes,cellular,11,aug,610,4,-1,0,unknown,0
8003,42,blue-collar,married,secondary,no,8865,no,no,cellular,22,may,324,1,106,1,failure,0
8004,42,blue-collar,married,secondary,no,366,yes,yes,cellular,16,may,324,1,106,1,failure,0
8005,38,technician,married,primary,no,217,yes,no,unknown,9,jun,774,6,-1,0,unknown,0
8006,38,technician,married,primary,no,49032,yes,no,unknown,9,jun,491,6,-1,0,unknown,0
8007,31,management,single,tertiary,no,533,no,no,telephone,12,may,372,1,276,10,other,0
8008,31,management,single,tertiary,no,533,no,no,telephone,12,may,372,1,90,10,other,0
8009,30,technician,married,secondary,no,3144,no,no,cellular,19,jun,212,2,-1,0,unknown,0
8010,30,management,single,secondary,no,79832,no,no,cellular,19,may,212,2,-1,0,unknown,0
8011,46,entrepreneur,married,tertiary,no,1920,no,yes,cellular,22,aug,604,6,277,0,unknown,0
8012,46,entrepreneur,married,tertiary,no,6747,no,no,cellular,4,aug,604,6,-1,0,unknown,0
8013,59,admin.,married,secondary,no,40490,no,no,cellular,22,may,186,1,-1,0,unknown,0
8014,59,admin.,married,secondary,no,30896,no,no,cellular,22,aug,186,1,-1,0,unknown,0
8015,41,services,married,secondary,no,-700,no,yes,unknown,12,jun,1151,1,-1,6,unknown,1
8016,41,services,married,secondary,no,-700,no,yes,unknown,12,jun,978,1,-1,0,unknown,1
8017,60,retired,divorced,tertiary,no,979,yes,no,cellular,15,jan,417,3,347,1,unknown,0
8018,60,unknown,divorced,tertiary,no,979,yes,no,cellular,15,jan,295,10,347,1,failure,0
8019,35,blue-collar,married,primary,no,102,yes,no,unknown,20,may,351,1,-1,0,unknown,0
8020,19,blue-collar,married,primary,no,102,yes,no,unknown,20,apr,1334,1,-1,0,unknown,0
8021,35,management,single,unknown,no,1599,yes,yes,cellular,13,apr,337,1,-1,0,unknown,0
8022,35,management,single,tertiary,no,1599,yes,yes,cellular,20,apr,407,1,-1,0,unknown,0
8023,35,management,married,tertiary,no,62,no,no,cellular,7,may,91,2,88,4,success,0
8024,35,management,married,tertiary,no,62,no,no,cellular,7,may,114,2,88,4,success,0
8025,35,technician,single,tertiary,no,670,no,no,cellular,13,apr,301,4,182,2,failure,0
8026,35,technician,single,tertiary,no,670,no,no,cellular,13,apr,278,29,182,2,other,0
8027,31,blue-collar,married,primary,no,-464,yes,yes,unknown,12,jan,1330,4,-1,0,unknown,1
8028,31,blue-collar,married,primary,no,-464,yes,yes,unknown,12,nov,1594,4,-1,0,unknown,1
8029,57,services,married,primary,no,-319,no,no,cellular,23,feb,620,1,196,1,other,1
8030,57,services,married,primary,no,68734,no,yes,cellular,5,feb,620,1,196,1,success,1
8031,40,blue-collar,divorced,secondary,no,973,no,no,unknown,14,may,449,2,-1,0,unknown,0
8032,40,admin.,divorced,secondary,no,973,yes,no,cellular,14,may,449,1,-1,0,unknown,0
8033,37,admin.,divorced,secondary,no,3834,yes,no,unknown,21,may,848,1,-1,0,unknown,1
8034,37,admin.,divorced,secondary,no,3834,yes,no,unknown,21,may,1002,1,-1,0,unknown,1
8035,30,services,divorced,secondary,no,459,yes,no,cellular,18,jul,494,1,-1,0,unknown,0
8036,30,services,divorced,primary,no,63864,yes,no,cellular,20,jul,494,1,-1,0,unknown,0
8037,39,management,married,tertiary,no,271,yes,no,cellular,12,aug,262,1,-1,0,unknown,0
8038,39,management,married,tertiary,no,271,yes,no,cellular,12,aug,87,1,-1,0,unknown,0
8039,27,technician,single,tertiary,no,667,no,no,cellular,29,apr,866,29,-1,0,unknown,0
8040,27,technician,single,secondary,no,667,no,no,cellular,29,jan,866,2,-1,0,other,0
8041,36,admin.,single,tertiary,no,364,no,yes,unknown,19,aug,185,1,123,1,failure,0
8042,36,admin.,single,tertiary,no,364,no,yes,cellular,11,aug,185,1,123,1,failure,0
8043,38,blue-collar,divorced,tertiary,no,0,yes,no,telephone,20,apr,162,1,181,5,failure,0
8044,38,blue-collar,divorced,secondary,no,0,yes,no,unknown,20,apr,121,1,181,5,success,0
8045,78,retired,married,unknown,no,18357,no,no,telephone,3,feb,892,2,104,4,other,0
8046,78,admin.,married,unknown,no,4807,no,no,telephone,3,feb,892,2,104,4,failure,0
8047,56,blue-collar,married,primary,no,8163,no,no,cellular,14,aug,394,4,-1,0,unknown,0
8048,56,management,married,unknown,no,8163,no,no,cellular,14,aug,1231,4,-1,0,unknown,0
8049,47,blue-collar,married,secondary,no,1568,yes,no,cellular,19,feb,388,1,262,5,other,0
8050,47,retired,married,secondary,no,1568,yes,no,cellular,19,feb,388,1,262,7,other,0
8051,52,management,married,tertiary,no,1227,no,no,cellular,22,aug,559,4,-1,0,unknown,0
8052,52,management,married,tertiary,no,1227,no,no,cellular,22,aug,138,2,-1,0,unknown,0
8053,68,unknown,married,secondary,no,1146,no,no,cellular,3,mar,153,2,110,3,unknown,0
8054,68,retired,married,secondary,no,1146,no,yes,cellular,3,mar,153,2,110,3,unknown,0
8055,59,unemployed,married,primary,no,0,no,no,cellular,30,sep,3025,2,-1,0,success,1
8056,59,unemployed,married,primary,no,0,no,no,cellular,30,oct,353,2,-1,0,unknown,1
8057,54,housemaid,single,secondary,no,1475,yes,no,cellular,16,nov,1166,3,530,12,other,0
8058,76,housemaid,single,secondary,no,1475,yes,no,cellular,16,nov,1166,3,530,12,other,0
8059,51,unemployed,married,secondary,no,1416,no,no,unknown,9,sep,345,1,199,0,unknown,0
8060,51,unemployed,married,secondary,no,1416,no,no,cellular,9,aug,345,1,-1,0,unknown,0
8061,31,admin.,single,secondary,no,690,no,no,cellular,6,feb,1175,12,310,0,unknown,1
8062,31,admin.,single,secondary,no,690,no,no,cellular,6,feb,1541,12,-1,0,success,1
8063,36,technician,married,tertiary,no,341,no,no,cellular,13,aug,110,1,-1,3,unknown,0
8064,36,technician,married,tertiary,no,341,no,no,cellular,14,aug,370,1,-1,0,unknown,0
8065,42,management,married,tertiary,no,1275,no,yes,cellular,21,nov,925,5,-1,4,unknown,0
8066,42,management,married,tertiary,no,1275,yes,yes,cellular,21,nov,251,5,-1,0,unknown,0
8067,42,management,single,tertiary,no,11008,no,no,cellular,28,jul,55,6,405,6,success,0
8068,42,management,single,tertiary,no,11008,no,no,cellular,28,jul,120,6,405,1,success,0
8069,46,admin.,married,tertiary,no,-522,yes,no,cellular,27,feb,243,3,239,13,other,0
8070,46,admin.,married,secondary,no,-522,yes,no,cellular,27,apr,243,3,239,13,other,0
8071,54,student,divorced,primary,no,4401,no,no,telephone,13,may,414,1,183,2,other,0
8072,54,blue-collar,divorced,primary,no,4401,no,no,telephone,13,may,80,1,183,2,success,0
8073,36,entrepreneur,divorced,tertiary,yes,3407,no,no,cellular,9,jun,94,4,85,4,success,0
8074,36,entrepreneur,divorced,tertiary,no,3407,yes,no,cellular,9,may,993,4,85,4,success,0
8075,33,student,single,unknown,no,1170,no,no,cellular,30,apr,352,25,-1,0,unknown,0
8076,33,student,single,unknown,no,1170,no,no,cellular,30,apr,352,15,-1,0,unknown,0
8077,46,technician,married,secondary,no,9299,no,no,cellular,19,jul,128,1,276,2,unknown,0
8078,46,technician,married,secondary,no,9299,no,no,unknown,19,jul,126,1,276,2,other,0
8079,40,management,married,tertiary,no,0,no,no,telephone,10,nov,147,1,279,8,success,0
8080,40,management,married,tertiary,no,0,no,no,cellular,10,aug,147,1,375,8,success,0
8081,36,entrepreneur,single,secondary,no,365,no,no,cellular,4,may,75,1,-1,0,unknown,0
8082,36,services,single,secondary,no,365,no,no,unknown,4,may,643,1,89,0,unknown,0
8083,49,management,married,tertiary,no,0,no,no,telephone,17,dec,817,1,-1,0,unknown,0
8084,50,management,married,tertiary,no,79887,no,no,telephone,17,oct,223,1,-1,0,unknown,0
8085,61,management,married,tertiary,no,3918,no,no,unknown,16,oct,136,2,-1,0,unknown,0
8086,61,management,married,tertiary,no,0,no,no,cellular,6,oct,136,2,-1,8,unknown,0
8087,34,blue-collar,divorced,secondary,no,1464,yes,no,cellular,28,jun,207,3,130,5,other,0
8088,34,blue-collar,married,secondary,no,1464,yes,no,telephone,28,aug,207,3,312,5,other,0
8089,36,entrepreneur,single,secondary,no,866,yes,no,cellular,11,may,174,1,173,13,failure,0
8090,67,entrepreneur,single,secondary,no,-2536,yes,no,cellular,11,may,629,1,173,1,failure,0
8091,31,management,married,tertiary,no,1331,no,yes,cellular,30,apr,297,1,86,3,failure,0
8092,31,management,married,unknown,no,1331,no,no,cellular,30,apr,297,1,86,3,unknown,0
8093,28,services,single,primary,no,128,no,no,cellular,27,may,117,1,414,1,failure,0
8094,28,services,single,tertiary,no,128,no,no,telephone,27,may,460,23,414,1,failure,0
8095,30,blue-collar,married,secondary,no,486,yes,no,unknown,3,may,1109,3,-1,1,unknown,0
8096,62,blue-collar,married,secondary,no,486,yes,no,unknown,29,may,652,3,-1,0,unknown,0
8097,31,unemployed,divorced,tertiary,no,256,yes,no,cellular,16,jul,289,2,-1,0,unknown,0
8098,31,unemployed,divorced,tertiary,no,256,yes,no,cellular,16,apr,98,2,-1,0,unknown,0
8099,27,self-employed,divorced,secondary,no,65842,yes,no,cellular,6,feb,1160,2,192,4,success,1
8100,31,student,divorced,secondary,no,165,yes,no,cellular,6,feb,1160,2,192,4,failure,0
8101,43,management,married,tertiary,no,2640,no,no,cellular,21,nov,926,4,-1,0,unknown,0
8102,43,services,married,tertiary,no,2640,no,no,cellular,21,nov,314,4,134,0,unknown,0
8103,25,student,single,secondary,no,4147,no,no,telephone,14,aug,211,3,-1,0,unknown,0
8104,25,unemployed,married,secondary,no,4147,no,no,cellular,14,aug,211,3,-1,0,unknown,0
8105,52,services,married,tertiary,no,583,no,no,cellular,17,may,376,1,181,3,other,0
8106,52,management,divorced,tertiary,no,583,no,no,cellular,17,may,376,1,181,3,failure,0
8107,60,management,married,tertiary,no,141,yes,yes,cellular,4,feb,572,2,238,7,other,0
8108,31,management,married,primary,no,141,yes,no,cellular,20,feb,572,2,238,7,other,0
8109,41,technician,married,secondary,no,589,yes,no,cellular,11,aug,167,1,190,5,failure,0
8110,57,technician,married,secondary,yes,47770,yes,no,cellular,11,aug,167,1,190,5,failure,0
8111,36,services,married,secondary,no,52,yes,no,telephone,7,sep,351,1,95,6,failure,0
8112,36,services,married,secondary,no,52,yes,no,cellular,7,sep,9,1,95,6,success,0
8113,41,student,single,secondary,no,480,no,no,cellular,9,feb,104,2,182,1,failure,0
8114,23,student,single,secondary,no,480,no,yes,cellular,9,feb,213,2,182,1,failure,0
8115,41,blue-collar,married,secondary,no,271,yes,no,cellular,17,jun,1336,2,172,2,failure,1
8116,41,blue-collar,married,secondary,no,271,yes,no,cellular,17,nov,635,2,172,2,success,1
8117,35,blue-collar,married,primary,no,994,yes,no,unknown,23,may,671,8,115,0,unknown,0
8118,35,blue-collar,married,primary,no,994,yes,no,telephone,23,may,1349,8,-1,22,unknown,0
8119,63,management,married,tertiary,no,66006,no,no,cellular,16,nov,432,5,-1,6,unknown,0
8120,63,management,single,tertiary,no,3115,no,no,unknown,16,nov,432,5,-1,0,unknown,0
8121,74,retired,single,secondary,no,921,no,no,telephone,3,apr,394,2,-1,0,unknown,0
8122,74,retired,married,secondary,no,71473,no,no,telephone,17,dec,394,2,-1,0,unknown,0
8123,54,unknown,married,unknown,no,895,no,no,cellular,7,mar,335,10,-1,0,unknown,0
8124,54,unknown,single,unknown,no,895,yes,no,cellular,7,oct,335,1,-1,0,unknown,0
8125,33,management,married,tertiary,no,1514,no,no,cellular,10,aug,447,20,10,2,failure,0
8126,74,management,married,tertiary,no,1514,no,no,cellular,10,aug,447,1,222,2,failure,0
8127,39,services,single,secondary,no,91,no,no,cellular,2,jan,207,1,-1,0,unknown,0
8128,38,services,single,secondary,no,91,no,no,cellular,2,nov,426,1,-1,0,unknown,0
8129,56,admin.,married,secondary,no,1407,no,no,cellular,1,jun,388,1,-1,0,unknown,1
8130,56,management,married,tertiary,yes,1407,no,no,cellular,1,jun,388,1,-1,0,success,0
8131,46,entrepreneur,divorced,secondary,no,-563,no,yes,telephone,15,jul,769,4,-1,12,unknown,0
8132,46,entrepreneur,divorced,unknown,no,-563,no,yes,cellular,15,jul,313,4,-1,0,unknown,0
8133,54,management,married,tertiary,no,8295,no,no,cellular,18,oct,849,2,119,1,failure,0
8134,54,management,married,secondary,no,8295,yes,no,cellular,2,oct,849,2,119,1,success,0
8135,59,retired,divorced,tertiary,no,37443,no,no,cellular,10,aug,252,1,185,2,failure,0
8136,59,retired,divorced,tertiary,no,3444,no,no,cellular,10,aug,118,1,355,2,success,0
8137,50,services,single,primary,no,148,yes,no,unknown,23,may,845,2,-1,0,unknown,1
8138,50,services,single,primary,no,148,yes,no,unknown,7,may,1143,2,-1,0,unknown,1
8139,50,admin.,married,secondary,no,706,yes,no,cellular,6,aug,81,4,-1,0,failure,0
8140,50,admin.,married,secondary,yes,706,yes,no,cellular,6,aug,170,4,-1,0,unknown,0
8141,36,management,married,tertiary,no,203,no,no,cellular,23,jul,608,3,179,2,unknown,0
8142,36,management,married,tertiary,no,203,no,yes,cellular,23,jul,608,3,179,2,other,0
8143,59,student,married,secondary,no,0,no,no,unknown,5,jun,812,7,-1,0,unknown,0
8144,59,retired,married,secondary,no,0,no,no,unknown,5,jun,812,20,-1,0,unknown,0
8145,47,management,married,tertiary,no,3663,yes,no,cellular,29,oct,424,2,213,3,unknown,0
8146,47,management,married,tertiary,no,3663,no,yes,cellular,29,oct,424,2,213,3,failure,0
8147,53,retired,married,secondary,yes,665,yes,no,cellular,8,apr,371,2,-1,0,unknown,0
8148,53,admin.,married,secondary,no,665,yes,no,cellular,22,apr,371,2,-1,0,unknown,0
8149,48,blue-collar,married,secondary,no,1230,yes,no,cellular,12,nov,91,1,196,2,success,0
8150,87,blue-collar,married,secondary,no,1230,yes,no,cellular,12,nov,169,1,196,2,failure,0
8151,59,blue-collar,married,primary,no,229,yes,yes,unknown,7,may,1467,1,-1,0,unknown,1
8152,59,blue-collar,married,primary,no,229,yes,yes,unknown,7,may,1571,1,-1,0,success,1
8153,47,unemployed,married,secondary,no,926,no,no,cellular,14,aug,71,1,403,5,success,0
8154,47,unemployed,married,secondary,no,926,no,no,cellular,14,aug,436,1,205,5,other,0
8155,41,self-employed,married,secondary,yes,0,yes,no,unknown,17,nov,789,1,-1,17,unknown,0
8156,41,self-employed,married,secondary,yes,39658,yes,no,cellular,17,nov,789,23,-1,0,unknown,0
8157,31,admin.,divorced,secondary,no,410,no,no,cellular,3,apr,342,1,-1,0,unknown,0
8158,31,admin.,single,secondary,no,410,no,no,cellular,23,apr,342,20,297,0,unknown,0
8159,48,blue-collar,married,tertiary,no,480,yes,no,cellular,15,may,242,1,352,2,failure,0
8160,48,blue-collar,married,secondary,no,63826,yes,no,telephone,15,may,830,1,352,2,failure,0
8161,48,admin.,divorced,tertiary,no,17964,yes,no,cellular,1,sep,120,1,98,5,unknown,0
8162,48,management,divorced,tertiary,no,17964,yes,no,cellular,1,jan,120,1,261,5,success,0
8163,54,student,single,unknown,no,480,no,no,cellular,8,sep,140,6,-1,0,unknown,0
8164,25,student,single,unknown,no,480,no,no,cellular,8,sep,140,1,-1,8,unknown,0
8165,31,management,single,tertiary,no,3796,no,no,cellular,8,jul,315,2,-1,0,unknown,0
8166,28,management,single,tertiary,no,3796,no,no,cellular,8,jul,617,2,-1,0,unknown,0
8167,58,management,married,tertiary,no,256,no,no,cellular,10,oct,422,1,188,3,unknown,0
8168,58,management,married,tertiary,no,256,no,no,cellular,10,dec,422,1,188,3,unknown,0
8169,52,blue-collar,divorced,primary,no,-191,yes,no,cellular,15,may,184,1,-1,0,unknown,0
8170,28,blue-collar,divorced,primary,no,-191,yes,no,unknown,15,nov,755,1,-1,0,unknown,0
8171,40,blue-collar,married,primary,no,57,yes,no,cellular,31,jul,13,9,-1,9,unknown,0
8172,40,blue-collar,married,primary,no,57,yes,no,cellular,31,jul,203,9,-1,3,unknown,0
8173,40,retired,married,secondary,no,3588,yes,yes,cellular,10,dec,429,1,-1,0,unknown,0
8174,53,retired,married,secondary,no,3588,yes,no,cellular,10,dec,429,1,242,0,unknown,0
8175,44,admin.,divorced,unknown,no,2999,yes,no,cellular,14,aug,717,1,-1,0,unknown,0
8176,44,admin.,divorced,secondary,no,2999,yes,yes,cellular,14,may,12,1,-1,0,unknown,0
8177,33,services,divorced,tertiary,no,227,yes,yes,cellular,13,aug,477,2,-1,0,unknown,0
8178,33,services,married,secondary,no,227,yes,yes,cellular,28,dec,477,2,-1,0,unknown,0
8179,51,technician,married,secondary,no,55806,yes,no,cellular,7,may,382,1,-1,0,unknown,0
8180,51,technician,married,secondary,no,-1944,yes,no,cellular,7,may,99,1,-1,0,unknown,0
8181,37,blue-collar,married,unknown,no,1508,no,yes,cellular,6,jun,381,2,-1,10,unknown,0
8182,37,blue-collar,married,unknown,no,63457,no,yes,unknown,6,jun,381,2,-1,0,unknown,0
8183,41,management,single,tertiary,no,51286,no,no,unknown,21,jul,1134,5,-1,0,unknown,0
8184,41,management,single,tertiary,no,35703,no,no,cellular,21,jul,1134,5,-1,0,unknown,0
8185,44,admin.,divorced,secondary,no,163,yes,no,cellular,14,jul,247,2,-1,0,success,0
8186,44,admin.,divorced,secondary,no,163,no,no,unknown,14,jul,1669,2,-1,0,unknown,0
8187,52,management,married,tertiary,no,7135,no,no,cellular,19,aug,309,1,-1,0,unknown,0
8188,72,management,married,tertiary,no,7135,no,no,cellular,19,aug,1032,3,-1,0,unknown,0
8189,38,student,single,unknown,no,9669,no,no,unknown,20,jun,1973,3,-1,0,unknown,1
8190,38,student,single,unknown,no,9669,no,no,unknown,20,jun,933,3,-1,8,unknown,0
8191,47,technician,married,secondary,no,293,no,no,cellular,1,jun,251,1,90,0,other,0
8192,47,technician,married,secondary,no,293,no,no,unknown,1,jun,251,1,389,1,success,0
8193,44,self-employed,divorced,tertiary,no,1070,yes,no,cellular,12,oct,137,2,290,3,success,0
8194,44,blue-collar,divorced,tertiary,no,1070,yes,no,cellular,12,aug,137,2,104,3,other,0
8195,63,technician,divorced,secondary,no,2156,yes,no,cellular,3,feb,620,1,195,4,failure,0
8196,54,technician,divorced,secondary,no,2156,yes,no,cellular,3,feb,261,1,262,3,failure,0
8197,38,blue-collar,married,secondary,no,47,yes,no,cellular,4,may,288,5,-1,14,unknown,0
8198,38,admin.,married,secondary,no,47,no,no,telephone,4,may,288,5,-1,0,unknown,0
8199,69,technician,single,secondary,no,590,no,no,cellular,25,may,124,1,-1,0,unknown,0
8200,29,technician,single,secondary,no,590,no,no,unknown,25,may,124,1,306,0,unknown,0
8201,40,blue-collar,married,secondary,no,-839,yes,yes,cellular,16,jul,710,2,-1,0,unknown,0
8202,40,blue-collar,married,secondary,no,-839,yes,yes,unknown,16,jul,1134,2,-1,0,unknown,0
8203,47,services,married,secondary,no,367,yes,no,cellular,12,may,309,25,306,4,failure,0
8204,47,services,married,secondary,no,367,yes,no,cellular,12,may,149,1,306,4,success,0
8205,61,retired,married,secondary,no,11,no,no,telephone,29,sep,232,1,92,3,unknown,0
8206,61,retired,married,secondary,no,11,no,no,telephone,29,sep,143,1,92,3,success,0
8207,35,management,single,tertiary,no,482,no,no,unknown,6,jun,988,2,-1,0,unknown,1
8208,35,management,married,tertiary,no,482,no,no,cellular,6,jun,640,2,-1,0,unknown,1
8209,55,admin.,married,secondary,no,1662,no,no,cellular,2,jun,94,23,-1,0,unknown,0
8210,81,admin.,married,secondary,no,1662,no,no,cellular,4,jun,94,2,-1,0,unknown,0
8211,33,admin.,single,tertiary,no,272,yes,no,cellular,1,oct,90,2,92,3,success,0
8212,33,admin.,single,tertiary,no,272,yes,no,cellular,1,sep,74,2,92,3,unknown,0
8213,35,unemployed,single,unknown,no,415,no,no,cellular,4,aug,462,1,92,4,unknown,0
8214,35,unemployed,single,tertiary,no,415,no,no,cellular,4,may,462,1,92,4,failure,0
8215,36,services,single,unknown,no,281,yes,yes,unknown,16,may,515,20,-1,0,unknown,0
8216,36,services,single,unknown,no,281,yes,no,unknown,16,mar,894,1,-1,0,unknown,0
8217,27,management,single,tertiary,no,2648,no,no,cellular,5,feb,917,2,-1,0,unknown,0
8218,27,management,single,tertiary,no,2648,no,no,cellular,5,feb,578,1,-1,0,unknown,0
8219,25,student,single,secondary,no,75794,no,no,telephone,16,nov,330,1,-1,0,unknown,0
8220,47,student,single,secondary,no,358,no,no,cellular,16,nov,330,1,-1,0,unknown,0
8221,64,housemaid,married,unknown,no,2645,yes,no,telephone,3,feb,219,2,-1,0,failure,0
8222,57,housemaid,married,unknown,no,2645,no,no,telephone,3,feb,219,2,-1,0,failure,0
8223,65,management,divorced,tertiary,no,1456,yes,no,cellular,20,nov,227,1,-1,0,unknown,0
8224,30,management,single,tertiary,no,79854,yes,no,cellular,20,nov,1039,1,-1,0,unknown,1
8225,29,management,single,tertiary,no,36252,yes,no,cellular,30,aug,501,8,-1,0,unknown,0
8226,29,management,single,tertiary,no,36252,yes,yes,cellular,30,apr,501,8,-1,0,unknown,0
8227,19,student,single,unknown,no,108,no,no,cellular,10,aug,168,3,182,2,failure,0
8228,19,student,single,unknown,no,108,no,no,cellular,10,apr,168,1,182,2,failure,0
8229,33,management,married,tertiary,no,191,no,no,cellular,13,aug,485,29,-1,0,unknown,0
8230,33,entrepreneur,married,tertiary,no,191,no,no,cellular,13,aug,658,2,-1,0,unknown,0
8231,33,technician,single,secondary,no,2979,no,no,cellular,5,aug,326,2,84,1,failure,0
8232,33,technician,single,secondary,no,2979,no,no,cellular,5,aug,272,2,437,1,unknown,0
8233,43,blue-collar,married,primary,no,3064,yes,no,telephone,20,nov,937,2,-1,0,unknown,0
8234,43,blue-collar,married,primary,no,3064,yes,no,cellular,20,nov,2453,13,-1,11,unknown,0
8235,53,retired,married,secondary,no,94,no,no,cellular,10,aug,493,1,181,14,unknown,0
8236,53,unemployed,married,secondary,no,94,no,no,cellular,10,aug,493,1,181,14,unknown,0
8237,40,management,single,secondary,no,595,yes,yes,cellular,3,jun,406,2,-1,0,unknown,0
8238,40,student,single,secondary,no,595,yes,no,cellular,3,jun,253,9,-1,0,unknown,0
8239,27,student,single,secondary,no,40831,no,no,cellular,12,oct,543,1,-1,0,unknown,0
8240,27,self-employed,single,secondary,no,19692,no,no,cellular,12,oct,323,1,-1,0,unknown,0
8241,40,admin.,divorced,secondary,no,2129,yes,no,cellular,30,apr,452,13,-1,0,unknown,0
8242,40,admin.,divorced,secondary,no,2129,no,no,telephone,30,apr,452,4,-1,0,unknown,0
8243,38,entrepreneur,divorced,secondary,no,1190,yes,no,cellular,4,jun,136,2,302,3,failure,0
8244,38,entrepreneur,divorced,secondary,no,1190,yes,no,cellular,4,may,81,8,391,3,failure,0
8245,46,blue-collar,married,secondary,no,668,yes,no,unknown,15,may,186,2,-1,0,unknown,0
8246,36,retired,married,secondary,no,668,yes,no,unknown,15,may,1263,2,-1,0,unknown,0
8247,60,retired,married,tertiary,yes,108,no,no,cellular,26,jan,624,1,-1,0,unknown,0
8248,60,retired,married,tertiary,no,108,no,no,cellular,26,sep,624,1,-1,0,unknown,0
8249,53,management,married,tertiary,no,59439,no,yes,cellular,5,jun,438,2,-1,0,unknown,0
8250,53,management,divorced,tertiary,no,26911,no,yes,cellular,24,jun,438,2,-1,0,unknown,0
8251,47,technician,married,secondary,no,59213,yes,no,cellular,30,apr,238,1,87,5,failure,0
8252,47,technician,married,secondary,no,1167,yes,no,cellular,30,apr,225,1,87,5,failure,0
8253,63,student,married,primary,no,48,no,no,cellular,9,nov,251,1,-1,0,unknown,0
8254,33,retired,married,primary,no,48,no,no,cellular,9,jun,251,1,-1,0,unknown,0
8255,21,student,single,tertiary,no,1506,no,no,cellular,14,sep,254,1,-1,0,unknown,0
8256,21,student,single,unknown,no,1506,no,yes,cellular,4,sep,340,1,-1,0,unknown,0
8257,37,management,married,tertiary,no,35811,no,no,cellular,3,nov,336,1,-1,0,unknown,0
8258,37,management,married,tertiary,no,238,yes,no,cellular,3,nov,149,15,-1,0,unknown,0
8259,35,unemployed,divorced,primary,no,118,no,no,cellular,20,jun,1052,4,-1,0,unknown,1
8260,35,unemployed,divorced,primary,no,118,no,no,unknown,20,jun,2769,4,-1,0,unknown,1
8261,35,blue-collar,married,secondary,no,49054,yes,yes,unknown,30,may,553,3,-1,0,unknown,0
8262,35,blue-collar,married,secondary,no,698,yes,yes,unknown,12,may,1343,3,-1,0,unknown,0
8263,41,management,married,tertiary,no,0,no,no,unknown,17,sep,103,4,63,11,other,0
8264,41,management,married,tertiary,no,0,no,no,cellular,17,sep,71,4,63,9,other,0
8265,30,blue-collar,single,secondary,no,38253,no,no,cellular,2,jul,396,1,-1,0,unknown,0
8266,30,technician,single,secondary,no,930,yes,yes,cellular,2,jul,396,1,-1,0,unknown,0
8267,26,blue-collar,single,unknown,no,567,no,no,cellular,25,may,421,1,336,0,unknown,0
8268,26,blue-collar,single,tertiary,no,567,no,no,cellular,25,may,421,4,-1,0,other,0
8269,34,entrepreneur,married,primary,no,6622,yes,no,unknown,12,may,882,1,-1,0,unknown,0
8270,34,entrepreneur,married,primary,no,7279,yes,no,cellular,12,may,445,1,-1,0,unknown,0
8271,27,admin.,married,secondary,no,897,no,yes,cellular,5,mar,397,1,-1,0,unknown,0
8272,27,admin.,married,secondary,no,897,no,no,unknown,5,jun,397,1,-1,1,unknown,0
8273,32,management,single,primary,no,3,yes,no,cellular,13,may,548,1,-1,0,unknown,0
8274,32,management,single,tertiary,no,3,yes,no,telephone,13,may,1541,1,-1,0,unknown,0
8275,41,blue-collar,single,secondary,yes,1085,yes,yes,cellular,7,jul,108,13,-1,0,unknown,0
8276,41,blue-collar,single,secondary,yes,1085,yes,yes,unknown,1,jul,599,1,-1,0,unknown,0
8277,32,self-employed,single,tertiary,no,0,yes,yes,cellular,6,may,92,1,-1,0,unknown,0
8278,32,self-employed,single,tertiary,no,0,yes,no,cellular,6,may,224,1,-1,0,other,0
8279,47,technician,married,secondary,no,2326,no,no,cellular,14,dec,420,1,359,2,failure,0
8280,30,technician,married,secondary,no,2326,no,no,cellular,14,nov,420,4,175,2,failure,0
8281,48,blue-collar,married,secondary,no,1730,no,no,cellular,4,feb,489,2,178,2,failure,0
8282,48,blue-collar,married,tertiary,no,1730,yes,no,telephone,4,feb,489,1,178,2,failure,0
8283,30,management,married,tertiary,yes,8089,yes,no,cellular,18,dec,232,2,294,2,failure,0
8284,30,management,married,tertiary,no,8089,yes,no,cellular,18,mar,747,20,294,2,failure,0
8285,84,retired,married,secondary,no,523,no,no,cellular,13,aug,192,3,-1,0,unknown,0
8286,60,retired,married,secondary,no,-2610,no,no,cellular,13,aug,1970,3,-1,0,unknown,0
8287,74,retired,married,secondary,no,9480,no,no,cellular,21,aug,211,1,-1,6,unknown,0
8288,74,retired,married,secondary,no,9480,no,no,cellular,21,apr,211,13,-1,17,unknown,0
8289,38,blue-collar,married,secondary,no,60315,no,no,cellular,29,jul,454,6,-1,0,unknown,0
8290,33,blue-collar,married,secondary,no,0,no,no,cellular,29,jan,454,6,-1,9,unknown,0
8291,33,technician,married,secondary,no,2666,no,no,cellular,19,aug,796,4,-1,0,unknown,1
8292,33,technician,married,secondary,no,2666,no,no,cellular,19,aug,769,3,-1,0,unknown,1
8293,51,blue-collar,married,secondary,no,-92,yes,no,unknown,4,jun,1594,4,-1,8,unknown,1
8294,51,blue-collar,married,secondary,yes,-92,yes,no,unknown,4,jun,1272,4,-1,0,unknown,1
8295,58,admin.,married,secondary,no,169,no,no,cellular,13,aug,56,1,167,8,success,0
8296,58,admin.,married,secondary,no,169,no,no,cellular,13,aug,79,8,92,8,success,0
8297,31,admin.,single,secondary,yes,0,yes,no,cellular,7,may,208,2,295,2,failure,0
8298,31,admin.,single,secondary,no,0,yes,no,cellular,7,may,526,2,295,8,failure,0
8299,41,self-employed,single,tertiary,no,-94,yes,yes,cellular,4,feb,797,1,203,1,failure,0
8300,41,management,single,tertiary,no,-94,yes,no,cellular,4,feb,294,1,203,1,failure,0
8301,55,retired,divorced,tertiary,no,0,no,yes,cellular,22,oct,360,5,-1,0,unknown,0
8302,55,management,single,tertiary,no,0,no,no,cellular,22,sep,360,5,-1,0,unknown,0
8303,42,admin.,married,secondary,no,105,yes,no,unknown,11,jun,1159,4,359,0,unknown,0
8304,42,admin.,married,secondary,no,105,no,yes,unknown,11,jun,1159,4,-1,0,failure,0
8305,29,services,single,primary,no,339,no,no,telephone,4,jul,70,3,-1,0,unknown,0
8306,29,services,single,primary,no,339,no,no,unknown,4,jul,237,3,-1,0,unknown,0
8307,46,self-employed,single,secondary,no,526,no,yes,cellular,30,apr,523,25,87,2,other,0
8308,46,self-employed,single,secondary,no,526,no,no,cellular,30,jan,523,1,87,2,unknown,0
8309,35,management,married,secondary,no,339,no,no,unknown,23,apr,317,1,-1,0,unknown,1
8310,35,management,single,secondary,no,339,yes,no,unknown,23,oct,317,1,-1,0,unknown,1
8311,60,unemployed,single,secondary,no,1047,yes,no,cellular,27,may,173,3,279,4,success,0
8312,60,unemployed,married,secondary,no,1047,no,no,telephone,27,may,173,3,279,4,failure,0
8313,21,student,married,secondary,no,2488,no,no,cellular,30,jun,258,6,169,3,failure,0
8314,72,student,single,secondary,no,2488,no,no,cellular,30,jun,194,6,169,3,success,0
8315,38,management,divorced,tertiary,no,4692,yes,no,unknown,29,may,229,2,-1,0,unknown,0
8316,38,management,divorced,tertiary,no,4692,yes,no,unknown,16,may,46,2,-1,0,unknown,0
8317,92,admin.,married,tertiary,no,346,no,no,cellular,11,feb,212,1,-1,0,unknown,0
8318,57,retired,married,tertiary,no,346,no,no,cellular,11,oct,212,1,-1,0,unknown,0
8319,31,technician,single,tertiary,no,882,no,no,cellular,4,sep,15,1,93,1,success,0
8320,31,technician,single,tertiary,no,882,yes,no,cellular,4,sep,293,1,93,1,failure,0
8321,66,unknown,married,unknown,no,19268,no,no,unknown,23,oct,301,1,-1,0,unknown,0
8322,69,unknown,married,unknown,yes,19268,no,no,unknown,23,oct,301,1,-1,0,unknown,0
8323,59,services,single,secondary,no,739,no,no,cellular,14,jan,408,1,251,0,other,0
8324,75,services,single,secondary,no,739,no,no,telephone,14,jan,408,1,-1,0,unknown,0
8325,26,student,single,secondary,no,0,no,no,cellular,2,feb,327,2,-1,0,unknown,0
8326,26,student,married,secondary,no,70047,no,no,cellular,2,feb,1223,2,-1,0,unknown,0
8327,37,admin.,single,primary,no,912,yes,no,cellular,12,may,512,3,328,22,other,0
8328,37,admin.,single,primary,no,912,yes,no,cellular,12,may,86,3,328,22,unknown,0
8329,39,management,married,tertiary,no,1795,no,no,cellular,8,aug,1745,20,-1,0,unknown,0
8330,39,management,married,tertiary,no,66550,no,no,cellular,27,aug,922,7,-1,0,unknown,0
8331,69,retired,divorced,primary,no,7670,no,no,cellular,2,jul,260,2,-1,0,unknown,0
8332,69,retired,divorced,primary,no,482,no,no,cellular,2,oct,260,6,-1,0,unknown,0
8333,43,management,married,tertiary,no,240,yes,no,cellular,16,apr,453,1,286,0,unknown,0
8334,43,management,married,tertiary,no,240,yes,no,cellular,16,apr,453,13,412,0,unknown,0
8335,56,admin.,married,secondary,no,45,no,no,unknown,16,may,924,1,-1,0,unknown,0
8336,56,admin.,married,secondary,no,45,no,no,unknown,5,oct,1467,1,-1,0,other,0
8337,59,retired,married,primary,no,61291,no,no,unknown,17,jun,1461,1,-1,0,unknown,1
8338,59,retired,married,primary,no,47965,no,no,unknown,17,apr,1112,1,-1,0,unknown,1
8339,56,management,married,secondary,no,60379,no,yes,cellular,27,oct,298,1,111,8,other,0
8340,56,management,married,secondary,no,0,yes,no,cellular,19,oct,298,1,111,8,other,0
8341,52,unemployed,married,secondary,no,71194,no,no,cellular,13,sep,218,3,187,3,unknown,0
8342,52,unemployed,married,secondary,no,1416,no,no,cellular,13,sep,218,3,181,3,failure,0
8343,27,retired,single,tertiary,no,12956,yes,no,telephone,29,may,789,3,-1,0,unknown,0
8344,27,management,single,tertiary,no,12956,yes,no,unknown,29,may,420,3,-1,0,unknown,0
8345,28,management,single,tertiary,no,939,yes,no,unknown,28,may,156,1,-1,0,unknown,0
8346,28,management,single,tertiary,no,939,yes,no,unknown,27,may,69,1,-1,0,unknown,0
8347,47,admin.,married,tertiary,no,290,yes,no,cellular,22,jul,425,2,-1,0,unknown,0
8348,78,admin.,married,secondary,no,290,yes,no,cellular,22,jul,92,2,-1,0,unknown,0
8349,59,retired,married,secondary,no,3648,no,no,telephone,23,oct,257,2,126,3,unknown,0
8350,66,retired,married,primary,no,3648,no,no,telephone,23,oct,84,2,126,3,success,0
8351,24,technician,married,secondary,no,556,yes,no,cellular,8,feb,278,1,94,13,other,0
8352,24,technician,married,secondary,no,556,yes,no,cellular,8,jun,30,1,94,4,success,0
8353,53,retired,single,primary,no,40574,no,no,unknown,9,jun,1545,1,-1,0,unknown,1
8354,53,retired,single,primary,no,11573,no,no,unknown,9,jun,939,1,-1,0,unknown,1
8355,47,technician,single,secondary,no,1101,yes,no,cellular,23,jul,524,3,301,0,unknown,0
8356,47,technician,single,secondary,no,1101,yes,no,cellular,23,jul,144,3,-1,0,unknown,0
8357,50,management,married,secondary,no,1165,yes,no,cellular,2,jul,455,1,-1,0,unknown,0
8358,50,management,married,primary,no,1165,no,no,telephone,16,jul,455,1,-1,0,unknown,0
8359,73,technician,divorced,secondary,no,982,yes,yes,unknown,20,may,650,3,-1,0,unknown,0
8360,92,technician,divorced,secondary,no,982,yes,no,unknown,20,may,650,3,-1,0,unknown,0
8361,78,retired,divorced,primary,no,1389,no,no,telephone,8,apr,335,1,854,0,unknown,0
8362,19,retired,divorced,primary,no,1389,no,no,cellular,8,apr,335,13,-1,0,unknown,0
8363,34,admin.,married,secondary,no,-44,no,yes,cellular,17,apr,759,2,-1,13,unknown,1
8364,21,admin.,married,secondary,no,-44,yes,yes,cellular,17,apr,1468,2,-1,0,unknown,1
8365,29,management,single,tertiary,no,1808,yes,no,cellular,7,jul,194,2,433,1,success,0
8366,29,management,single,tertiary,no,1808,no,no,cellular,7,may,273,2,433,1,other,0
8367,54,self-employed,married,secondary,no,534,yes,no,cellular,9,feb,165,1,188,4,success,1
8368,54,self-employed,married,secondary,no,534,yes,no,cellular,2,feb,2062,1,188,4,failure,1
8369,57,unemployed,married,tertiary,no,3624,no,no,unknown,19,jun,1244,1,-1,0,unknown,1
8370,65,unemployed,married,tertiary,no,209,no,no,unknown,19,mar,453,1,-1,0,unknown,1
8371,42,admin.,single,secondary,no,-247,yes,yes,telephone,21,oct,307,10,166,1,other,0
8372,42,admin.,single,secondary,no,-247,yes,yes,telephone,21,feb,519,1,166,4,other,0
8373,51,blue-collar,divorced,primary,no,-19,yes,no,telephone,13,may,829,8,296,11,failure,0
8374,51,blue-collar,divorced,primary,no,-19,yes,no,cellular,13,may,829,13,206,11,failure,0
8375,49,unknown,divorced,primary,no,341,yes,yes,unknown,14,may,520,2,-1,0,unknown,0
8376,49,blue-collar,married,primary,no,341,yes,yes,unknown,15,may,520,2,-1,8,unknown,0
8377,54,unemployed,single,secondary,no,550,no,no,cellular,28,jan,1166,1,-1,0,unknown,1
8378,54,unemployed,divorced,tertiary,no,550,no,no,cellular,28,jan,1468,1,-1,0,unknown,1
8379,64,retired,married,secondary,no,1574,no,no,telephone,29,jul,203,3,-1,0,unknown,0
8380,31,retired,married,secondary,no,31854,no,no,telephone,29,jul,301,3,-1,0,unknown,0
8381,39,admin.,divorced,secondary,no,878,yes,no,unknown,15,may,611,5,-1,0,success,0
8382,39,admin.,divorced,tertiary,no,878,yes,no,cellular,15,may,513,5,-1,0,unknown,0
8383,77,blue-collar,single,secondary,no,0,no,no,cellular,27,jan,297,1,75,3,failure,0
8384,38,blue-collar,single,secondary,no,0,yes,no,cellular,25,oct,297,1,75,3,failure,0
8385,36,technician,married,secondary,no,15485,yes,no,cellular,14,apr,461,13,-1,0,unknown,0
8386,36,technician,married,secondary,no,15485,no,yes,cellular,14,apr,461,6,-1,0,unknown,0
8387,82,retired,married,primary,no,243,no,no,cellular,3,jul,275,1,180,2,other,0
8388,82,retired,married,primary,no,243,yes,no,cellular,26,jul,275,1,180,2,failure,0
8389,42,unknown,single,unknown,no,942,no,no,cellular,27,jan,245,1,92,12,failure,0
8390,42,unknown,single,unknown,no,942,no,no,cellular,27,jan,245,1,92,2,failure,0
8391,32,admin.,single,secondary,no,2018,no,no,unknown,11,aug,1238,1,-1,0,unknown,0
8392,32,management,single,secondary,no,10127,no,no,cellular,11,aug,46,1,-1,0,unknown,0
8393,31,management,single,tertiary,no,47,no,no,unknown,22,apr,361,4,-1,0,unknown,1
8394,31,management,single,tertiary,no,47,no,no,cellular,22,aug,1468,4,-1,0,unknown,1
8395,37,management,married,secondary,no,0,no,no,cellular,16,jul,158,2,182,3,success,0
8396,37,management,married,tertiary,no,0,no,no,cellular,16,nov,268,2,182,3,unknown,0
8397,50,admin.,divorced,secondary,no,70818,no,yes,telephone,5,nov,169,1,100,0,unknown,0
8398,28,admin.,single,secondary,no,237,no,yes,telephone,5,nov,169,1,-1,0,unknown,0
8399,31,housemaid,single,tertiary,no,19,no,no,cellular,3,dec,274,1,230,1,unknown,0
8400,29,housemaid,single,tertiary,no,19,no,no,cellular,3,dec,274,1,230,7,unknown,0
8401,46,blue-collar,married,secondary,no,6253,yes,no,cellular,9,jul,816,1,-1,0,unknown,1
8402,46,blue-collar,married,secondary,no,6253,no,no,cellular,9,jul,1042,1,-1,0,unknown,1
8403,45,management,married,tertiary,no,242,no,no,cellular,6,nov,587,1,-1,0,unknown,0
8404,45,management,married,tertiary,no,72985,no,no,cellular,30,apr,587,23,-1,0,unknown,0
8405,37,management,married,tertiary,no,238,no,no,cellular,3,mar,185,1,92,1,other,0
8406,37,management,married,tertiary,no,238,no,yes,cellular,3,feb,185,1,92,1,unknown,0
8407,73,blue-collar,divorced,primary,no,5028,no,no,unknown,4,dec,696,10,-1,0,unknown,0
8408,45,retired,divorced,primary,no,5028,no,no,unknown,4,dec,696,10,-1,0,unknown,0
8409,56,admin.,single,secondary,no,1044,no,no,telephone,3,jul,353,2,-1,0,unknown,0
8410,56,self-employed,married,secondary,no,76545,no,no,telephone,3,jul,353,2,-1,0,unknown,0
8411,41,blue-collar,married,primary,no,143,yes,yes,unknown,2,jun,278,2,-1,0,unknown,0
8412,41,blue-collar,married,primary,no,143,yes,yes,unknown,2,jun,334,2,-1,0,unknown,0
8413,30,technician,single,tertiary,no,655,no,no,cellular,22,apr,212,1,202,2,failure,0
8414,30,technician,single,tertiary,no,655,yes,no,cellular,5,apr,212,1,202,2,success,0
8415,39,management,married,tertiary,no,1425,yes,no,cellular,12,oct,775,3,-1,0,unknown,0
8416,39,management,married,tertiary,no,1425,yes,no,cellular,12,may,106,3,-1,0,unknown,0
8417,31,management,married,tertiary,no,5990,yes,no,cellular,6,may,396,3,-1,8,unknown,0
8418,60,management,married,tertiary,no,30019,yes,no,cellular,6,may,297,3,-1,0,unknown,0
8419,37,technician,single,tertiary,no,3943,yes,no,cellular,15,apr,1138,2,138,1,failure,0
8420,37,technician,single,tertiary,no,3943,yes,no,cellular,6,apr,1138,2,138,8,failure,0
8421,51,management,married,tertiary,no,2455,yes,no,cellular,21,jul,350,1,73,0,unknown,0
8422,51,management,married,tertiary,no,2455,yes,no,cellular,11,jul,553,1,-1,0,unknown,0
8423,65,management,married,tertiary,no,4570,no,no,cellular,22,aug,1258,2,-1,0,unknown,0
8424,33,management,married,tertiary,no,4570,no,no,cellular,22,aug,1258,11,518,0,unknown,0
8425,53,blue-collar,married,secondary,no,1777,yes,no,cellular,21,nov,292,5,162,1,failure,0
8426,53,blue-collar,married,secondary,no,1777,yes,no,telephone,8,nov,796,5,154,1,failure,0
8427,38,unknown,married,primary,no,10443,no,no,cellular,19,sep,370,1,-1,0,unknown,0
8428,38,blue-collar,married,primary,no,10443,no,no,cellular,19,nov,370,1,-1,14,success,1
8429,37,technician,married,primary,no,88,no,no,cellular,6,may,195,7,90,3,other,0
8430,37,technician,married,tertiary,no,88,no,no,cellular,6,may,195,1,35,3,unknown,0
8431,27,blue-collar,single,secondary,no,3792,no,no,cellular,2,oct,504,1,183,2,unknown,0
8432,27,blue-collar,single,secondary,no,3792,yes,no,cellular,22,oct,504,1,183,2,other,0
8433,54,retired,divorced,primary,no,315,no,no,cellular,17,apr,154,1,-1,0,unknown,0
8434,64,retired,divorced,primary,no,39406,no,no,cellular,17,jul,154,1,-1,0,unknown,0
8435,25,retired,married,primary,no,9367,no,no,cellular,10,may,617,2,-1,0,unknown,0
8436,56,retired,married,primary,no,9367,no,yes,telephone,4,may,617,2,-1,0,unknown,0
8437,49,blue-collar,single,primary,no,566,yes,no,cellular,25,jul,451,2,-1,0,unknown,0
8438,49,blue-collar,single,primary,no,566,yes,no,cellular,25,jul,421,2,-1,0,unknown,0
8439,48,self-employed,married,tertiary,no,0,no,no,unknown,29,jan,1249,3,104,0,unknown,0
8440,48,self-employed,married,tertiary,no,0,no,no,cellular,29,jan,355,3,-1,0,unknown,0
8441,80,retired,married,primary,no,155,no,no,telephone,4,nov,209,1,53,3,other,0
8442,70,retired,married,primary,no,155,no,no,telephone,4,may,209,1,53,3,failure,0
8443,28,services,single,secondary,no,340,yes,no,cellular,24,jul,1015,29,-1,0,unknown,0
8444,28,services,single,secondary,no,340,no,no,cellular,9,jul,821,2,-1,0,unknown,0
8445,55,blue-collar,married,secondary,no,625,yes,no,cellular,2,jul,135,2,49,3,failure,0
8446,29,blue-collar,married,secondary,no,625,yes,no,telephone,2,jul,135,2,49,3,failure,0
8447,46,technician,single,secondary,no,1353,no,no,cellular,18,aug,528,5,-1,3,unknown,0
8448,46,entrepreneur,married,secondary,no,1353,no,no,unknown,18,aug,528,5,-1,0,unknown,0
8449,26,student,single,primary,no,294,no,no,cellular,4,feb,208,2,-1,0,unknown,0
8450,26,student,single,tertiary,no,4158,no,no,cellular,20,dec,208,2,-1,0,unknown,0
8451,36,unemployed,single,tertiary,no,72526,no,no,cellular,30,apr,195,1,86,1,unknown,0
8452,36,unemployed,single,tertiary,no,1291,no,no,cellular,30,oct,195,1,86,1,unknown,0
8453,28,student,single,tertiary,no,3717,no,no,telephone,30,sep,769,2,-1,0,unknown,1
8454,28,student,single,tertiary,yes,3717,no,no,telephone,30,mar,177,2,-1,0,unknown,1
8455,44,technician,married,secondary,no,2776,no,no,cellular,27,jan,701,1,-1,0,unknown,0
8456,44,technician,divorced,secondary,no,2776,yes,no,unknown,27,jan,701,1,-1,0,unknown,0
8457,53,blue-collar,married,primary,no,343,yes,no,unknown,25,jul,616,6,-1,0,unknown,0
8458,53,blue-collar,married,primary,no,343,no,no,cellular,25,jul,616,10,-1,0,unknown,0
8459,39,technician,single,secondary,no,2321,no,no,unknown,16,mar,203,2,-1,0,unknown,1
8460,39,technician,single,secondary,no,42267,no,yes,unknown,16,apr,203,2,-1,0,unknown,0
8461,46,management,divorced,tertiary,no,14481,yes,no,cellular,30,may,1269,29,-1,0,unknown,0
8462,46,management,divorced,tertiary,no,14481,yes,no,unknown,30,may,507,1,-1,2,unknown,0
8463,68,retired,married,tertiary,no,2820,no,no,telephone,3,mar,154,1,97,2,failure,0
8464,68,retired,married,tertiary,no,2820,no,no,cellular,3,feb,154,1,97,2,unknown,0
8465,76,retired,married,primary,no,71594,no,no,cellular,11,feb,309,1,90,4,unknown,0
8466,76,retired,married,primary,no,34720,no,no,cellular,11,feb,39,1,90,4,success,0
8467,28,management,single,tertiary,no,2725,no,no,cellular,16,jun,323,1,-1,1,failure,0
8468,77,management,single,tertiary,no,2725,no,no,cellular,16,oct,292,1,504,1,failure,0
8469,44,admin.,divorced,primary,no,558,no,no,cellular,31,mar,262,2,-1,0,unknown,0
8470,44,admin.,divorced,tertiary,no,21403,yes,no,cellular,31,oct,262,2,-1,0,unknown,0
8471,35,blue-collar,married,secondary,no,-701,yes,yes,cellular,19,may,1468,3,-1,0,unknown,1
8472,35,blue-collar,married,secondary,no,26841,yes,yes,cellular,7,may,755,3,-1,0,unknown,1
8473,42,management,married,tertiary,no,4,yes,no,cellular,17,jul,795,20,-1,0,unknown,0
8474,71,management,married,tertiary,no,4,yes,no,cellular,17,jul,795,1,-1,7,unknown,0
8475,25,admin.,married,unknown,no,349,yes,no,cellular,22,jul,525,8,-1,0,unknown,0
8476,87,admin.,married,unknown,no,349,yes,no,unknown,22,jul,1037,8,-1,0,unknown,0
8477,29,student,single,tertiary,no,5,no,no,unknown,29,jul,889,5,-1,0,unknown,0
8478,29,student,single,tertiary,no,5,no,no,cellular,15,jul,112,5,-1,0,unknown,0
8479,60,blue-collar,married,primary,no,7929,yes,no,unknown,1,apr,111,1,-1,0,unknown,0
8480,72,blue-collar,married,primary,no,7929,no,no,unknown,1,apr,111,1,-1,0,unknown,0
8481,60,housemaid,married,primary,no,182,no,no,cellular,9,aug,1052,2,95,11,other,1
8482,60,admin.,married,primary,no,182,no,no,cellular,9,aug,182,2,95,11,success,1
8483,43,management,married,tertiary,no,1258,no,no,unknown,20,oct,93,1,-1,0,unknown,0
8484,43,management,married,tertiary,yes,1258,no,no,unknown,20,may,312,1,-1,0,unknown,0
8485,36,management,single,tertiary,no,2646,no,no,cellular,13,oct,169,23,182,10,unknown,0
8486,36,management,single,tertiary,no,2646,no,no,cellular,13,oct,39,1,182,10,success,0
8487,25,student,single,unknown,no,125,no,no,cellular,9,feb,215,1,92,2,other,0
8488,25,student,single,secondary,no,125,yes,no,cellular,9,feb,215,1,213,2,success,0
8489,36,management,single,tertiary,no,579,no,no,unknown,12,sep,481,1,-1,0,unknown,0
8490,36,management,single,tertiary,no,14627,no,no,unknown,12,jun,481,1,-1,0,unknown,0
8491,32,student,single,tertiary,no,64,no,no,unknown,30,jun,598,4,105,0,failure,0
8492,32,student,single,tertiary,no,64,no,no,cellular,30,jun,255,4,225,5,failure,0
8493,33,technician,single,tertiary,no,258,no,no,telephone,12,mar,80,8,-1,0,unknown,0
8494,39,technician,single,unknown,no,258,no,no,cellular,12,mar,80,4,-1,0,unknown,0
8495,26,admin.,single,secondary,yes,-930,no,no,unknown,14,may,786,1,-1,0,unknown,0
8496,26,admin.,single,secondary,yes,-930,yes,no,cellular,10,may,247,1,-1,0,unknown,0
8497,27,blue-collar,single,secondary,no,535,no,no,cellular,16,nov,183,1,94,0,failure,0
8498,27,student,single,secondary,no,535,no,no,cellular,16,nov,183,1,94,1,unknown,0
8499,27,student,single,tertiary,no,5291,no,no,cellular,4,feb,15,1,91,4,success,0
8500,27,student,single,tertiary,no,5291,no,no,cellular,11,feb,96,1,91,4,success,0
8501,37,management,single,tertiary,no,14021,yes,no,cellular,30,may,445,1,258,2,failure,0
8502,37,management,single,primary,no,45462,yes,no,cellular,6,may,445,1,258,2,failure,0
8503,29,blue-collar,married,secondary,no,7863,yes,no,unknown,14,may,1129,1,102,0,unknown,0
8504,29,blue-collar,married,secondary,no,7863,yes,no,cellular,14,may,503,1,-1,0,other,0
8505,46,blue-collar,married,unknown,no,336,yes,no,cellular,14,aug,260,3,293,1,other,0
8506,46,housemaid,married,unknown,no,336,yes,no,cellular,14,aug,260,3,256,1,other,0
8507,54,services,divorced,secondary,no,66,yes,no,cellular,11,nov,167,1,-1,0,unknown,0
8508,34,admin.,married,secondary,no,66,yes,no,cellular,9,nov,167,1,-1,0,unknown,0
8509,29,self-employed,married,secondary,no,425,yes,no,telephone,5,feb,562,15,-1,0,unknown,0
8510,29,self-employed,single,secondary,no,425,yes,no,unknown,5,jun,562,15,-1,6,unknown,0
8511,22,blue-collar,divorced,primary,no,-311,yes,no,unknown,23,may,1030,13,-1,0,unknown,0
8512,45,blue-collar,divorced,primary,no,-311,yes,no,unknown,2,may,493,1,-1,0,unknown,0
8513,36,unknown,married,secondary,no,0,yes,no,cellular,30,jul,1735,6,-1,0,unknown,1
8514,36,blue-collar,married,secondary,no,0,yes,no,cellular,30,jul,1030,6,-1,0,unknown,1
8515,50,retired,divorced,tertiary,no,0,no,no,telephone,12,nov,226,1,-1,0,unknown,0
8516,82,retired,married,tertiary,no,0,no,no,telephone,12,nov,226,6,-1,0,unknown,0
8517,26,management,single,tertiary,no,39705,yes,no,cellular,22,apr,407,2,-1,0,unknown,0
8518,67,management,single,tertiary,no,41185,no,no,cellular,22,apr,407,2,-1,0,unknown,0
8519,25,blue-collar,single,secondary,no,-191,yes,no,unknown,19,jun,445,7,-1,0,unknown,0
8520,49,entrepreneur,single,secondary,no,-191,yes,no,unknown,19,jun,958,7,-1,0,unknown,0
8521,30,blue-collar,single,secondary,no,7773,yes,no,cellular,20,nov,705,13,242,0,unknown,0
8522,30,blue-collar,single,primary,no,7773,no,no,cellular,20,nov,705,1,-1,0,unknown,0
8523,33,management,married,tertiary,no,2599,no,no,cellular,30,apr,254,2,-1,0,unknown,0
8524,33,management,married,tertiary,no,2599,no,no,cellular,30,jun,135,2,-1,0,unknown,0
8525,35,services,married,secondary,no,302,yes,no,cellular,6,aug,860,1,364,1,failure,1
8526,35,services,married,secondary,no,302,yes,yes,cellular,6,may,1366,1,364,1,failure,1
8527,20,retired,married,tertiary,no,2557,yes,no,cellular,2,feb,415,1,-1,4,unknown,0
8528,60,unemployed,married,tertiary,no,2557,yes,no,cellular,2,feb,998,1,-1,0,unknown,0
8529,22,student,single,primary,yes,3472,no,no,cellular,20,oct,104,1,183,3,failure,0
8530,68,student,single,primary,no,3472,no,no,cellular,20,oct,332,20,183,3,failure,0
8531,44,retired,married,secondary,no,2469,yes,no,telephone,15,mar,552,2,-1,0,unknown,0
8532,53,retired,married,secondary,no,2469,yes,no,cellular,15,jul,552,2,-1,0,unknown,0
8533,36,management,single,secondary,no,31701,yes,no,cellular,16,nov,270,1,-1,0,unknown,0
8534,36,admin.,single,secondary,no,1511,yes,yes,cellular,16,nov,270,1,-1,0,unknown,0
8535,79,retired,married,secondary,no,668,no,no,telephone,2,jul,229,1,-1,0,unknown,0
8536,79,services,married,secondary,no,668,no,no,telephone,2,jul,242,1,-1,0,unknown,0
8537,38,management,single,tertiary,no,1704,no,no,cellular,1,sep,2453,1,-1,0,unknown,1
8538,38,management,single,tertiary,no,1704,no,no,cellular,1,sep,1190,1,-1,0,unknown,1
8539,48,retired,married,tertiary,yes,-392,no,no,telephone,31,jul,725,4,-1,0,unknown,0
8540,48,entrepreneur,single,tertiary,yes,24805,no,no,cellular,31,jul,725,4,-1,0,unknown,0
8541,38,blue-collar,divorced,secondary,no,1817,no,no,unknown,28,jul,1096,4,-1,0,unknown,0
8542,38,blue-collar,divorced,secondary,no,1817,yes,no,cellular,28,jul,447,4,-1,0,unknown,0
8543,49,entrepreneur,married,secondary,no,37346,no,no,cellular,18,nov,453,1,-1,0,unknown,0
8544,49,entrepreneur,married,primary,no,6188,no,no,cellular,18,nov,411,1,-1,0,unknown,0
8545,32,technician,single,tertiary,no,6281,yes,no,cellular,3,jun,110,4,-1,0,unknown,0
8546,32,technician,single,tertiary,yes,6281,yes,no,unknown,3,jun,224,4,-1,0,unknown,0
8547,36,entrepreneur,married,unknown,no,3057,no,no,unknown,16,may,2769,4,-1,0,unknown,0
8548,36,entrepreneur,married,primary,no,3057,no,no,unknown,16,aug,2769,4,-1,0,unknown,0
8549,46,admin.,married,secondary,no,974,no,no,cellular,8,jun,174,2,80,1,failure,0
8550,46,self-employed,married,secondary,no,974,no,no,cellular,5,jun,174,2,80,1,other,0
8551,33,blue-collar,single,secondary,no,700,no,no,cellular,30,apr,169,1,80,2,failure,0
8552,33,blue-collar,single,tertiary,no,63736,no,no,cellular,30,apr,169,1,80,2,other,0
8553,43,management,single,tertiary,no,1046,no,no,unknown,9,jun,437,1,-1,0,unknown,0
8554,43,management,single,tertiary,no,1046,no,no,unknown,9,jun,901,12,276,0,unknown,0
8555,27,services,single,tertiary,no,536,yes,no,cellular,11,may,1344,3,-1,0,unknown,1
8556,27,services,single,tertiary,no,536,yes,no,cellular,11,may,2453,3,-1,0,unknown,1
8557,41,management,divorced,tertiary,no,5037,yes,no,cellular,23,apr,252,9,185,5,failure,0
8558,41,management,divorced,tertiary,no,5037,no,no,cellular,23,dec,252,9,185,5,failure,0
8559,39,technician,married,secondary,no,2983,yes,no,cellular,9,dec,472,1,-1,0,unknown,0
8560,39,technician,married,secondary,no,2983,yes,no,cellular,3,dec,472,1,95,0,unknown,0
8561,34,services,single,tertiary,no,3119,no,no,cellular,16,feb,306,1,-1,0,unknown,0
8562,34,services,single,tertiary,no,3119,no,no,cellular,16,may,306,1,-1,0,unknown,0
8563,60,retired,married,secondary,no,404,no,no,unknown,5,mar,308,10,196,2,failure,0
8564,60,retired,married,secondary,no,404,no,no,cellular,5,apr,308,2,337,2,failure,0
8565,36,blue-collar,married,tertiary,no,1925,yes,no,cellular,20,apr,904,2,-1,9,unknown,0
8566,36,blue-collar,married,primary,no,1925,yes,no,telephone,20,apr,93,2,-1,0,unknown,0
8567,53,blue-collar,married,primary,no,5603,no,yes,cellular,28,apr,2372,6,-1,0,unknown,0
8568,53,blue-collar,married,primary,yes,5603,no,no,cellular,28,aug,81,6,-1,0,unknown,0
8569,37,management,married,tertiary,no,3236,no,no,cellular,20,may,291,3,202,0,other,0
8570,37,management,married,tertiary,no,3236,yes,no,cellular,20,may,291,2,202,10,other,0
8571,57,technician,married,tertiary,no,6822,no,no,cellular,7,aug,209,2,-1,0,unknown,0
8572,57,technician,divorced,tertiary,no,6822,no,no,telephone,7,aug,797,2,-1,0,unknown,0
8573,37,housemaid,married,secondary,no,4151,yes,yes,cellular,30,jul,543,4,-1,0,unknown,0
8574,43,services,married,secondary,no,4151,yes,yes,telephone,30,jul,543,4,-1,0,unknown,0
8575,54,technician,married,tertiary,no,876,no,no,unknown,27,oct,153,3,541,3,success,0
8576,54,technician,married,tertiary,no,876,no,no,unknown,27,oct,14,3,541,3,success,0
8577,34,services,married,secondary,no,-538,yes,no,unknown,26,may,682,20,-1,0,unknown,0
8578,34,services,married,secondary,no,-538,yes,no,unknown,26,may,1373,1,-1,0,unknown,0
8579,51,technician,married,secondary,no,6840,no,no,telephone,23,jul,257,1,-1,0,unknown,0
8580,51,technician,married,secondary,no,62359,no,no,telephone,7,jul,257,10,-1,0,unknown,0
8581,35,technician,married,secondary,no,545,yes,no,cellular,16,dec,467,1,234,4,failure,0
8582,35,technician,married,secondary,no,545,no,no,cellular,16,apr,327,1,234,4,failure,0
8583,61,retired,married,secondary,no,86,no,no,cellular,23,oct,93,11,-1,0,unknown,0
8584,61,retired,married,secondary,no,79880,no,no,cellular,23,oct,149,1,-1,10,unknown,0
8585,30,blue-collar,single,secondary,no,-477,yes,yes,unknown,27,may,712,2,-1,0,unknown,1
8586,30,blue-collar,single,secondary,no,-477,yes,yes,unknown,27,may,705,2,-1,0,unknown,1
8587,49,housemaid,single,secondary,no,293,no,yes,cellular,28,jun,452,1,-1,0,unknown,0
8588,49,admin.,single,secondary,no,293,no,no,cellular,28,jun,452,5,-1,0,unknown,0
8589,46,unemployed,married,primary,no,977,no,yes,telephone,29,feb,436,3,-1,0,unknown,0
8590,46,blue-collar,single,primary,no,977,no,yes,telephone,14,feb,436,3,-1,0,unknown,0
8591,36,services,married,secondary,no,4721,no,no,cellular,27,mar,288,2,90,3,failure,0
8592,36,services,married,secondary,no,4721,no,yes,cellular,9,mar,288,2,90,3,other,0
8593,26,technician,single,secondary,no,507,no,no,cellular,30,apr,227,1,-1,0,unknown,0
8594,26,technician,single,tertiary,no,41386,no,no,cellular,30,apr,380,1,-1,0,unknown,0
8595,22,blue-collar,single,secondary,no,682,no,no,cellular,5,jun,126,2,213,2,success,0
8596,22,blue-collar,single,secondary,no,682,no,no,cellular,5,jun,126,2,201,1,success,0
8597,36,admin.,divorced,secondary,no,437,no,no,cellular,14,may,74,2,344,1,success,0
8598,36,admin.,divorced,secondary,no,437,yes,no,cellular,14,may,722,13,344,1,other,0
8599,58,self-employed,married,primary,no,15698,no,no,cellular,11,aug,206,1,461,1,failure,0
8600,58,self-employed,married,primary,no,1013,yes,no,unknown,11,aug,206,4,461,1,failure,0
8601,37,management,single,secondary,no,4,no,no,cellular,11,aug,551,1,-1,0,unknown,0
8602,37,technician,single,secondary,no,4,no,no,telephone,11,aug,933,11,-1,0,unknown,0
8603,73,technician,single,tertiary,no,5301,no,no,cellular,21,nov,937,2,-1,0,unknown,0
8604,35,technician,single,tertiary,no,5301,no,yes,cellular,21,nov,937,4,-1,0,unknown,0
8605,63,blue-collar,married,primary,no,91,no,no,telephone,26,aug,316,3,-1,0,unknown,0
8606,78,housemaid,married,primary,no,91,no,no,telephone,26,aug,128,3,156,0,unknown,0
8607,36,services,married,secondary,no,5000,no,no,unknown,16,jun,1139,5,-1,0,unknown,1
8608,36,services,married,secondary,no,5000,no,no,cellular,16,jun,1231,5,-1,0,unknown,1
8609,37,student,single,unknown,no,444,no,no,cellular,4,may,345,5,294,0,unknown,0
8610,37,student,single,unknown,no,444,no,no,unknown,4,may,1063,25,-1,0,unknown,0
8611,56,management,married,secondary,no,12,no,no,cellular,12,nov,511,3,187,1,failure,0
8612,56,unemployed,married,secondary,no,12,no,no,telephone,12,oct,511,20,187,1,failure,0
8613,77,technician,single,secondary,no,2544,no,no,cellular,8,apr,108,2,-1,0,unknown,0
8614,30,technician,single,secondary,yes,2544,no,no,cellular,8,nov,108,2,-1,0,unknown,0
8615,39,technician,married,secondary,no,35134,no,no,telephone,18,feb,208,4,-1,0,unknown,0
8616,39,technician,married,secondary,no,2266,yes,no,cellular,18,feb,208,4,297,0,unknown,0
8617,26,services,married,secondary,no,63005,yes,no,cellular,24,jul,430,4,-1,0,unknown,0
8618,40,services,married,secondary,no,471,yes,no,cellular,24,jul,430,20,306,0,unknown,0
8619,37,admin.,divorced,secondary,no,1533,yes,no,cellular,21,nov,555,11,-1,0,failure,0
8620,37,admin.,divorced,secondary,no,19777,yes,no,cellular,21,nov,555,4,-1,0,success,0
8621,28,admin.,married,secondary,no,-393,yes,yes,cellular,7,may,926,2,167,2,failure,1
8622,28,admin.,married,secondary,no,38774,yes,yes,cellular,7,may,1096,2,349,2,failure,1
8623,32,admin.,married,secondary,no,752,yes,no,cellular,6,may,519,2,166,5,other,0
8624,32,admin.,single,primary,no,752,yes,no,cellular,6,may,519,2,166,5,failure,0
8625,31,management,single,tertiary,no,924,no,no,telephone,5,jun,207,2,368,1,success,0
8626,31,management,single,tertiary,no,14057,no,no,cellular,5,jun,207,2,98,1,unknown,0
8627,29,management,single,primary,no,697,no,no,cellular,4,feb,206,25,-1,0,unknown,0
8628,29,management,single,tertiary,yes,19018,no,no,cellular,4,feb,206,1,-1,0,unknown,0
8629,21,blue-collar,single,secondary,no,682,no,no,cellular,28,aug,266,1,-1,0,unknown,0
8630,21,blue-collar,single,secondary,no,682,no,no,cellular,6,may,266,1,-1,13,unknown,0
8631,30,self-employed,single,tertiary,no,432,yes,no,cellular,2,feb,402,25,-1,0,success,0
8632,30,self-employed,single,tertiary,no,432,yes,yes,cellular,2,feb,402,7,-1,0,unknown,0
8633,39,blue-collar,married,unknown,no,621,yes,no,cellular,20,apr,467,5,-1,0,unknown,0
8634,75,blue-collar,married,unknown,no,621,yes,no,cellular,20,apr,686,5,-1,0,unknown,0
8635,49,blue-collar,divorced,secondary,no,10613,no,yes,cellular,4,feb,407,1,-1,0,unknown,0
8636,49,blue-collar,divorced,secondary,no,10613,no,yes,telephone,4,feb,1226,5,-1,0,unknown,0
8637,29,student,single,tertiary,no,10576,no,no,unknown,15,may,1224,2,-1,0,unknown,0
8638,29,management,married,tertiary,no,10576,yes,no,unknown,16,may,1224,2,-1,0,unknown,0
8639,29,student,single,unknown,no,10332,no,no,cellular,6,nov,46,3,-1,0,success,0
8640,29,student,single,unknown,no,10332,no,no,cellular,2,nov,576,3,-1,0,unknown,0
8641,38,technician,single,secondary,no,1995,yes,no,cellular,20,apr,121,1,-1,14,unknown,0
8642,32,unemployed,single,secondary,no,1995,yes,no,cellular,28,apr,121,1,-1,0,unknown,0
8643,43,services,married,tertiary,no,55538,no,no,unknown,24,dec,150,2,195,2,success,0
8644,43,services,married,tertiary,no,4216,no,no,cellular,24,dec,150,2,195,0,failure,0
8645,50,management,married,tertiary,no,57127,yes,no,cellular,3,apr,101,1,302,3,failure,0
8646,39,management,divorced,tertiary,no,414,yes,no,cellular,3,apr,707,1,302,3,failure,0
8647,39,technician,divorced,secondary,no,4101,yes,no,cellular,18,feb,146,2,368,1,other,0
8648,39,unemployed,married,secondary,no,4101,yes,no,cellular,18,feb,146,2,264,7,other,0
8649,25,unknown,single,secondary,no,3713,no,no,cellular,2,may,323,2,353,3,other,0
8650,25,student,single,secondary,no,3713,no,yes,cellular,24,may,323,15,353,3,other,0
8651,45,blue-collar,married,secondary,no,154,yes,no,unknown,6,may,1138,10,-1,0,unknown,0
8652,45,blue-collar,married,secondary,no,154,yes,yes,unknown,7,jan,1138,1,-1,0,unknown,0
8653,54,retired,single,secondary,no,129,no,yes,cellular,28,jul,411,6,-1,0,unknown,0
8654,68,retired,single,secondary,no,129,no,yes,cellular,28,jul,867,2,-1,8,unknown,0
8655,27,admin.,single,tertiary,no,1840,no,yes,cellular,1,jun,220,1,28,8,other,0
8656,52,management,single,tertiary,no,1840,no,no,cellular,1,jun,220,1,273,8,other,0
8657,50,technician,married,secondary,no,51663,no,yes,cellular,29,oct,215,2,78,2,other,0
8658,50,technician,married,primary,no,3654,no,yes,cellular,29,oct,215,2,78,2,other,0
8659,54,blue-collar,married,secondary,no,1291,yes,no,unknown,5,dec,1467,1,-1,0,unknown,1
8660,54,blue-collar,married,secondary,no,1291,yes,no,unknown,5,sep,927,1,-1,0,unknown,1
8661,35,blue-collar,married,secondary,no,29471,yes,yes,unknown,29,may,543,1,-1,0,unknown,0
8662,35,blue-collar,married,secondary,no,0,no,yes,unknown,29,may,543,12,-1,0,unknown,0
8663,31,management,married,tertiary,no,36687,yes,no,cellular,18,jul,1139,2,-1,0,unknown,0
8664,31,management,single,tertiary,no,325,yes,no,cellular,18,jul,285,2,-1,0,unknown,0
8665,21,management,single,tertiary,no,92,no,no,cellular,2,aug,175,5,-1,0,unknown,0
8666,29,management,single,tertiary,no,92,no,no,cellular,2,nov,175,20,-1,0,unknown,0
8667,52,retired,married,primary,no,1629,no,no,telephone,1,jun,1343,1,-1,0,unknown,1
8668,52,retired,married,primary,no,1629,no,no,telephone,1,jun,637,1,-1,14,unknown,1
8669,24,unemployed,married,secondary,no,67092,yes,yes,unknown,4,jun,1242,1,-1,0,unknown,0
8670,24,blue-collar,married,secondary,no,73172,no,yes,unknown,4,jun,1242,1,-1,0,unknown,0
8671,31,admin.,single,secondary,no,190,no,no,telephone,30,apr,514,23,-1,0,unknown,0
8672,29,admin.,single,secondary,no,190,no,no,cellular,30,aug,514,1,-1,0,unknown,0
8673,25,retired,single,secondary,no,507,yes,no,cellular,15,may,566,1,367,3,failure,0
8674,25,admin.,single,tertiary,no,507,yes,no,cellular,15,may,699,1,367,3,failure,0
8675,30,blue-collar,single,secondary,no,4642,yes,no,cellular,21,aug,528,1,-1,0,unknown,0
8676,79,management,single,secondary,no,4642,yes,no,telephone,21,nov,528,1,-1,0,unknown,0
8677,33,technician,married,secondary,no,6843,no,no,cellular,20,nov,116,1,100,10,other,0
8678,33,technician,married,tertiary,no,6843,no,no,cellular,28,nov,209,1,100,10,other,0
8679,33,technician,married,secondary,no,557,no,no,cellular,21,may,367,1,-1,0,unknown,0
8680,75,technician,married,secondary,no,557,no,no,cellular,4,may,367,1,-1,0,unknown,0
8681,38,admin.,single,secondary,no,100,yes,no,unknown,7,jul,786,29,-1,0,unknown,0
8682,38,student,single,primary,no,100,yes,no,unknown,7,may,786,1,-1,0,unknown,0
8683,52,unemployed,married,secondary,no,94,no,no,cellular,10,feb,153,1,298,13,other,0
8684,52,services,married,secondary,no,94,no,no,cellular,10,feb,153,1,92,13,failure,0
8685,29,technician,single,tertiary,no,572,no,no,cellular,16,dec,314,1,195,1,failure,0
8686,29,management,married,tertiary,no,572,no,no,cellular,16,dec,314,1,195,1,unknown,0
8687,37,management,married,tertiary,no,36492,yes,no,cellular,5,feb,1090,2,252,2,failure,1
8688,37,management,married,tertiary,no,21,yes,no,cellular,5,feb,620,2,252,2,success,1
8689,26,admin.,single,tertiary,yes,2532,yes,yes,cellular,18,feb,269,1,-1,5,unknown,0
8690,26,admin.,married,tertiary,no,2532,yes,yes,cellular,18,feb,269,1,252,0,unknown,0
8691,26,management,single,tertiary,no,1646,no,no,cellular,12,nov,524,4,206,5,unknown,0
8692,26,management,single,tertiary,no,1646,yes,no,cellular,12,apr,524,4,206,5,unknown,0
8693,30,management,married,tertiary,no,541,yes,no,unknown,26,may,407,2,-1,0,unknown,0
8694,30,retired,married,tertiary,yes,541,yes,no,unknown,26,may,414,2,-1,0,unknown,0
8695,58,admin.,divorced,secondary,no,3337,yes,no,telephone,8,oct,9,2,690,3,failure,0
8696,92,admin.,divorced,secondary,no,3337,yes,no,telephone,8,oct,369,2,209,3,failure,0
8697,53,entrepreneur,married,primary,no,27,yes,no,telephone,10,sep,74,3,-1,0,unknown,0
8698,53,entrepreneur,married,primary,no,27,yes,no,telephone,10,sep,159,20,-1,0,unknown,0
8699,32,technician,single,unknown,no,8158,no,no,unknown,6,may,1545,1,-1,0,unknown,1
8700,32,technician,single,unknown,no,80157,no,no,unknown,6,may,1108,1,-1,0,unknown,1
8701,53,housemaid,married,unknown,no,257,no,no,cellular,11,jul,1310,2,-1,0,unknown,0
8702,53,admin.,divorced,unknown,no,257,no,no,cellular,11,jul,508,2,-1,0,unknown,0
8703,47,services,divorced,tertiary,no,1639,no,no,telephone,12,jan,434,1,-1,0,unknown,0
8704,47,services,divorced,tertiary,no,1639,no,no,cellular,12,jan,349,3,102,0,unknown,0
8705,28,technician,divorced,secondary,no,742,no,no,cellular,26,may,236,1,120,0,unknown,0
8706,38,technician,married,secondary,no,742,no,no,cellular,26,may,236,8,-1,0,unknown,0
8707,57,unemployed,single,secondary,no,3754,no,no,cellular,5,feb,1063,7,-1,0,unknown,0
8708,57,unemployed,divorced,secondary,no,3754,no,no,cellular,5,feb,1063,11,-1,0,unknown,0
8709,36,unemployed,married,tertiary,no,154,no,no,cellular,26,aug,64,7,-1,0,unknown,0
8710,36,unemployed,married,tertiary,no,154,no,no,cellular,3,aug,556,7,398,0,unknown,0
8711,52,admin.,married,secondary,no,1228,yes,yes,cellular,25,aug,218,1,-1,0,unknown,0
8712,52,admin.,married,secondary,no,13282,yes,yes,cellular,4,aug,218,1,-1,0,unknown,0
8713,33,blue-collar,single,tertiary,no,700,yes,no,cellular,9,feb,126,1,88,17,success,0
8714,33,blue-collar,single,tertiary,no,700,no,no,cellular,9,feb,126,1,306,1,success,0
8715,47,admin.,single,secondary,no,1693,yes,no,cellular,22,oct,410,2,92,4,other,0
8716,47,admin.,single,secondary,no,1693,yes,no,cellular,22,oct,159,2,92,4,other,0
8717,34,admin.,married,tertiary,no,69,no,yes,cellular,4,aug,120,3,181,6,success,0
8718,34,admin.,married,tertiary,no,69,no,no,cellular,4,aug,120,3,296,6,success,0
8719,71,unknown,single,tertiary,no,0,no,no,cellular,3,feb,426,1,-1,0,unknown,0
8720,37,unknown,single,tertiary,no,60757,no,no,cellular,3,dec,426,1,-1,0,unknown,0
8721,53,blue-collar,divorced,primary,no,4401,no,no,telephone,11,nov,241,1,100,1,unknown,0
8722,63,blue-collar,divorced,primary,no,4401,no,no,telephone,11,nov,69,1,92,1,success,0
8723,41,admin.,married,secondary,no,2498,no,no,cellular,12,aug,411,8,-1,0,unknown,0
8724,41,admin.,divorced,secondary,no,2498,no,no,cellular,2,aug,411,1,-1,0,unknown,0
8725,48,management,single,tertiary,no,159,no,no,telephone,7,jul,159,1,251,6,success,0
8726,48,entrepreneur,single,tertiary,no,159,no,no,telephone,7,jul,41,1,251,6,success,0
8727,33,technician,divorced,secondary,no,9,no,no,cellular,21,aug,957,2,-1,0,unknown,1
8728,33,technician,divorced,secondary,no,9,no,no,cellular,21,aug,1310,2,80,0,unknown,1
8729,52,services,married,secondary,no,659,no,no,cellular,28,jan,390,4,264,1,other,0
8730,52,services,married,secondary,no,659,no,no,cellular,28,jan,90,4,107,1,success,0
8731,70,retired,married,secondary,no,0,no,no,cellular,27,oct,258,7,92,5,unknown,0
8732,70,retired,married,secondary,no,0,no,yes,cellular,27,oct,258,29,92,5,success,0
8733,32,services,married,secondary,no,859,yes,no,unknown,9,aug,1789,1,-1,7,unknown,1
8734,32,services,married,secondary,no,859,yes,no,unknown,9,aug,1789,1,-1,0,unknown,1
8735,57,management,divorced,tertiary,no,1064,yes,no,cellular,13,may,562,1,-1,0,unknown,0
8736,33,management,married,tertiary,no,1064,yes,no,cellular,13,may,562,1,336,0,other,0
8737,32,blue-collar,single,primary,no,121,yes,yes,cellular,20,nov,758,29,-1,0,unknown,0
8738,32,blue-collar,single,primary,no,121,no,no,cellular,15,nov,758,1,-1,0,unknown,0
8739,55,entrepreneur,married,secondary,no,27624,no,no,cellular,3,jun,437,11,-1,0,unknown,0
8740,55,entrepreneur,married,secondary,no,27624,no,no,telephone,3,jun,166,1,-1,0,unknown,0
8741,27,technician,single,tertiary,no,11862,no,no,unknown,25,nov,285,2,476,7,success,0
8742,27,technician,single,primary,no,11862,no,no,cellular,25,nov,285,2,97,7,unknown,0
8743,43,self-employed,married,unknown,no,3173,no,no,unknown,15,may,746,8,-1,0,unknown,0
8744,43,self-employed,single,unknown,no,3173,no,no,unknown,15,may,507,1,-1,0,unknown,0
8745,74,retired,married,primary,no,38788,no,no,telephone,11,sep,290,2,-1,0,unknown,0
8746,74,retired,married,primary,no,1765,no,no,telephone,11,sep,174,2,-1,0,unknown,0
8747,45,admin.,divorced,secondary,no,397,yes,yes,cellular,11,may,582,1,95,2,failure,0
8748,45,admin.,divorced,secondary,no,397,yes,yes,cellular,22,may,106,1,95,2,success,0
8749,59,housemaid,married,tertiary,yes,13582,no,no,telephone,13,nov,494,1,-1,0,unknown,0
8750,59,housemaid,married,tertiary,no,0,no,yes,telephone,30,nov,494,1,-1,0,unknown,0
8751,29,management,married,tertiary,no,32001,no,no,cellular,16,sep,143,2,587,3,failure,0
8752,29,management,married,tertiary,no,247,no,no,unknown,16,sep,143,2,587,14,failure,0
8753,66,retired,married,secondary,no,2326,no,yes,cellular,18,feb,232,1,181,1,unknown,0
8754,66,retired,married,unknown,no,2326,no,yes,cellular,18,feb,15,1,181,1,success,0
8755,55,blue-collar,married,tertiary,no,3485,no,no,cellular,27,aug,625,4,-1,0,unknown,0
8756,55,blue-collar,married,primary,no,3485,no,yes,cellular,18,aug,625,4,-1,13,unknown,0
8757,37,services,married,secondary,no,18128,yes,no,cellular,12,may,807,3,172,4,failure,0
8758,37,technician,married,secondary,no,77069,yes,no,cellular,12,may,1307,3,172,4,failure,0
8759,32,blue-collar,married,secondary,no,10287,yes,no,cellular,12,may,281,4,188,1,success,0
8760,64,technician,married,secondary,no,10287,yes,no,cellular,27,may,281,4,188,1,failure,0
8761,46,management,married,primary,no,357,yes,yes,unknown,19,jun,2453,2,-1,0,unknown,1
8762,46,blue-collar,married,primary,no,357,yes,yes,unknown,19,may,1363,2,-1,0,unknown,0
8763,48,unemployed,married,secondary,no,16167,no,no,cellular,16,jul,128,3,183,5,success,0
8764,48,unemployed,married,secondary,no,817,no,no,cellular,16,jul,806,29,183,5,unknown,0
8765,40,blue-collar,married,secondary,no,1954,no,yes,cellular,5,jul,1107,2,-1,0,unknown,0
8766,40,blue-collar,married,secondary,no,1954,no,no,cellular,31,jul,513,2,-1,0,unknown,0
8767,34,management,single,tertiary,no,2037,no,no,cellular,15,dec,324,5,-1,0,unknown,0
8768,34,management,married,tertiary,no,2037,no,no,cellular,23,jul,324,2,-1,0,unknown,0
8769,55,technician,married,secondary,no,78775,yes,yes,cellular,18,aug,193,1,386,3,success,0
8770,55,technician,single,secondary,no,1938,no,yes,cellular,18,aug,114,1,386,3,success,0
8771,26,blue-collar,married,secondary,no,5795,no,no,cellular,14,may,641,2,-1,0,unknown,0
8772,26,blue-collar,married,secondary,no,5795,yes,no,telephone,14,may,504,2,-1,0,unknown,0
8773,31,management,single,tertiary,no,5205,no,yes,cellular,2,jun,529,2,-1,0,unknown,0
8774,31,management,single,tertiary,no,5205,no,no,cellular,9,may,529,2,-1,0,other,0
8775,37,management,married,tertiary,no,5447,yes,yes,cellular,17,nov,517,1,-1,0,unknown,0
8776,37,management,married,secondary,no,5447,yes,yes,cellular,17,nov,173,1,-1,0,unknown,0
8777,33,management,single,tertiary,yes,87,no,no,cellular,12,aug,242,1,-1,0,unknown,0
8778,33,management,single,tertiary,no,87,no,no,cellular,12,aug,454,1,-1,0,unknown,0
8779,34,blue-collar,married,secondary,no,2495,yes,no,unknown,23,may,166,1,-1,0,unknown,0
8780,35,blue-collar,married,unknown,no,2495,yes,no,unknown,23,may,924,1,-1,0,unknown,0
8781,38,technician,divorced,secondary,no,6728,no,no,cellular,21,aug,252,4,-1,0,unknown,0
8782,38,technician,married,secondary,no,3700,no,no,cellular,21,aug,252,4,-1,0,unknown,0
8783,62,retired,married,secondary,no,569,no,no,cellular,4,nov,288,1,1,8,failure,0
8784,62,retired,single,secondary,no,569,no,no,cellular,4,aug,288,1,1,8,unknown,0
8785,34,technician,married,primary,no,23076,no,no,cellular,26,may,243,2,35,6,unknown,0
8786,34,technician,married,tertiary,no,23076,yes,no,cellular,26,may,243,2,262,6,other,0
8787,28,blue-collar,married,primary,no,54,no,no,cellular,14,may,533,1,371,1,other,0
8788,28,blue-collar,single,primary,no,18108,yes,no,cellular,14,may,533,1,371,1,other,0
8789,37,admin.,married,secondary,no,18988,yes,no,unknown,28,oct,158,2,-1,0,unknown,1
8790,37,admin.,married,secondary,no,-107,yes,no,unknown,28,may,1366,2,-1,0,unknown,1
8791,63,management,married,tertiary,no,2785,no,no,cellular,2,aug,341,2,415,3,failure,0
8792,63,student,married,tertiary,no,2785,no,no,cellular,2,aug,341,2,392,3,failure,0
8793,41,technician,single,secondary,no,53,yes,no,cellular,6,may,530,1,-1,0,unknown,0
8794,31,technician,single,secondary,no,53,yes,yes,cellular,6,may,101,1,-1,0,unknown,0
8795,33,management,divorced,tertiary,no,2240,no,no,cellular,28,jun,198,1,397,0,unknown,0
8796,33,management,divorced,tertiary,no,2240,yes,no,cellular,3,jun,198,5,-1,0,unknown,0
8797,37,management,married,tertiary,yes,393,yes,no,unknown,14,may,567,3,275,4,failure,0
8798,37,management,married,tertiary,no,393,yes,yes,cellular,14,may,567,1,275,4,failure,0
8799,34,management,married,tertiary,no,828,no,yes,cellular,11,aug,351,3,-1,0,unknown,0
8800,73,management,married,tertiary,no,828,no,yes,cellular,11,aug,1080,3,-1,0,unknown,0
8801,43,management,married,tertiary,no,2987,no,no,cellular,4,jun,156,1,231,3,failure,0
8802,43,management,married,tertiary,no,2987,no,no,cellular,4,jun,156,8,85,12,failure,0
8803,90,blue-collar,married,secondary,no,208,no,no,cellular,13,may,466,1,-1,0,unknown,1
8804,37,blue-collar,married,secondary,no,208,no,no,cellular,14,may,728,1,-1,0,unknown,1
8805,23,blue-collar,married,primary,no,22377,yes,no,unknown,21,may,1161,4,-1,0,unknown,1
8806,45,blue-collar,single,primary,no,965,yes,no,unknown,21,dec,1161,4,-1,0,unknown,1
8807,61,retired,divorced,secondary,no,927,no,no,cellular,7,apr,427,10,-1,0,unknown,0
8808,61,retired,divorced,secondary,no,927,no,no,cellular,5,apr,427,29,-1,0,unknown,0
8809,49,services,married,primary,no,57204,yes,no,cellular,6,may,445,2,166,3,failure,0
8810,49,services,married,primary,no,0,yes,no,cellular,6,may,445,2,298,3,failure,0
8811,31,services,single,secondary,no,181,no,no,cellular,12,aug,128,1,104,1,success,0
8812,31,services,single,secondary,no,181,no,yes,cellular,12,aug,129,1,104,1,success,0
8813,32,blue-collar,single,primary,no,611,yes,no,unknown,8,may,472,3,-1,0,unknown,0
8814,32,blue-collar,married,primary,no,611,yes,no,telephone,8,may,541,3,-1,0,unknown,0
8815,59,admin.,single,secondary,no,2166,yes,yes,cellular,7,may,374,29,-1,0,unknown,0
8816,59,admin.,single,unknown,no,24365,yes,yes,cellular,7,may,574,1,-1,0,unknown,0
8817,30,management,single,tertiary,no,201,yes,no,cellular,17,nov,325,2,472,0,unknown,0
8818,30,management,single,tertiary,no,201,yes,no,cellular,17,jul,325,2,457,0,unknown,0
8819,79,blue-collar,single,tertiary,no,4099,no,no,cellular,23,apr,116,20,-1,0,unknown,0
8820,28,blue-collar,single,tertiary,no,4099,no,no,cellular,23,apr,116,4,358,0,failure,0
8821,58,management,married,unknown,no,190,no,no,cellular,14,sep,358,2,-1,0,unknown,0
8822,58,management,married,tertiary,no,36647,no,no,cellular,14,sep,358,2,-1,0,unknown,0
8823,61,retired,divorced,secondary,yes,4243,no,no,cellular,30,apr,315,1,182,2,failure,0
8824,61,retired,divorced,tertiary,no,4243,no,no,cellular,30,apr,315,1,182,2,failure,0
8825,33,unemployed,married,secondary,no,43981,no,no,cellular,30,jul,481,3,-1,0,unknown,0
8826,33,unemployed,married,primary,no,-144,no,no,cellular,30,jul,481,3,-1,0,unknown,0
8827,53,admin.,divorced,secondary,no,315,yes,yes,unknown,5,may,844,2,-1,0,unknown,1
8828,53,admin.,divorced,secondary,no,315,yes,no,unknown,5,may,1250,2,-1,0,unknown,1
8829,51,blue-collar,married,primary,no,201,yes,no,cellular,17,jul,582,25,348,0,unknown,0
8830,51,blue-collar,married,primary,no,201,yes,no,cellular,17,jul,582,11,313,0,unknown,0
8831,36,services,single,secondary,no,0,yes,no,cellular,15,may,318,4,-1,0,unknown,0
8832,36,services,single,secondary,no,0,yes,no,unknown,15,may,1002,4,472,0,unknown,0
8833,33,blue-collar,married,secondary,no,139,yes,yes,cellular,18,may,532,2,291,5,other,0
8834,33,blue-collar,married,secondary,no,139,yes,yes,telephone,18,may,732,2,291,5,unknown,0
8835,48,management,single,secondary,no,4415,yes,yes,cellular,8,apr,1032,3,141,7,failure,0
8836,48,management,married,secondary,no,4415,yes,no,cellular,8,apr,526,3,141,7,failure,0
8837,42,admin.,divorced,secondary,no,-254,yes,no,cellular,14,may,406,9,-1,0,unknown,0
8838,28,admin.,divorced,secondary,no,-254,yes,no,cellular,14,aug,406,2,-1,0,unknown,0
8839,57,retired,married,secondary,no,1044,no,no,telephone,12,jul,567,1,182,0,unknown,0
8840,57,retired,married,secondary,no,1044,no,yes,telephone,12,jul,567,1,182,3,failure,0
8841,41,self-employed,married,secondary,no,323,yes,no,cellular,14,apr,949,2,254,6,failure,0
8842,41,self-employed,married,secondary,no,323,yes,no,cellular,17,apr,236,2,254,6,other,0
8843,26,management,divorced,unknown,no,2986,no,no,cellular,17,dec,222,2,231,1,failure,0
8844,57,management,divorced,unknown,no,2986,no,no,cellular,17,apr,222,10,231,1,failure,0
8845,31,blue-collar,married,primary,no,3,no,yes,cellular,25,jul,945,3,-1,0,unknown,0
8846,31,blue-collar,married,primary,no,3,no,yes,cellular,25,jul,1011,3,-1,0,unknown,1
8847,34,retired,married,tertiary,no,0,yes,no,cellular,7,aug,262,1,99,2,other,0
8848,58,management,married,tertiary,no,0,yes,no,cellular,7,aug,262,1,99,2,other,0
8849,31,admin.,divorced,secondary,no,217,yes,no,cellular,31,jan,30,2,-1,0,unknown,0
8850,31,admin.,single,secondary,no,217,yes,no,cellular,30,jan,574,2,-1,0,unknown,0
8851,32,management,single,tertiary,no,1017,no,no,cellular,15,jul,1105,3,163,1,failure,1
8852,32,management,single,tertiary,yes,1017,no,no,cellular,15,jul,355,7,163,1,failure,1
8853,54,retired,married,primary,no,5220,no,no,telephone,13,nov,135,1,94,2,other,0
8854,81,retired,married,primary,no,5220,no,no,telephone,13,nov,1334,1,94,2,failure,0
8855,51,retired,single,tertiary,no,746,no,no,cellular,31,aug,372,5,-1,0,unknown,0
8856,26,retired,married,tertiary,no,746,no,no,cellular,10,aug,372,5,-1,0,unknown,0
8857,49,admin.,married,secondary,no,716,yes,no,unknown,15,may,1257,3,474,0,unknown,0
8858,49,admin.,single,secondary,no,716,yes,no,unknown,6,may,768,3,-1,0,unknown,0
8859,42,technician,married,primary,no,4945,yes,yes,cellular,2,mar,311,2,-1,0,unknown,0
8860,42,technician,married,secondary,yes,4945,yes,no,cellular,30,mar,311,2,-1,0,unknown,0
8861,48,management,married,tertiary,no,1093,yes,yes,cellular,13,oct,348,2,-1,0,unknown,0
8862,48,management,married,tertiary,no,1093,yes,yes,cellular,13,sep,558,2,-1,0,unknown,0
8863,30,services,single,secondary,no,1268,yes,no,cellular,8,may,105,5,320,8,other,0
8864,71,services,single,secondary,no,1268,yes,no,cellular,8,apr,105,4,320,8,other,0
8865,46,admin.,married,secondary,no,59979,no,no,telephone,17,mar,178,1,-1,0,unknown,0
8866,46,admin.,married,secondary,no,974,no,no,cellular,17,mar,178,15,-1,0,unknown,0
8867,36,management,married,tertiary,no,1133,yes,no,cellular,4,aug,293,1,181,9,unknown,0
8868,36,management,married,secondary,no,1133,yes,no,cellular,4,jan,293,1,181,2,other,0
8869,41,entrepreneur,married,primary,no,32375,no,no,cellular,3,apr,438,2,389,1,other,0
8870,41,entrepreneur,married,primary,no,0,no,no,cellular,3,jul,438,2,105,1,other,0
8871,69,student,divorced,tertiary,no,247,no,no,cellular,22,apr,138,2,-1,13,unknown,0
8872,19,retired,divorced,tertiary,no,247,no,no,cellular,22,apr,138,2,-1,13,unknown,0
8873,45,blue-collar,married,primary,yes,-443,yes,yes,cellular,20,nov,513,1,-1,0,unknown,0
8874,45,blue-collar,married,primary,yes,21302,yes,yes,cellular,20,jul,691,1,-1,0,unknown,0
8875,33,unemployed,married,tertiary,no,55,no,yes,cellular,30,apr,526,2,87,3,failure,0
8876,33,management,married,tertiary,no,36047,no,no,cellular,30,apr,526,8,87,3,failure,0
8877,33,management,single,tertiary,no,0,yes,no,cellular,8,jul,766,1,-1,0,unknown,1
8878,33,management,divorced,tertiary,no,0,yes,no,cellular,8,mar,454,1,-1,0,unknown,1
8879,47,blue-collar,married,primary,no,126,yes,no,unknown,3,jun,2456,2,148,0,unknown,0
8880,47,blue-collar,married,primary,yes,126,yes,no,unknown,3,jun,2456,2,-1,0,unknown,0
8881,90,management,married,tertiary,no,9366,no,no,cellular,11,apr,69,3,-1,0,unknown,0
8882,40,management,single,primary,no,9366,no,no,cellular,11,nov,69,3,-1,0,unknown,0
8883,26,services,single,secondary,no,21577,no,no,telephone,18,sep,280,6,92,5,other,0
8884,26,services,single,secondary,no,1347,no,no,telephone,18,jun,89,6,92,5,other,0
8885,40,management,married,tertiary,no,1666,yes,no,cellular,28,aug,990,4,-1,0,unknown,1
8886,40,management,married,tertiary,no,1666,yes,no,cellular,28,aug,1002,4,-1,0,unknown,1
8887,54,blue-collar,single,secondary,no,3145,no,no,cellular,28,dec,6,1,209,1,other,0
8888,26,blue-collar,single,secondary,no,3145,no,no,cellular,28,dec,215,1,209,1,other,0
8889,59,services,single,secondary,no,129,no,no,cellular,16,jun,258,1,-1,0,unknown,0
8890,72,housemaid,single,secondary,no,129,no,no,cellular,16,oct,258,1,-1,0,unknown,0
8891,47,services,married,secondary,no,405,no,yes,cellular,8,aug,571,2,-1,0,unknown,0
8892,47,services,married,secondary,no,405,yes,yes,cellular,8,aug,994,2,-1,22,unknown,0
8893,47,management,divorced,tertiary,no,3505,no,no,unknown,17,nov,434,2,-1,0,unknown,0
8894,47,management,married,tertiary,no,3505,no,no,cellular,17,nov,434,1,64,0,unknown,0
8895,36,services,married,secondary,no,11462,yes,no,cellular,20,nov,309,1,193,0,unknown,0
8896,36,services,married,secondary,no,11462,no,no,cellular,20,nov,451,1,-1,0,unknown,0
8897,40,unemployed,single,tertiary,no,7968,no,no,cellular,2,mar,263,11,180,2,other,0
8898,40,unemployed,single,tertiary,no,7968,no,no,cellular,4,mar,263,2,180,2,other,0
8899,84,entrepreneur,married,secondary,no,0,no,no,telephone,30,sep,42,2,-1,0,unknown,0
8900,84,entrepreneur,married,secondary,no,0,no,no,telephone,30,sep,289,2,-1,0,unknown,0
8901,35,blue-collar,married,secondary,no,5639,yes,no,telephone,1,nov,945,2,-1,0,unknown,0
8902,35,blue-collar,married,primary,no,5639,yes,no,cellular,20,nov,873,2,-1,0,unknown,0
8903,34,management,married,tertiary,no,589,yes,no,cellular,19,apr,125,2,88,0,unknown,0
8904,34,management,married,tertiary,no,589,no,no,cellular,19,apr,125,5,-1,0,other,0
8905,77,retired,married,primary,no,71359,no,yes,telephone,13,nov,212,3,277,12,failure,0
8906,77,retired,married,primary,no,2590,no,no,unknown,13,nov,212,3,277,7,failure,0
8907,38,housemaid,divorced,secondary,no,70,no,yes,cellular,27,oct,255,3,148,1,other,0
8908,38,housemaid,divorced,secondary,no,70,no,no,cellular,15,oct,255,3,148,1,failure,0
8909,32,technician,single,secondary,no,116,yes,no,cellular,20,aug,718,22,-1,0,unknown,0
8910,32,technician,single,secondary,no,116,yes,no,cellular,20,aug,257,2,-1,0,unknown,0
8911,34,services,married,secondary,no,1337,no,no,cellular,12,aug,159,2,104,1,failure,0
8912,34,services,married,unknown,no,1337,no,no,cellular,12,aug,96,2,104,1,success,0
8913,35,technician,married,tertiary,no,7050,no,no,cellular,11,jan,69,3,182,4,success,0
8914,35,technician,married,tertiary,no,7050,no,no,unknown,23,aug,222,3,182,4,success,0
8915,42,management,divorced,tertiary,no,497,no,no,unknown,15,oct,1011,22,-1,0,unknown,1
8916,42,management,divorced,tertiary,no,497,no,no,cellular,15,may,893,22,-1,0,unknown,1
8917,48,admin.,married,secondary,no,-2742,yes,yes,telephone,31,jul,1039,9,-1,0,unknown,0
8918,48,admin.,married,primary,no,19151,yes,yes,unknown,31,jul,1039,9,-1,0,unknown,0
8919,50,admin.,divorced,secondary,no,363,yes,no,unknown,16,may,126,7,-1,0,unknown,0
8920,50,admin.,married,secondary,no,363,yes,no,unknown,16,may,1340,1,-1,0,other,0
8921,40,technician,married,secondary,no,2266,yes,no,telephone,16,oct,447,1,147,5,failure,0
8922,40,technician,married,secondary,no,2266,no,no,cellular,16,jul,447,1,147,4,failure,0
8923,53,management,married,unknown,no,2240,yes,no,cellular,3,jun,282,2,385,1,failure,0
8924,53,management,married,unknown,no,2240,yes,no,cellular,2,jan,282,2,385,1,failure,0
8925,59,services,married,secondary,no,2965,yes,no,cellular,13,may,55,3,-1,9,unknown,0
8926,59,services,married,secondary,no,2965,yes,no,cellular,13,may,63,15,-1,0,unknown,0
8927,42,admin.,married,tertiary,no,254,no,no,cellular,9,dec,288,7,183,4,unknown,0
8928,42,management,married,tertiary,no,254,no,no,cellular,9,dec,288,1,183,4,other,0
8929,31,management,divorced,tertiary,no,883,yes,no,cellular,19,nov,1226,1,-1,0,unknown,1
8930,83,management,divorced,tertiary,no,883,yes,no,cellular,19,nov,168,20,-1,0,unknown,1
8931,69,self-employed,single,tertiary,no,1880,no,no,cellular,20,may,154,1,-1,0,unknown,0
8932,35,technician,single,tertiary,no,1880,no,no,cellular,10,may,154,5,-1,0,unknown,0
8933,59,retired,divorced,secondary,no,59590,no,no,cellular,3,feb,261,1,-1,0,unknown,0
8934,28,retired,divorced,secondary,no,514,no,no,cellular,3,feb,261,1,-1,2,unknown,0
8935,43,services,single,secondary,no,774,no,no,cellular,25,dec,101,1,421,1,success,0
8936,43,services,married,secondary,no,63631,no,no,cellular,25,mar,101,1,41,1,success,0
8937,43,services,married,secondary,no,80541,no,no,cellular,30,jul,843,2,-1,0,unknown,0
8938,36,services,married,secondary,no,60896,no,no,cellular,30,nov,843,2,-1,0,unknown,0
8939,37,management,married,secondary,no,5106,no,no,cellular,30,apr,95,1,-1,0,unknown,0
8940,37,management,married,tertiary,no,5106,no,no,cellular,30,apr,93,1,-1,0,unknown,0
8941,49,housemaid,married,primary,no,278,yes,no,telephone,15,jul,1333,6,273,0,unknown,1
8942,49,housemaid,married,primary,no,38178,yes,no,telephone,15,jul,1579,6,-1,0,unknown,1
8943,31,student,single,secondary,no,202,yes,no,cellular,8,jul,167,1,62,1,other,0
8944,30,management,single,secondary,no,39343,yes,no,cellular,8,jul,167,1,62,1,failure,0
8945,26,management,single,tertiary,no,3,yes,yes,cellular,6,apr,149,1,350,1,other,0
8946,26,management,single,primary,no,3,yes,yes,cellular,24,apr,149,1,350,1,success,0
8947,75,blue-collar,single,secondary,no,643,yes,no,cellular,3,jul,308,2,-1,0,unknown,0
8948,28,blue-collar,single,secondary,no,643,no,yes,cellular,3,jul,308,2,390,0,unknown,0
8949,32,unemployed,divorced,primary,no,0,no,no,cellular,15,jul,1226,4,-1,0,unknown,1
8950,32,unemployed,divorced,primary,no,0,no,no,cellular,15,jul,640,4,-1,0,unknown,0
8951,37,admin.,married,secondary,no,68,yes,yes,cellular,13,may,1173,2,351,1,failure,1
8952,37,admin.,married,secondary,no,68,yes,yes,cellular,13,may,1186,2,351,5,failure,1
8953,47,entrepreneur,married,tertiary,no,0,no,no,cellular,16,sep,261,2,-1,0,unknown,0
8954,47,entrepreneur,married,tertiary,no,0,no,no,cellular,16,jun,261,2,-1,0,unknown,0
8955,30,services,divorced,primary,no,41333,yes,yes,cellular,19,nov,686,1,-1,0,unknown,0
8956,30,retired,single,primary,no,21975,yes,yes,cellular,19,nov,686,1,-1,0,unknown,0
8957,25,student,single,secondary,no,679,no,no,cellular,25,dec,134,5,94,6,other,0
8958,25,student,single,secondary,no,679,no,yes,cellular,25,jul,297,5,94,6,other,0
8959,30,blue-collar,single,tertiary,no,297,yes,no,cellular,7,apr,465,4,-1,10,unknown,0
8960,30,blue-collar,married,tertiary,no,297,no,no,cellular,18,apr,465,4,-1,0,unknown,0
8961,37,management,divorced,tertiary,no,1775,no,yes,cellular,24,jul,514,5,-1,0,unknown,0
8962,37,management,single,tertiary,no,1775,no,no,cellular,30,jul,514,5,-1,0,unknown,0
8963,31,management,married,tertiary,no,0,yes,yes,cellular,28,jul,664,3,-1,22,unknown,0
8964,31,management,married,tertiary,no,28068,yes,yes,cellular,28,jul,664,8,-1,0,unknown,0
8965,43,entrepreneur,single,primary,no,2124,yes,no,cellular,19,nov,1233,5,-1,0,unknown,1
8966,43,entrepreneur,single,primary,yes,2124,yes,no,cellular,19,nov,755,1,-1,0,unknown,1
8967,36,blue-collar,married,secondary,no,4438,yes,no,unknown,31,may,446,1,-1,0,unknown,0
8968,36,blue-collar,married,secondary,no,4438,yes,no,telephone,20,may,671,1,-1,0,unknown,0
8969,61,management,married,tertiary,no,6016,no,no,cellular,2,feb,218,3,-1,0,unknown,0
8970,61,management,married,tertiary,no,75558,no,no,cellular,2,feb,670,2,-1,0,unknown,0
8971,55,self-employed,married,primary,no,42177,no,no,unknown,19,jun,922,2,-1,0,unknown,0
8972,55,housemaid,married,primary,no,2152,no,yes,unknown,19,sep,922,2,-1,0,unknown,0
8973,34,technician,married,secondary,no,133,no,no,cellular,12,may,171,3,181,3,failure,0
8974,34,technician,married,unknown,no,133,no,no,cellular,12,may,171,2,181,3,unknown,0
8975,43,services,single,primary,no,2145,no,no,cellular,22,may,271,1,183,3,failure,0
8976,43,services,divorced,secondary,yes,2145,no,no,cellular,22,may,271,1,183,3,failure,0
8977,28,student,single,tertiary,no,22,yes,no,cellular,15,may,13,2,-1,0,unknown,0
8978,43,student,single,tertiary,no,22,yes,no,cellular,15,dec,536,2,-1,0,unknown,0
8979,33,services,single,tertiary,no,395,yes,no,cellular,23,jul,323,11,-1,0,unknown,0
8980,33,services,single,unknown,no,395,yes,no,cellular,23,jul,312,6,-1,0,unknown,0
8981,44,management,married,tertiary,no,792,no,no,cellular,25,dec,173,7,-1,0,unknown,0
8982,44,management,married,tertiary,no,67857,no,no,cellular,25,aug,630,7,-1,0,unknown,0
8983,27,management,single,secondary,no,843,no,no,telephone,8,jan,949,1,-1,0,unknown,0
8984,27,management,single,secondary,no,843,no,no,cellular,6,jan,187,20,-1,0,unknown,0
8985,46,technician,divorced,secondary,no,42719,no,no,cellular,21,nov,534,2,-1,0,unknown,0
8986,46,services,divorced,secondary,no,4329,no,no,cellular,21,may,534,10,-1,0,unknown,0
8987,37,unemployed,divorced,tertiary,no,50795,yes,no,cellular,14,may,668,2,-1,0,unknown,0
8988,37,management,divorced,tertiary,no,18361,yes,no,telephone,14,may,668,2,-1,0,unknown,0
8989,73,retired,married,primary,no,542,no,no,cellular,26,aug,355,29,180,5,failure,0
8990,73,retired,married,tertiary,no,542,no,no,cellular,26,dec,355,1,180,5,failure,0
8991,25,management,single,tertiary,no,219,no,no,cellular,4,aug,10,1,96,1,success,0
8992,25,management,single,tertiary,no,219,no,no,cellular,4,aug,90,1,308,1,success,0
8993,43,retired,divorced,tertiary,yes,1236,yes,no,cellular,14,sep,335,4,-1,0,unknown,0
8994,71,retired,divorced,tertiary,yes,1236,yes,yes,cellular,14,sep,121,4,-1,0,unknown,0
8995,28,entrepreneur,single,tertiary,no,135,yes,no,unknown,21,may,2372,1,185,0,unknown,1
8996,28,entrepreneur,single,tertiary,no,135,yes,no,unknown,21,may,2372,1,-1,0,unknown,1
8997,40,blue-collar,single,secondary,no,1451,yes,no,cellular,1,jun,314,1,-1,0,unknown,0
8998,40,blue-collar,married,secondary,no,1451,no,no,cellular,29,jun,156,1,-1,0,unknown,0
8999,37,management,divorced,tertiary,no,61353,yes,no,cellular,17,sep,12,1,854,2,failure,0
9000,37,management,divorced,tertiary,no,51185,yes,no,cellular,17,may,328,1,854,2,failure,0
9001,20,blue-collar,single,secondary,no,423,yes,no,cellular,16,apr,498,13,-1,0,failure,0
9002,20,blue-collar,single,unknown,no,423,yes,no,cellular,8,apr,498,1,-1,0,unknown,0
9003,70,management,single,primary,no,1311,no,no,cellular,11,aug,651,1,-1,0,unknown,0
9004,25,housemaid,divorced,primary,no,1311,no,no,cellular,11,aug,303,1,-1,0,unknown,0
9005,60,retired,married,unknown,no,209,yes,no,cellular,14,aug,391,3,358,1,failure,0
9006,51,retired,married,tertiary,no,209,no,no,cellular,14,aug,391,3,106,1,failure,0
9007,33,management,single,tertiary,no,935,no,no,cellular,9,feb,385,2,92,14,other,0
9008,33,management,single,tertiary,no,935,no,no,cellular,9,feb,385,2,90,8,unknown,0
9009,60,technician,married,secondary,no,0,no,no,unknown,25,may,641,10,-1,0,unknown,0
9010,60,technician,married,secondary,no,0,no,no,cellular,25,may,425,4,-1,0,unknown,0
9011,27,technician,single,secondary,yes,0,no,yes,unknown,8,jul,417,1,-1,0,unknown,0
9012,72,technician,single,secondary,yes,0,no,yes,cellular,8,nov,732,1,-1,0,unknown,0
9013,30,blue-collar,single,secondary,no,10086,yes,no,unknown,2,jun,747,2,-1,0,unknown,0
9014,30,blue-collar,single,secondary,no,953,yes,no,unknown,2,jun,349,2,-1,0,unknown,0
9015,39,blue-collar,married,primary,no,3501,yes,no,unknown,15,may,1038,3,-1,0,unknown,1
9016,58,blue-collar,married,primary,no,3501,yes,no,unknown,15,may,1148,3,-1,0,unknown,1
9017,31,technician,married,secondary,no,1919,no,no,unknown,4,aug,846,1,-1,0,unknown,0
9018,38,technician,married,secondary,no,1919,no,no,cellular,4,aug,471,4,-1,0,unknown,0
9019,43,technician,single,unknown,no,48732,no,no,cellular,23,apr,291,1,182,3,failure,0
9020,43,technician,single,unknown,no,11115,yes,no,cellular,23,apr,291,1,182,3,other,0
9021,37,technician,single,secondary,no,265,yes,yes,cellular,3,feb,140,1,277,2,failure,0
9022,37,technician,single,secondary,no,34851,yes,yes,cellular,3,feb,140,1,366,2,failure,0
9023,76,retired,married,tertiary,no,2991,no,no,cellular,22,oct,92,1,183,1,success,0
9024,76,retired,married,tertiary,no,27564,no,no,cellular,22,oct,344,1,183,1,unknown,0
9025,32,self-employed,single,tertiary,no,1249,yes,no,cellular,19,jan,472,1,-1,0,success,0
9026,32,self-employed,divorced,tertiary,no,1249,yes,no,cellular,10,nov,472,1,-1,0,unknown,0
9027,58,admin.,married,secondary,no,169,no,no,cellular,27,feb,216,1,91,4,unknown,0
9028,58,admin.,married,secondary,no,16487,no,no,cellular,15,feb,216,1,91,4,other,0
9029,25,management,single,tertiary,no,1,yes,no,cellular,13,may,639,5,-1,0,unknown,1
9030,25,management,single,tertiary,no,1,yes,no,cellular,13,may,1391,5,-1,0,unknown,1
9031,29,management,single,tertiary,no,2531,no,no,cellular,19,aug,158,1,-1,0,unknown,0
9032,71,management,divorced,tertiary,no,2531,no,no,cellular,19,aug,634,1,-1,0,unknown,0
9033,27,management,single,tertiary,no,1,yes,no,telephone,30,jul,764,4,-1,0,failure,0
9034,27,management,single,primary,no,75192,yes,no,cellular,30,jul,764,4,-1,0,unknown,0
9035,38,technician,married,secondary,no,0,yes,no,cellular,22,jul,751,1,-1,0,unknown,0
9036,38,technician,married,secondary,no,0,no,no,cellular,22,jan,1545,1,-1,0,unknown,0
9037,53,management,married,tertiary,no,241,yes,no,cellular,19,nov,1138,1,-1,6,unknown,1
9038,53,management,married,tertiary,no,241,yes,no,cellular,19,mar,137,1,-1,0,unknown,1
9039,47,admin.,married,secondary,no,0,no,no,cellular,10,nov,213,1,190,1,failure,0
9040,47,admin.,married,tertiary,no,0,no,no,cellular,1,nov,213,1,190,1,other,0
9041,31,management,divorced,tertiary,no,71,no,no,cellular,12,sep,119,1,-1,0,unknown,0
9042,31,management,divorced,tertiary,no,71,no,yes,telephone,12,mar,119,1,-1,0,unknown,0
9043,55,management,divorced,tertiary,no,19464,no,no,cellular,18,aug,309,4,-1,0,unknown,0
9044,55,blue-collar,divorced,tertiary,no,0,no,no,cellular,18,aug,309,5,-1,0,unknown,0
9045,27,services,single,secondary,no,-195,yes,no,cellular,18,dec,391,22,-1,0,unknown,0
9046,27,services,divorced,secondary,no,-195,yes,no,cellular,18,jul,391,1,-1,0,unknown,0
9047,50,admin.,single,secondary,no,2252,no,no,cellular,10,apr,453,2,-1,0,unknown,0
9048,40,admin.,single,secondary,no,2252,no,no,cellular,30,may,652,2,-1,0,unknown,0
9049,57,admin.,married,secondary,no,6005,yes,no,cellular,8,may,704,29,209,6,failure,0
9050,57,admin.,married,secondary,no,6005,yes,no,cellular,8,may,181,1,323,6,failure,0
9051,57,blue-collar,married,primary,no,3109,no,no,cellular,2,jun,124,2,-1,0,unknown,0
9052,57,blue-collar,married,primary,no,3109,no,no,cellular,23,apr,482,2,-1,0,unknown,0
9053,34,admin.,married,secondary,no,155,no,no,cellular,5,feb,286,15,-1,0,unknown,0
9054,46,admin.,married,primary,no,155,no,no,cellular,5,feb,696,2,-1,0,unknown,0
9055,53,retired,married,secondary,no,38,yes,no,cellular,17,nov,893,1,-1,0,unknown,1
9056,53,retired,married,secondary,no,38,yes,no,cellular,17,nov,857,1,-1,0,unknown,0
9057,61,blue-collar,married,primary,no,-413,yes,yes,unknown,27,jun,422,6,-1,0,unknown,0
9058,27,blue-collar,married,primary,no,-413,no,yes,unknown,27,jun,265,6,-1,0,unknown,0
9059,41,technician,married,unknown,no,515,yes,no,cellular,5,aug,837,2,-1,0,unknown,0
9060,41,technician,married,tertiary,no,515,no,no,unknown,5,aug,812,2,-1,0,unknown,0
9061,40,technician,married,secondary,no,694,yes,no,cellular,3,nov,81,2,119,9,failure,0
9062,40,technician,married,secondary,no,80370,yes,no,cellular,3,oct,431,2,119,9,failure,0
9063,32,technician,divorced,tertiary,no,6746,no,no,cellular,11,nov,199,1,-1,0,failure,0
9064,32,technician,single,tertiary,no,6746,no,no,cellular,18,nov,199,1,-1,0,success,0
9065,27,technician,divorced,tertiary,no,57833,yes,yes,cellular,25,jul,728,2,-1,0,unknown,0
9066,83,technician,single,tertiary,no,22323,yes,yes,cellular,25,jul,728,2,-1,0,unknown,0
9067,46,unemployed,married,secondary,no,926,no,no,cellular,6,jul,550,5,-1,0,unknown,0
9068,67,unemployed,married,secondary,no,65758,no,no,cellular,7,jul,385,5,-1,0,unknown,0
9069,50,technician,divorced,secondary,no,-54,yes,yes,cellular,13,jan,698,2,104,1,failure,0
9070,50,technician,divorced,primary,no,-54,yes,yes,cellular,13,may,276,2,292,1,failure,0
9071,35,technician,married,secondary,no,518,yes,no,cellular,17,apr,616,1,-1,0,other,0
9072,35,technician,married,unknown,no,518,yes,yes,cellular,30,apr,616,1,-1,0,unknown,0
9073,43,technician,single,secondary,no,719,yes,no,cellular,9,apr,448,2,316,6,unknown,0
9074,33,technician,single,secondary,no,719,yes,no,cellular,9,apr,267,2,316,6,failure,0
9075,53,blue-collar,divorced,primary,no,4401,yes,no,telephone,11,aug,779,1,-1,0,unknown,0
9076,53,blue-collar,married,tertiary,no,4401,no,no,telephone,11,aug,254,1,-1,0,unknown,0
9077,36,blue-collar,married,unknown,no,1165,yes,yes,unknown,13,may,1001,4,-1,0,unknown,0
9078,57,blue-collar,married,secondary,no,1165,yes,no,unknown,12,may,1001,4,-1,0,unknown,0
9079,45,blue-collar,divorced,secondary,no,2657,no,no,cellular,7,aug,401,3,-1,0,unknown,0
9080,45,technician,divorced,secondary,no,2657,no,no,cellular,7,aug,90,3,-1,0,unknown,0
9081,58,technician,married,secondary,no,683,no,no,telephone,20,jun,1223,2,-1,0,unknown,1
9082,58,technician,married,secondary,no,683,no,no,unknown,20,jun,1039,2,-1,0,unknown,1
9083,78,retired,married,primary,no,680,no,no,telephone,7,may,838,1,89,9,success,1
9084,78,retired,married,primary,no,680,no,no,cellular,24,may,838,1,344,9,failure,1
9085,24,admin.,single,secondary,no,2568,no,no,unknown,4,sep,563,1,100,4,other,0
9086,30,admin.,single,secondary,no,2568,no,no,unknown,4,may,563,1,100,4,other,0
9087,24,admin.,single,tertiary,no,674,yes,no,cellular,24,jul,267,1,-1,0,unknown,0
9088,24,admin.,single,primary,no,674,yes,no,cellular,6,jul,267,1,-1,0,unknown,0
9089,58,technician,married,secondary,no,0,no,no,cellular,18,jul,635,1,-1,0,unknown,0
9090,38,housemaid,divorced,secondary,no,0,no,no,cellular,8,jul,635,1,-1,0,unknown,0
9091,27,unemployed,married,secondary,no,771,no,no,unknown,21,oct,181,1,302,3,other,0
9092,27,unemployed,single,secondary,no,771,no,yes,cellular,21,oct,181,1,302,1,other,0
9093,37,services,married,secondary,no,75375,no,no,cellular,16,oct,1973,1,-1,0,unknown,0
9094,68,services,married,secondary,no,4017,no,no,cellular,16,oct,156,1,-1,14,unknown,0
9095,26,technician,single,secondary,no,44,no,no,cellular,30,oct,542,11,-1,0,unknown,0
9096,26,technician,single,secondary,no,44,no,no,cellular,30,dec,217,4,-1,0,unknown,0
9097,38,unemployed,married,primary,no,7005,yes,no,cellular,7,jul,370,1,143,1,failure,0
9098,38,unemployed,married,primary,no,7005,yes,no,cellular,7,jul,370,1,358,1,failure,0
9099,40,unknown,married,secondary,no,5060,no,no,unknown,9,nov,299,7,-1,0,unknown,0
9100,40,blue-collar,married,secondary,no,5060,no,no,unknown,9,jan,299,1,-1,0,unknown,0
9101,72,management,single,tertiary,no,104,no,yes,cellular,18,oct,509,1,185,3,unknown,0
9102,22,management,single,tertiary,no,104,no,yes,unknown,18,oct,110,1,185,3,success,0
9103,29,technician,single,secondary,no,1165,no,no,cellular,2,jun,245,8,-1,0,unknown,0
9104,29,technician,single,secondary,no,1165,no,no,cellular,2,jul,245,1,-1,13,unknown,0
9105,31,technician,single,secondary,no,360,yes,no,cellular,18,may,309,1,-1,12,unknown,0
9106,31,management,single,secondary,no,360,yes,no,cellular,6,may,309,1,518,0,unknown,0
9107,27,blue-collar,single,tertiary,no,567,no,no,cellular,25,nov,238,2,106,1,failure,0
9108,29,blue-collar,single,tertiary,no,567,yes,no,cellular,25,nov,238,2,184,1,success,0
9109,34,blue-collar,single,secondary,no,4536,yes,no,cellular,21,nov,434,1,-1,0,unknown,0
9110,34,blue-collar,single,secondary,no,4536,yes,no,cellular,21,nov,963,9,-1,0,unknown,0
9111,24,self-employed,single,unknown,no,2984,yes,yes,unknown,27,may,935,1,-1,0,unknown,0
9112,24,self-employed,single,tertiary,no,47133,yes,yes,unknown,27,may,935,1,-1,0,unknown,0
9113,46,self-employed,divorced,tertiary,no,10150,no,no,unknown,30,jul,566,2,-1,0,unknown,0
9114,33,self-employed,divorced,secondary,no,21,no,no,cellular,30,jul,566,2,-1,0,unknown,0
9115,33,self-employed,single,tertiary,no,29922,yes,no,cellular,5,may,955,2,-1,0,unknown,0
9116,33,admin.,single,tertiary,no,12006,yes,no,cellular,5,may,955,2,-1,0,unknown,0
9117,28,student,single,secondary,no,0,no,no,cellular,26,apr,185,22,-1,0,unknown,0
9118,72,student,single,secondary,no,0,no,no,cellular,20,apr,185,1,169,0,unknown,0
9119,34,technician,married,secondary,no,0,yes,no,cellular,3,aug,261,1,64,2,failure,0
9120,34,technician,married,secondary,no,0,yes,no,cellular,3,sep,261,1,470,2,failure,0
9121,26,management,married,unknown,no,2240,yes,no,unknown,13,may,845,1,-1,0,other,0
9122,52,management,married,unknown,no,2240,yes,no,unknown,13,may,845,20,-1,0,unknown,0
9123,28,admin.,divorced,secondary,no,4745,no,no,telephone,12,may,360,1,181,5,other,0
9124,28,admin.,single,secondary,no,4745,no,no,telephone,12,may,120,8,181,5,success,0
9125,26,blue-collar,single,secondary,no,2007,no,no,cellular,13,jul,272,3,182,3,failure,0
9126,26,blue-collar,married,secondary,no,2007,no,no,cellular,13,jul,272,3,182,2,other,0
9127,74,retired,married,tertiary,no,1843,no,no,cellular,15,mar,192,7,185,2,other,0
9128,41,retired,married,tertiary,no,1843,no,no,cellular,15,mar,192,1,185,2,failure,0
9129,35,student,single,tertiary,no,994,no,no,cellular,5,apr,400,1,87,2,failure,0
9130,35,admin.,single,tertiary,no,994,no,yes,cellular,30,oct,400,1,87,2,failure,0
9131,70,retired,married,primary,no,2346,no,no,cellular,18,feb,694,22,184,5,failure,0
9132,70,retired,married,primary,no,-2694,no,no,cellular,24,feb,694,6,184,5,failure,0
9133,42,admin.,divorced,secondary,no,57992,no,yes,cellular,20,apr,112,1,293,0,unknown,0
9134,42,admin.,divorced,secondary,no,527,no,yes,cellular,20,apr,112,9,-1,0,unknown,0
9135,24,admin.,single,secondary,no,17259,no,no,cellular,10,oct,256,2,-1,0,unknown,0
9136,24,admin.,single,secondary,no,166,yes,no,cellular,10,sep,256,6,-1,0,unknown,0
9137,68,retired,divorced,unknown,no,2027,no,no,cellular,14,sep,66,2,91,4,success,0
9138,68,retired,divorced,primary,no,2027,no,no,cellular,14,sep,404,11,91,4,other,0
9139,31,management,divorced,tertiary,no,52861,no,no,cellular,10,feb,132,6,-1,0,other,0
9140,31,management,married,tertiary,no,16176,no,no,cellular,10,feb,132,6,-1,0,unknown,0
9141,42,blue-collar,married,primary,no,201,yes,no,cellular,11,nov,265,12,103,3,success,0
9142,42,blue-collar,married,primary,no,201,yes,no,cellular,11,aug,265,1,103,3,other,0
9143,45,unemployed,married,secondary,no,2040,no,no,telephone,2,jan,803,3,-1,0,unknown,0
9144,45,unemployed,married,primary,no,2040,no,no,telephone,2,feb,803,7,-1,0,unknown,0
9145,43,management,divorced,tertiary,no,12148,yes,no,cellular,11,may,555,1,284,2,failure,0
9146,43,management,divorced,tertiary,no,60116,yes,no,cellular,11,may,292,1,284,2,failure,0
9147,47,technician,single,secondary,no,33012,no,no,cellular,17,feb,226,1,-1,0,unknown,0
9148,47,technician,married,secondary,no,56878,no,no,cellular,17,feb,226,1,-1,0,unknown,0
9149,36,management,married,tertiary,yes,254,no,no,cellular,3,feb,303,7,-1,0,unknown,0
9150,36,unknown,married,tertiary,no,64577,no,no,cellular,3,feb,303,2,-1,0,unknown,0
9151,21,admin.,married,tertiary,no,6574,no,no,cellular,8,sep,495,1,92,3,failure,0
9152,50,admin.,married,tertiary,no,6574,no,no,cellular,8,feb,495,1,92,3,other,0
9153,44,technician,married,tertiary,no,1933,no,no,cellular,5,jun,146,7,-1,0,unknown,0
9154,44,technician,married,tertiary,no,1933,no,yes,cellular,5,jun,462,1,359,0,unknown,0
9155,30,admin.,single,tertiary,no,1541,no,no,cellular,18,aug,471,8,-1,0,unknown,0
9156,50,management,single,tertiary,no,1541,no,yes,cellular,18,aug,471,8,-1,0,unknown,0
9157,56,technician,married,secondary,no,589,yes,no,unknown,16,apr,535,2,-1,0,unknown,0
9158,56,technician,married,secondary,no,589,yes,no,unknown,29,may,333,2,-1,0,unknown,0
9159,35,admin.,married,secondary,no,1286,yes,no,cellular,5,may,282,3,337,1,other,0
9160,35,admin.,married,secondary,no,1286,yes,no,unknown,5,may,577,3,337,1,other,0
9161,48,housemaid,married,tertiary,no,5473,yes,no,cellular,21,feb,127,2,184,2,success,0
9162,48,housemaid,married,tertiary,no,5473,yes,no,cellular,24,feb,127,2,359,2,success,0
9163,28,management,single,secondary,no,171,no,no,cellular,5,jun,324,1,87,14,failure,0
9164,28,management,single,secondary,no,171,no,no,unknown,5,jun,324,1,87,1,failure,0
9165,39,management,married,tertiary,no,-17,yes,yes,cellular,28,aug,55,1,-1,0,unknown,0
9166,39,management,married,tertiary,no,-17,yes,yes,cellular,28,aug,41,1,-1,0,success,0
9167,46,blue-collar,married,tertiary,no,2552,no,no,cellular,3,sep,260,1,94,8,unknown,0
9168,46,admin.,married,tertiary,yes,2552,no,no,cellular,3,sep,103,1,94,8,success,0
9169,57,retired,divorced,primary,no,46,no,no,cellular,25,mar,115,22,-1,0,unknown,0
9170,74,retired,divorced,primary,no,46,no,no,cellular,25,jun,115,1,-1,0,unknown,0
9171,38,technician,married,secondary,no,0,no,yes,cellular,8,jul,634,1,-1,0,unknown,0
9172,25,technician,single,secondary,no,0,no,yes,cellular,8,jul,473,1,-1,0,unknown,0
9173,39,management,divorced,tertiary,no,1968,no,no,cellular,21,nov,284,1,-1,1,unknown,0
9174,39,management,divorced,tertiary,no,1968,no,no,cellular,21,nov,261,1,-1,0,unknown,0
9175,40,management,married,tertiary,no,1308,no,no,telephone,12,feb,657,2,-1,0,unknown,0
9176,40,management,married,tertiary,no,1308,no,no,telephone,3,feb,188,2,-1,0,unknown,0
9177,31,technician,single,secondary,no,271,yes,no,cellular,31,may,737,1,-1,0,unknown,1
9178,31,technician,single,secondary,no,271,yes,yes,cellular,5,may,572,1,-1,0,unknown,1
9179,54,technician,single,tertiary,no,384,no,yes,cellular,27,may,200,1,-1,0,unknown,0
9180,54,self-employed,single,tertiary,yes,384,yes,yes,cellular,27,may,200,1,-1,0,unknown,0
9181,44,management,married,tertiary,no,4119,yes,yes,telephone,21,nov,504,1,104,0,unknown,0
9182,44,management,married,tertiary,no,4119,no,yes,unknown,21,nov,1074,1,-1,0,unknown,0
9183,33,management,married,secondary,no,806,no,no,cellular,29,apr,108,1,-1,0,unknown,0
9184,33,technician,married,secondary,no,806,no,no,cellular,17,apr,108,1,-1,12,unknown,0
9185,26,blue-collar,single,secondary,no,-29,yes,no,cellular,10,jul,155,4,-1,0,unknown,0
9186,26,blue-collar,single,secondary,no,-29,yes,no,cellular,10,jul,443,4,-1,0,unknown,0
9187,57,services,married,secondary,no,510,yes,yes,telephone,8,jul,1767,2,-1,0,unknown,0
9188,28,services,married,secondary,no,510,yes,yes,cellular,8,jul,168,2,-1,0,unknown,0
9189,32,management,single,tertiary,no,935,no,no,cellular,10,aug,161,2,344,5,failure,0
9190,32,management,single,tertiary,no,935,no,no,cellular,29,aug,161,2,375,10,failure,0
9191,33,unemployed,married,secondary,no,1211,no,no,cellular,11,feb,535,1,188,8,other,0
9192,33,unemployed,married,secondary,no,1211,no,no,telephone,11,feb,535,1,188,1,other,0
9193,71,technician,married,secondary,no,3020,no,no,telephone,1,jul,304,1,270,3,failure,0
9194,71,technician,married,secondary,no,3020,no,yes,telephone,30,jul,304,1,86,3,failure,0
9195,55,management,single,secondary,no,40752,yes,no,cellular,11,jul,1973,2,-1,0,unknown,0
9196,21,management,divorced,secondary,no,204,yes,no,unknown,11,jul,1973,2,-1,0,unknown,0
9197,38,technician,divorced,secondary,no,45245,yes,no,cellular,4,may,32,3,90,1,success,0
9198,38,technician,divorced,secondary,no,902,yes,no,cellular,22,may,301,3,90,1,failure,0
9199,25,admin.,single,secondary,no,1871,no,no,unknown,8,sep,260,1,96,1,unknown,0
9200,25,admin.,single,secondary,no,1871,no,no,cellular,8,jul,260,1,96,1,failure,0
9201,34,management,divorced,tertiary,no,2240,no,yes,cellular,8,sep,220,2,184,3,failure,0
9202,34,management,divorced,tertiary,no,2240,no,no,cellular,8,sep,30,2,184,3,success,0
9203,32,services,married,tertiary,no,1129,yes,no,cellular,15,apr,485,2,341,2,failure,0
9204,32,services,married,secondary,no,1129,yes,no,telephone,15,nov,903,2,341,2,failure,0
9205,48,management,married,tertiary,no,50178,yes,no,unknown,13,may,683,2,-1,0,unknown,0
9206,48,management,married,tertiary,no,1949,yes,no,unknown,28,may,683,2,-1,0,unknown,0
9207,68,student,married,tertiary,no,2812,no,no,cellular,3,feb,279,8,181,1,failure,0
9208,68,retired,married,tertiary,no,2812,no,no,cellular,3,feb,1336,2,210,1,failure,0
9209,23,technician,married,secondary,no,888,yes,no,unknown,19,may,579,5,-1,0,unknown,0
9210,41,technician,married,secondary,no,501,yes,no,unknown,19,may,997,5,-1,0,unknown,0
9211,60,student,single,tertiary,no,62,yes,no,cellular,18,may,473,3,-1,0,unknown,0
9212,33,management,single,tertiary,no,62,yes,no,cellular,18,jun,473,3,-1,17,unknown,0
9213,60,self-employed,married,primary,no,362,no,yes,cellular,29,jul,121,4,-1,0,unknown,0
9214,60,self-employed,married,primary,no,362,yes,yes,cellular,19,jul,816,6,-1,0,unknown,0
9215,49,technician,married,unknown,no,60192,no,no,cellular,17,jun,169,1,-1,0,unknown,0
9216,49,technician,married,tertiary,no,1071,no,no,cellular,17,may,169,9,-1,0,unknown,0
9217,43,blue-collar,single,primary,no,0,no,no,cellular,11,jul,351,1,-1,0,unknown,0
9218,43,blue-collar,single,unknown,no,0,no,no,telephone,9,jul,1242,1,-1,0,unknown,0
9219,21,student,divorced,unknown,no,53,no,no,cellular,14,jun,270,8,-1,0,unknown,0
9220,53,student,single,unknown,no,53,no,no,cellular,14,jun,270,1,-1,0,success,0
9221,58,retired,single,tertiary,no,1411,yes,no,cellular,9,may,1806,2,-1,0,unknown,1
9222,58,retired,single,tertiary,no,1411,yes,no,cellular,13,may,629,2,-1,0,unknown,1
9223,43,entrepreneur,single,tertiary,no,1304,no,no,cellular,21,aug,501,2,-1,0,unknown,0
9224,43,management,single,secondary,no,12391,no,no,cellular,6,aug,501,2,-1,0,unknown,0
9225,66,technician,married,secondary,no,0,yes,no,cellular,6,feb,238,1,-1,0,unknown,0
9226,66,technician,married,secondary,no,0,no,no,unknown,6,feb,453,1,-1,0,unknown,0
9227,32,services,married,secondary,no,914,no,no,cellular,15,aug,372,1,213,0,unknown,0
9228,32,services,married,secondary,no,40618,no,yes,cellular,15,jun,372,1,-1,0,unknown,0
9229,55,technician,married,secondary,no,64132,yes,yes,unknown,31,jul,1150,5,-1,0,unknown,0
9230,55,technician,married,secondary,no,264,yes,yes,cellular,31,jul,133,5,-1,0,unknown,0
9231,47,retired,single,primary,no,3033,no,no,cellular,8,sep,17,1,-1,0,unknown,0
9232,47,blue-collar,single,primary,no,3033,no,no,cellular,8,may,293,1,-1,0,unknown,0
9233,50,housemaid,married,secondary,no,388,no,no,cellular,15,may,1363,2,99,4,failure,0
9234,50,housemaid,married,secondary,no,11828,no,no,cellular,15,sep,173,2,99,4,failure,0
9235,43,blue-collar,married,secondary,no,2160,no,yes,cellular,8,sep,261,1,98,1,failure,0
9236,43,blue-collar,married,secondary,no,2160,no,no,cellular,8,sep,261,7,35,1,success,0
9237,46,housemaid,married,secondary,no,38,no,no,cellular,25,nov,541,2,251,0,unknown,0
9238,46,housemaid,married,secondary,no,26419,no,no,cellular,25,nov,541,1,-1,13,unknown,0
9239,31,technician,single,tertiary,no,70951,yes,no,unknown,23,may,1767,7,-1,0,unknown,1
9240,31,technician,single,tertiary,no,7040,yes,no,unknown,23,may,1721,7,-1,0,unknown,1
9241,34,management,single,tertiary,no,2159,no,no,unknown,18,feb,386,2,-1,0,other,0
9242,34,management,single,unknown,no,54651,no,no,unknown,18,feb,386,1,-1,0,unknown,0
9243,40,management,married,secondary,no,643,yes,no,cellular,17,may,728,2,256,1,failure,0
9244,40,management,married,secondary,no,643,yes,no,cellular,17,apr,1613,2,256,1,success,1
9245,87,blue-collar,married,unknown,no,4979,no,no,telephone,6,apr,180,1,-1,0,unknown,0
9246,50,blue-collar,married,primary,no,4979,no,no,telephone,15,apr,180,1,-1,0,unknown,0
9247,34,admin.,divorced,secondary,no,75178,yes,no,cellular,12,may,515,2,350,5,failure,0
9248,34,admin.,divorced,secondary,no,479,yes,no,telephone,12,may,515,1,96,5,failure,0
9249,80,retired,married,primary,yes,997,no,no,cellular,6,oct,746,2,86,1,other,0
9250,80,technician,married,primary,no,997,no,no,cellular,29,sep,746,2,86,1,other,0
9251,77,management,married,unknown,no,1780,yes,no,cellular,23,oct,221,2,183,3,failure,0
9252,77,management,married,unknown,no,1780,yes,no,cellular,23,oct,221,7,183,3,failure,0
9253,30,technician,single,tertiary,no,50902,yes,no,telephone,5,jul,140,1,424,8,success,0
9254,30,technician,single,tertiary,no,0,yes,no,unknown,5,may,140,1,424,8,success,0
9255,58,admin.,single,secondary,no,731,no,no,cellular,14,apr,107,3,-1,0,unknown,0
9256,29,admin.,single,secondary,no,731,no,no,unknown,14,apr,107,3,-1,9,unknown,0
9257,43,self-employed,single,secondary,no,733,yes,yes,cellular,19,nov,1102,3,-1,0,unknown,0
9258,43,admin.,single,secondary,no,733,yes,no,cellular,19,nov,133,3,-1,22,unknown,0
9259,44,admin.,single,secondary,no,114,no,no,cellular,30,sep,517,1,-1,0,unknown,0
9260,22,admin.,single,secondary,no,114,no,no,cellular,17,feb,517,1,-1,0,unknown,0
9261,49,management,married,unknown,no,5887,no,no,cellular,4,dec,439,3,185,5,other,0
9262,49,technician,married,tertiary,no,5887,no,no,cellular,4,dec,100,3,185,5,success,0
9263,50,admin.,married,secondary,yes,3608,yes,no,cellular,13,nov,176,2,197,2,unknown,0
9264,50,admin.,married,secondary,no,3608,yes,no,cellular,13,nov,176,2,308,2,other,0
9265,58,technician,married,secondary,no,589,yes,no,cellular,10,feb,32,3,183,6,success,0
9266,58,technician,married,secondary,no,589,yes,no,cellular,21,feb,511,3,183,6,other,0
9267,65,blue-collar,married,secondary,no,696,yes,no,unknown,2,jun,815,1,-1,0,unknown,0
9268,83,technician,married,secondary,no,696,yes,no,unknown,2,jun,815,1,-1,0,unknown,0
9269,28,technician,single,secondary,no,5763,no,yes,telephone,5,dec,196,2,-1,0,unknown,0
9270,28,technician,single,secondary,no,5763,no,yes,telephone,5,jul,196,2,-1,0,unknown,0
9271,69,management,married,tertiary,no,260,no,no,cellular,7,aug,358,2,-1,0,unknown,1
9272,35,management,married,unknown,no,260,no,no,cellular,7,aug,1119,2,-1,0,unknown,1
9273,53,admin.,married,secondary,no,1373,no,no,cellular,5,aug,979,2,-1,0,other,1
9274,53,admin.,married,secondary,no,50620,no,no,cellular,5,aug,2372,2,-1,0,unknown,1
9275,33,admin.,divorced,unknown,no,2780,no,no,cellular,19,nov,485,4,-1,0,unknown,0
9276,33,admin.,married,unknown,no,27006,no,no,cellular,19,nov,485,11,-1,0,unknown,0
9277,54,management,married,secondary,no,1134,yes,no,cellular,25,jul,549,3,-1,0,unknown,0
9278,54,management,single,secondary,no,26916,yes,no,cellular,25,jul,1330,3,-1,0,unknown,0
9279,24,student,single,secondary,no,1250,no,no,cellular,25,sep,411,2,-1,0,failure,0
9280,24,student,single,secondary,no,1250,no,no,unknown,25,mar,200,2,-1,0,unknown,0
9281,52,blue-collar,married,tertiary,no,580,no,no,unknown,21,nov,965,2,-1,0,unknown,0
9282,52,blue-collar,married,secondary,no,580,no,no,cellular,21,nov,617,12,-1,0,unknown,0
9283,48,management,married,tertiary,no,4060,no,no,cellular,5,aug,331,2,-1,0,success,0
9284,48,management,married,tertiary,no,4060,no,no,cellular,19,aug,1129,2,-1,0,unknown,1
9285,35,technician,single,secondary,no,354,no,no,cellular,24,aug,444,3,93,0,unknown,0
9286,35,technician,single,secondary,no,354,no,no,cellular,11,aug,444,1,-1,0,unknown,0
9287,27,blue-collar,single,secondary,no,535,no,no,cellular,13,apr,159,1,87,3,failure,0
9288,58,blue-collar,single,secondary,no,535,no,no,cellular,13,may,159,1,371,3,success,0
9289,32,services,married,secondary,no,454,no,no,cellular,18,jul,978,1,-1,0,unknown,0
9290,32,services,divorced,secondary,no,454,yes,no,cellular,18,jul,131,1,-1,0,failure,0
9291,54,unemployed,divorced,secondary,no,1664,no,no,unknown,18,sep,106,1,105,3,success,0
9292,54,unemployed,divorced,secondary,no,1664,no,no,cellular,15,jul,106,1,86,3,success,0
9293,29,blue-collar,single,secondary,no,43449,yes,yes,cellular,30,apr,259,1,296,0,other,0
9294,29,blue-collar,single,secondary,no,734,yes,yes,cellular,30,apr,259,5,296,1,other,0
9295,56,blue-collar,married,secondary,no,20087,no,no,cellular,15,apr,389,2,-1,0,unknown,0
9296,31,blue-collar,married,secondary,no,180,no,no,cellular,15,apr,389,2,-1,0,other,0
9297,35,blue-collar,single,unknown,no,484,no,no,cellular,8,jul,12,1,87,3,success,0
9298,35,self-employed,single,unknown,no,484,no,no,cellular,8,jul,120,1,87,3,failure,0
9299,42,services,married,tertiary,no,4216,no,no,cellular,12,jan,186,2,-1,0,unknown,0
9300,42,services,married,tertiary,no,4216,no,no,cellular,18,jun,186,2,-1,0,failure,0
9301,22,student,single,secondary,no,185,no,no,telephone,8,jul,153,4,-1,0,unknown,0
9302,65,student,single,secondary,no,185,no,no,cellular,8,jul,153,1,-1,7,unknown,0
9303,65,technician,married,primary,no,1235,no,no,cellular,13,aug,354,3,-1,0,unknown,0
9304,72,technician,divorced,tertiary,no,1235,no,no,cellular,13,aug,354,3,-1,0,unknown,0
9305,59,management,divorced,unknown,no,258,yes,no,telephone,29,oct,266,23,-1,0,unknown,0
9306,59,management,divorced,tertiary,no,258,yes,no,telephone,29,sep,266,1,-1,0,unknown,0
9307,47,technician,married,secondary,no,568,yes,no,cellular,12,aug,143,1,-1,0,unknown,0
9308,47,technician,married,secondary,no,568,yes,no,cellular,12,aug,486,1,-1,0,unknown,0
9309,34,housemaid,married,tertiary,no,3050,yes,no,cellular,13,may,469,1,-1,0,unknown,0
9310,34,management,married,tertiary,no,3050,yes,no,cellular,20,may,469,10,-1,0,unknown,0
9311,36,technician,married,tertiary,no,4596,yes,no,cellular,8,oct,234,2,175,17,other,0
9312,36,technician,married,tertiary,no,4596,yes,no,cellular,8,oct,234,2,175,2,other,0
9313,59,self-employed,married,tertiary,yes,2013,no,no,cellular,19,feb,222,4,94,2,failure,0
9314,59,self-employed,married,primary,no,2013,no,no,cellular,19,feb,222,4,94,2,other,0
9315,45,blue-collar,divorced,unknown,no,594,yes,no,unknown,6,may,833,2,-1,0,unknown,0
9316,45,blue-collar,divorced,primary,no,594,no,no,unknown,29,mar,833,2,-1,0,unknown,0
9317,80,entrepreneur,single,secondary,no,315,no,no,unknown,11,feb,271,4,-1,0,unknown,0
9318,48,entrepreneur,single,secondary,no,315,no,no,telephone,11,feb,175,1,-1,0,unknown,0
9319,55,blue-collar,married,secondary,no,2678,no,yes,cellular,18,aug,1233,12,-1,0,unknown,1
9320,55,self-employed,married,secondary,no,2678,yes,yes,cellular,18,aug,1602,12,-1,0,unknown,1
9321,40,blue-collar,married,primary,no,0,yes,no,unknown,21,jul,1080,11,-1,0,unknown,0
9322,40,blue-collar,married,primary,no,0,yes,yes,cellular,21,jul,148,4,-1,0,unknown,0
9323,37,admin.,married,secondary,no,245,yes,yes,unknown,10,may,732,2,-1,0,unknown,0
9324,37,admin.,single,secondary,no,245,yes,yes,unknown,7,may,595,2,-1,0,unknown,0
9325,36,management,married,tertiary,no,-115,yes,no,cellular,16,apr,446,2,182,2,other,0
9326,36,management,married,tertiary,no,-115,yes,yes,cellular,16,dec,297,4,182,2,other,0
9327,40,admin.,single,secondary,no,664,no,no,cellular,21,jul,319,2,355,0,unknown,0
9328,40,admin.,single,secondary,no,664,no,no,cellular,21,jul,664,2,-1,0,unknown,0
9329,55,housemaid,married,primary,no,65107,yes,no,unknown,17,jul,1303,2,-1,0,unknown,0
9330,55,housemaid,married,tertiary,no,71417,yes,no,cellular,17,jul,1303,2,-1,0,unknown,0
9331,84,entrepreneur,married,secondary,no,81204,no,no,telephone,28,dec,46,1,313,2,other,0
9332,84,retired,married,secondary,no,81204,no,no,telephone,28,jul,81,1,313,2,other,0
9333,39,blue-collar,single,secondary,no,45980,yes,no,cellular,20,apr,462,1,135,1,failure,0
9334,39,blue-collar,single,secondary,no,1672,yes,no,cellular,20,apr,554,29,648,1,failure,0
9335,44,housemaid,single,secondary,no,733,yes,no,cellular,4,dec,360,2,105,5,unknown,0
9336,44,admin.,single,secondary,no,733,yes,no,cellular,25,dec,360,2,105,5,other,0
9337,31,services,divorced,primary,no,459,yes,no,cellular,20,may,623,1,293,1,failure,0
9338,31,services,divorced,primary,no,459,yes,no,cellular,7,may,115,1,293,1,success,0
9339,42,services,married,secondary,no,1376,yes,no,telephone,2,may,712,4,-1,0,unknown,0
9340,42,technician,married,secondary,no,1376,yes,no,cellular,2,sep,712,4,-1,0,unknown,0
9341,54,technician,married,secondary,no,2102,yes,no,cellular,5,apr,547,1,222,2,failure,0
9342,54,technician,divorced,secondary,no,2102,yes,no,cellular,5,apr,9,1,626,2,failure,0
9343,33,management,single,tertiary,no,16976,yes,no,cellular,29,jun,271,1,84,3,unknown,0
9344,33,management,single,tertiary,no,718,yes,no,cellular,29,jun,125,1,84,3,success,0
9345,33,blue-collar,married,primary,no,-3,yes,no,telephone,17,apr,1532,2,-1,0,unknown,1
9346,33,blue-collar,married,primary,no,-3,yes,no,telephone,17,apr,1160,2,-1,0,unknown,1
9347,58,blue-collar,married,secondary,no,25,no,no,unknown,9,jun,486,12,-1,0,failure,0
9348,58,blue-collar,single,secondary,no,25,no,no,unknown,9,jun,486,3,-1,0,success,0
9349,47,technician,married,secondary,no,7689,no,no,cellular,18,aug,439,4,-1,0,unknown,0
9350,47,technician,married,secondary,no,1219,no,no,cellular,18,aug,358,4,-1,0,unknown,0
9351,31,blue-collar,divorced,primary,no,216,yes,no,unknown,21,may,565,1,-1,1,unknown,0
9352,31,blue-collar,single,tertiary,no,216,yes,no,unknown,21,may,565,1,210,0,unknown,0
9353,40,unemployed,single,tertiary,no,7968,no,no,cellular,2,jun,350,1,-1,0,unknown,0
9354,62,unemployed,single,tertiary,no,7968,no,no,telephone,2,jun,596,1,-1,0,unknown,0
9355,35,management,divorced,tertiary,no,1723,no,no,cellular,25,jul,862,10,-1,0,unknown,0
9356,35,management,divorced,tertiary,no,1723,yes,no,telephone,25,jan,862,1,-1,0,unknown,0
9357,58,blue-collar,married,unknown,no,146,yes,no,unknown,15,may,483,1,-1,0,unknown,0
9358,44,blue-collar,married,unknown,no,146,yes,no,unknown,15,dec,483,1,-1,0,unknown,0
9359,37,admin.,divorced,secondary,no,506,yes,no,cellular,2,feb,446,2,804,1,failure,1
9360,37,admin.,divorced,secondary,no,506,yes,no,cellular,2,feb,1541,20,273,1,failure,1
9361,30,blue-collar,single,primary,no,253,no,no,cellular,5,may,259,1,184,0,unknown,0
9362,30,blue-collar,single,primary,no,253,yes,yes,cellular,5,may,259,1,-1,0,unknown,0
9363,34,admin.,divorced,tertiary,no,69,no,yes,cellular,25,nov,296,1,209,2,failure,0
9364,34,admin.,married,tertiary,no,69,yes,yes,cellular,25,aug,296,1,205,2,failure,0
9365,35,admin.,married,secondary,no,2374,yes,no,cellular,11,aug,84,5,183,5,success,0
9366,35,admin.,married,secondary,no,2374,yes,yes,cellular,11,aug,765,2,183,22,success,0
9367,42,management,single,tertiary,no,11891,no,no,cellular,26,apr,158,1,391,0,unknown,0
9368,42,management,single,tertiary,yes,-1921,no,no,cellular,6,apr,158,1,-1,0,unknown,0
9369,51,technician,married,secondary,no,43471,yes,yes,cellular,17,feb,88,1,-1,0,unknown,0
9370,51,technician,married,primary,no,196,no,yes,cellular,17,feb,88,1,-1,0,unknown,0
9371,35,retired,married,secondary,no,4112,no,no,telephone,26,jan,1616,1,95,2,other,0
9372,53,retired,married,secondary,no,4112,no,no,telephone,26,jan,1616,1,95,2,failure,0
9373,46,blue-collar,married,primary,no,809,no,no,cellular,4,aug,1272,1,-1,0,unknown,1
9374,46,blue-collar,married,primary,no,809,yes,no,cellular,4,aug,862,1,-1,0,unknown,1
9375,28,blue-collar,single,secondary,no,-46,yes,no,cellular,19,jun,154,2,294,12,success,0
9376,28,blue-collar,single,secondary,no,-46,yes,no,unknown,1,jun,154,2,398,12,success,0
9377,70,blue-collar,married,secondary,no,940,yes,yes,unknown,15,may,382,1,-1,0,unknown,0
9378,66,entrepreneur,married,secondary,no,940,yes,yes,cellular,15,may,382,1,-1,0,unknown,0
9379,48,management,married,secondary,no,0,no,yes,cellular,24,nov,1233,1,351,2,failure,0
9380,48,management,married,secondary,no,0,yes,yes,cellular,3,nov,585,1,351,2,failure,0
9381,33,services,single,secondary,no,55074,no,no,cellular,26,may,289,1,328,1,unknown,0
9382,33,services,single,secondary,no,2881,no,no,cellular,26,may,124,1,328,1,success,0
9383,55,management,married,tertiary,no,33,yes,no,cellular,30,jul,246,3,73,0,success,1
9384,55,management,married,tertiary,no,33,yes,no,cellular,30,jul,2062,3,-1,0,unknown,1
9385,39,blue-collar,single,primary,no,51236,yes,no,cellular,13,may,1975,5,-1,0,unknown,0
9386,63,blue-collar,single,primary,no,0,yes,yes,cellular,13,may,649,5,-1,0,unknown,0
9387,35,admin.,single,secondary,no,7984,yes,no,unknown,12,oct,483,1,-1,0,unknown,0
9388,35,admin.,single,secondary,no,163,yes,no,cellular,12,jun,483,1,270,0,unknown,0
9389,47,services,divorced,secondary,no,367,yes,no,cellular,22,jul,476,4,-1,0,unknown,0
9390,47,services,divorced,secondary,no,367,yes,no,cellular,10,jul,112,4,-1,0,unknown,0
9391,58,unemployed,single,secondary,no,687,yes,yes,cellular,30,apr,341,2,-1,0,unknown,0
9392,58,unemployed,married,secondary,no,24323,yes,no,cellular,30,apr,341,2,-1,0,unknown,0
9393,34,blue-collar,single,primary,no,-109,yes,yes,telephone,15,jul,860,4,-1,0,unknown,0
9394,34,unemployed,single,primary,no,-109,yes,no,unknown,15,jul,860,4,-1,0,unknown,0
9395,35,student,divorced,secondary,no,1085,no,no,cellular,5,jun,199,1,86,7,other,0
9396,35,admin.,divorced,unknown,no,1085,no,no,cellular,5,jun,199,1,86,7,failure,0
9397,32,retired,married,tertiary,no,3,no,no,cellular,6,aug,550,1,-1,0,unknown,0
9398,66,retired,married,tertiary,no,32155,no,no,cellular,6,aug,550,1,-1,0,unknown,0
9399,31,blue-collar,married,secondary,no,2,yes,no,unknown,20,may,81,2,-1,0,unknown,0
9400,31,blue-collar,married,secondary,no,-86,yes,no,unknown,20,may,414,2,-1,0,unknown,0
9401,63,retired,married,secondary,no,1612,no,no,telephone,17,feb,9,1,-1,0,unknown,0
9402,42,retired,married,secondary,no,1612,no,no,telephone,17,feb,233,2,-1,0,unknown,0
9403,58,entrepreneur,married,secondary,no,670,yes,no,cellular,12,may,187,3,-1,0,unknown,0
9404,58,entrepreneur,married,secondary,no,670,yes,no,unknown,12,may,512,1,-1,0,unknown,0
9405,30,management,single,tertiary,no,533,no,no,telephone,4,may,380,4,-1,0,unknown,0
9406,30,management,single,tertiary,no,68935,no,no,cellular,4,may,365,4,-1,0,unknown,0
9407,26,admin.,single,tertiary,no,313,no,yes,cellular,2,jun,199,1,96,2,failure,0
9408,26,admin.,single,tertiary,no,313,no,yes,cellular,2,oct,115,1,96,2,success,0
9409,33,blue-collar,single,unknown,no,129,yes,yes,cellular,30,nov,371,1,161,1,failure,0
9410,33,blue-collar,single,primary,no,55075,yes,yes,cellular,30,apr,482,1,161,1,failure,0
9411,42,technician,single,secondary,yes,-1129,no,no,unknown,22,jun,555,5,-1,0,unknown,0
9412,42,technician,single,secondary,yes,-1129,yes,yes,unknown,2,jun,555,5,-1,9,unknown,0
9413,37,management,single,tertiary,no,698,no,no,unknown,8,sep,1081,20,-1,0,unknown,0
9414,37,management,single,tertiary,no,698,no,no,cellular,8,jan,215,2,-1,0,unknown,0
9415,49,management,married,tertiary,yes,1167,yes,yes,cellular,25,jun,213,6,150,0,failure,0
9416,49,management,married,tertiary,no,1167,no,yes,cellular,25,jun,213,6,150,8,failure,0
9417,35,self-employed,single,secondary,no,5462,yes,no,cellular,2,nov,188,1,186,1,success,0
9418,35,self-employed,single,tertiary,no,5462,no,no,cellular,2,nov,188,25,186,1,failure,0
9419,46,technician,married,tertiary,no,0,yes,no,cellular,20,nov,531,1,167,13,failure,0
9420,46,technician,married,tertiary,no,0,no,no,cellular,22,nov,531,10,167,1,failure,0
9421,58,retired,divorced,tertiary,no,3687,yes,yes,unknown,16,jun,41,4,-1,0,unknown,0
9422,52,retired,divorced,tertiary,no,3687,yes,yes,unknown,16,jun,264,4,-1,0,unknown,0
9423,30,technician,married,secondary,no,776,no,no,cellular,25,apr,323,2,-1,0,unknown,0
9424,30,self-employed,married,secondary,no,776,no,no,cellular,30,apr,266,2,-1,0,unknown,0
9425,59,self-employed,married,tertiary,no,2013,no,no,cellular,15,nov,106,2,-1,0,unknown,0
9426,40,self-employed,married,tertiary,no,2013,yes,no,cellular,17,nov,409,2,-1,0,unknown,0
9427,47,admin.,single,secondary,no,1603,no,no,unknown,12,jan,758,4,-1,0,unknown,0
9428,47,admin.,single,secondary,no,3696,no,no,unknown,12,jan,758,4,-1,0,failure,0
9429,37,technician,single,tertiary,no,30187,no,no,cellular,9,apr,820,2,-1,0,unknown,0
9430,23,technician,single,tertiary,no,3315,yes,no,cellular,9,apr,820,2,-1,0,unknown,1
9431,34,admin.,single,secondary,no,124,yes,no,telephone,14,dec,604,4,366,2,other,0
9432,34,admin.,married,secondary,no,124,yes,no,telephone,14,may,205,4,366,11,other,0
9433,32,management,single,tertiary,no,506,no,no,unknown,5,mar,63,4,-1,0,unknown,0
9434,32,management,single,tertiary,no,506,no,no,telephone,5,mar,63,2,-1,0,other,0
9435,43,unemployed,married,primary,no,2160,no,no,cellular,2,jun,169,1,-1,0,unknown,0
9436,43,blue-collar,married,secondary,no,14881,yes,no,cellular,2,jun,169,1,-1,0,unknown,0
9437,41,blue-collar,married,secondary,no,2039,yes,no,cellular,15,may,451,1,169,2,failure,0
9438,49,retired,married,secondary,no,2039,yes,no,cellular,6,may,451,1,169,2,failure,0
9439,53,management,married,tertiary,no,1624,no,no,cellular,5,feb,158,3,648,2,unknown,0
9440,20,management,married,tertiary,no,1624,no,no,cellular,5,feb,90,3,-1,0,unknown,0
9441,43,housemaid,married,unknown,no,2021,no,no,cellular,26,feb,361,1,-1,0,unknown,0
9442,32,housemaid,married,unknown,no,2021,no,no,unknown,26,feb,361,1,-1,0,unknown,0
9443,28,self-employed,single,secondary,no,2503,no,no,cellular,25,may,426,25,-1,0,unknown,0
9444,28,self-employed,single,tertiary,no,-2440,no,no,cellular,25,may,426,3,-1,0,unknown,0
9445,30,student,single,secondary,no,1779,no,no,cellular,11,aug,55,5,433,1,success,0
9446,30,student,single,secondary,no,1779,no,no,cellular,11,aug,112,1,433,1,success,0
9447,56,management,married,tertiary,no,12356,yes,no,cellular,26,may,66,1,551,5,other,0
9448,56,management,married,tertiary,no,12356,yes,no,cellular,26,may,129,1,551,5,other,0
9449,46,unemployed,divorced,secondary,no,3354,no,no,cellular,19,nov,522,1,174,1,failure,0
9450,46,unemployed,divorced,secondary,no,3354,yes,no,cellular,19,apr,522,1,174,1,failure,0
9451,32,admin.,divorced,secondary,no,50688,no,yes,unknown,27,jun,856,2,-1,0,unknown,0
9452,32,self-employed,divorced,secondary,no,-241,no,no,unknown,27,jun,856,2,-1,0,unknown,0
9453,46,admin.,married,secondary,no,556,yes,yes,cellular,15,may,646,3,-1,0,unknown,0
9454,46,admin.,divorced,secondary,no,7117,yes,yes,unknown,15,may,646,3,-1,0,unknown,0
9455,58,retired,married,secondary,no,1080,yes,no,cellular,29,jul,631,2,-1,0,unknown,0
9456,58,retired,divorced,secondary,no,1080,yes,no,cellular,29,jul,405,2,-1,0,failure,0
9457,69,management,married,tertiary,no,1600,yes,no,cellular,18,nov,448,1,-1,0,unknown,1
9458,48,self-employed,married,tertiary,no,1600,no,no,cellular,18,mar,448,1,-1,0,unknown,1
9459,28,technician,divorced,secondary,no,0,yes,yes,cellular,18,may,390,5,-1,0,unknown,0
9460,28,admin.,single,primary,no,0,yes,yes,cellular,18,may,390,15,-1,0,unknown,0
9461,40,blue-collar,married,unknown,no,87,yes,no,cellular,13,may,88,3,-1,0,unknown,0
9462,40,blue-collar,married,unknown,no,64678,yes,no,unknown,13,may,477,3,-1,0,unknown,0
9463,57,blue-collar,divorced,primary,no,3109,no,no,cellular,15,sep,107,2,105,2,failure,0
9464,57,blue-collar,married,primary,no,3109,no,yes,cellular,15,aug,107,2,105,2,success,0
9465,58,blue-collar,married,unknown,no,4871,yes,no,unknown,14,may,895,2,-1,0,unknown,1
9466,58,blue-collar,married,unknown,no,4871,yes,no,unknown,14,may,1057,2,-1,0,unknown,0
9467,32,management,single,unknown,no,718,yes,no,cellular,29,dec,155,1,197,1,other,0
9468,32,student,single,tertiary,no,718,yes,no,cellular,29,dec,155,1,197,1,unknown,0
9469,21,blue-collar,married,primary,no,-172,yes,yes,cellular,15,oct,1789,1,361,3,failure,0
9470,21,blue-collar,married,primary,no,-172,yes,yes,cellular,15,may,409,1,361,3,unknown,0
9471,57,blue-collar,married,secondary,no,2887,no,no,unknown,28,aug,819,10,-1,0,unknown,0
9472,57,blue-collar,married,secondary,no,2887,no,no,cellular,21,aug,284,10,-1,14,unknown,0
9473,50,technician,married,secondary,no,3370,no,no,cellular,21,jun,160,2,-1,11,unknown,0
9474,50,technician,married,secondary,no,3370,no,no,telephone,6,jun,160,2,-1,0,unknown,0
9475,37,technician,married,secondary,no,0,no,no,telephone,5,aug,1032,1,-1,0,unknown,1
9476,37,unemployed,married,secondary,no,0,no,no,cellular,5,aug,998,1,-1,0,unknown,1
9477,34,management,single,tertiary,no,212,no,no,cellular,25,dec,278,8,-1,0,unknown,0
9478,34,management,single,tertiary,no,212,no,no,unknown,25,mar,278,8,246,0,unknown,0
9479,47,blue-collar,married,secondary,no,1230,yes,no,cellular,30,apr,498,1,169,1,other,0
9480,47,blue-collar,married,secondary,no,1230,yes,no,cellular,30,apr,70,1,391,1,success,0
9481,37,admin.,married,secondary,no,1314,yes,no,cellular,18,feb,118,9,210,3,failure,0
9482,37,admin.,married,secondary,no,1314,yes,no,cellular,3,feb,118,4,210,3,success,0
9483,26,blue-collar,single,secondary,no,26,yes,yes,cellular,15,oct,899,29,-1,0,unknown,0
9484,26,blue-collar,single,secondary,no,26,yes,yes,unknown,15,may,899,1,-1,9,unknown,0
9485,62,management,married,tertiary,no,997,no,no,cellular,22,apr,554,1,304,2,other,0
9486,62,management,married,tertiary,no,997,no,no,cellular,22,apr,30,1,304,2,success,0
9487,55,admin.,married,secondary,no,602,no,yes,cellular,7,sep,96,1,98,5,success,0
9488,55,admin.,married,secondary,no,602,no,no,cellular,7,may,350,1,98,5,unknown,0
9489,76,technician,married,tertiary,no,1293,no,no,cellular,3,sep,140,2,-1,0,unknown,0
9490,39,admin.,married,tertiary,no,1293,no,no,cellular,3,jun,140,2,854,0,unknown,0
